1 0.6366666666666667 0.6666666666666666 0.006666666666666667 0.006666666666666667
1 0.59 0.5866666666666667 0.006666666666666667 0.006666666666666667
1 0.8 0.56 0.04 0.013333333333333334
1 0.595 0.53 0.0033333333333333335 0.006666666666666667
1 0.575 0.49166666666666664 0.01 0.016666666666666666
1 0.7833333333333333 0.48333333333333334 0.02 0.006666666666666667
1 0.5133333333333333 0.48833333333333334 0.02 0.043333333333333335
1 0.59 0.455 0.013333333333333334 0.023333333333333334
1 0.58 0.44166666666666665 0.006666666666666667 0.01
1 0.5483333333333333 0.42833333333333334 0.0033333333333333335 0.0033333333333333335
1 0.5733333333333334 0.425 0.006666666666666667 0.016666666666666666
1 0.4533333333333333 0.4066666666666667 0.006666666666666667 0.006666666666666667
1 0.6316666666666667 0.4216666666666667 0.023333333333333334 0.043333333333333335
1 0.44166666666666665 0.3933333333333333 0.0033333333333333335 0.006666666666666667
1 0.745 0.385 0.0033333333333333335 0.0033333333333333335
1 0.5116666666666667 0.38666666666666666 0.0033333333333333335 0.006666666666666667
1 0.62 0.38 0.006666666666666667 0.02
1 0.605 0.38666666666666666 0.023333333333333334 0.03333333333333333
1 0.5166666666666667 0.3616666666666667 0.006666666666666667 0.01
1 0.6316666666666667 0.3433333333333333 0.01 0.013333333333333334
1 0.5833333333333334 0.35333333333333333 0.013333333333333334 0.04
1 0.59 0.33666666666666667 0.006666666666666667 0.013333333333333334
1 0.66 0.35 0.02666666666666667 0.05333333333333334
1 0.585 0.305 0.01 0.016666666666666666
1 0.645 0.295 0.023333333333333334 0.03
1 0.6233333333333333 0.265 0.013333333333333334 0.016666666666666666
1 0.8433333333333334 0.125 0.006666666666666667 0.0033333333333333335
1 0.825 0.11833333333333333 0.0033333333333333335 0.0033333333333333335
1 0.6766666666666666 0.09666666666666666 0.02 0.013333333333333334
1 0.5683333333333334 0.04833333333333333 0.0033333333333333335 0.0033333333333333335
1 0.795 0.03166666666666667 0.0033333333333333335 0.0033333333333333335
1 0.84 0.045 0.02666666666666667 0.03666666666666667
1 0.51 0.0016666666666666668 0.006666666666666667 0.0033333333333333335
1 0.5 0.5 1.0 1.0