1 0.6316666666666667 0.7933333333333333 0.01 0.006666666666666667
1 0.5 0.825 1.0 0.35
1 0.35333333333333333 0.555 0.03333333333333333 0.01
1 0.08666666666666667 0.2683333333333333 0.013333333333333334 0.01
1 0.1 0.235 0.013333333333333334 0.016666666666666666
1 0.13666666666666666 0.21666666666666667 0.03333333333333333 0.02666666666666667
1 0.30833333333333335 0.14333333333333334 0.01 0.006666666666666667
1 0.425 0.165 0.07 0.06333333333333334
1 0.6916666666666667 0.12 0.01 0.006666666666666667
1 0.2633333333333333 0.12166666666666667 0.02 0.016666666666666666
1 0.6783333333333333 0.11333333333333333 0.01 0.006666666666666667
1 0.6033333333333334 0.11666666666666667 0.03333333333333333 0.06
1 0.645 0.085 0.023333333333333334 0.016666666666666666
1 0.24666666666666667 0.08333333333333333 0.02 0.013333333333333334
1 0.205 0.07833333333333334 0.0033333333333333335 0.0033333333333333335
1 0.69 0.085 0.02 0.023333333333333334
1 0.5 0.48 1.0 0.8333333333333334
1 0.84 0.05 0.013333333333333334 0.013333333333333334
1 0.8133333333333334 0.035 0.03333333333333333 0.01
1 0.7816666666666666 0.03166666666666667 0.01 0.01
1 0.7516666666666667 0.021666666666666667 0.016666666666666666 0.01
1 0.575 0.02 0.016666666666666666 0.013333333333333334
1 0.6616666666666666 0.03333333333333333 0.15 0.06666666666666667
1 0.55 0.01 0.04 0.02
1 0.21166666666666667 0.05333333333333334 0.42333333333333334 0.10666666666666667