1 0.06 0.89 0.006666666666666667 0.013333333333333334
1 0.19166666666666668 0.8316666666666667 0.0033333333333333335 0.0033333333333333335
1 0.20666666666666667 0.8283333333333334 0.006666666666666667 0.0033333333333333335
1 0.22 0.735 0.013333333333333334 0.016666666666666666
1 0.04 0.71 0.006666666666666667 0.013333333333333334
1 0.035 0.6616666666666666 0.01 0.03
1 0.025 0.6116666666666667 0.016666666666666666 0.056666666666666664
1 0.6083333333333333 0.515 0.023333333333333334 0.016666666666666666
1 0.6683333333333333 0.4766666666666667 0.016666666666666666 0.02
1 0.295 0.4033333333333333 0.016666666666666666 0.05333333333333334
1 0.37333333333333335 0.375 0.07333333333333333 0.07666666666666666
1 0.9833333333333333 0.28 0.013333333333333334 0.02666666666666667
1 0.7433333333333333 0.2733333333333333 0.006666666666666667 0.07333333333333333
1 0.745 0.18666666666666668 0.0033333333333333335 0.05333333333333334
1 0.5 0.565 1.0 0.87
1 0.765 0.17 0.03 0.34
1 0.7466666666666667 0.065 0.006666666666666667 0.13
1 0.5383333333333333 0.26666666666666666 0.37 0.5333333333333333