1 0.03833333333333333 0.19166666666666668 0.0033333333333333335 0.0033333333333333335
1 0.018333333333333333 0.19 0.01 0.006666666666666667
1 0.058333333333333334 0.17333333333333334 0.016666666666666666 0.02
1 0.07333333333333333 0.16333333333333333 0.006666666666666667 0.006666666666666667
1 0.03833333333333333 0.14833333333333334 0.03 0.023333333333333334
1 0.043333333333333335 0.11333333333333333 0.013333333333333334 0.02
1 0.043333333333333335 0.08166666666666667 0.006666666666666667 0.0033333333333333335
1 0.011666666666666667 0.09666666666666666 0.023333333333333334 0.06
1 0.018333333333333333 0.05333333333333334 0.01 0.02
1 0.005 0.028333333333333332 0.01 0.0033333333333333335
1 0.5 0.5 1.0 1.0