1 0.5616666666666666 0.9916666666666667 0.0033333333333333335 0.0033333333333333335
1 0.9266666666666666 0.795 0.013333333333333334 0.023333333333333334
1 0.9383333333333334 0.7833333333333333 0.0033333333333333335 0.006666666666666667
1 0.9083333333333333 0.775 0.0033333333333333335 0.0033333333333333335
1 0.9 0.7716666666666666 0.006666666666666667 0.0033333333333333335
1 0.9733333333333334 0.7583333333333333 0.006666666666666667 0.0033333333333333335
1 0.9416666666666667 0.7616666666666667 0.03 0.023333333333333334
1 0.9016666666666666 0.745 0.016666666666666666 0.01
1 0.935 0.7333333333333333 0.01 0.006666666666666667
1 0.9966666666666667 0.7233333333333334 0.006666666666666667 0.006666666666666667
1 0.9833333333333333 0.7183333333333334 0.006666666666666667 0.0033333333333333335
1 0.8983333333333333 0.7016666666666667 0.0033333333333333335 0.0033333333333333335
1 0.9733333333333334 0.7033333333333334 0.02 0.013333333333333334
1 0.995 0.695 0.01 0.03
1 0.008333333333333333 0.6416666666666667 0.016666666666666666 0.023333333333333334
1 0.12833333333333333 0.3933333333333333 0.023333333333333334 0.02666666666666667
1 0.265 0.22333333333333333 0.023333333333333334 0.02666666666666667
1 0.24666666666666667 0.20666666666666667 0.006666666666666667 0.006666666666666667
1 0.013333333333333334 0.22666666666666666 0.02666666666666667 0.04666666666666667
1 0.23666666666666666 0.19166666666666668 0.02 0.016666666666666666
1 0.006666666666666667 0.07333333333333333 0.013333333333333334 0.02
1 0.9966666666666667 0.04833333333333333 0.006666666666666667 0.01
1 0.9933333333333333 0.035 0.006666666666666667 0.0033333333333333335
1 0.9616666666666667 0.04 0.01 0.013333333333333334
1 0.006666666666666667 0.02666666666666667 0.013333333333333334 0.04
1 0.9883333333333333 0.008333333333333333 0.023333333333333334 0.016666666666666666
1 0.805 0.01 0.01 0.02
1 0.5 0.5 1.0 1.0