1 0.675 0.7316666666666667 0.03 0.12333333333333334
1 0.17333333333333334 0.5166666666666667 0.006666666666666667 0.006666666666666667
1 0.165 0.4866666666666667 0.01 0.013333333333333334
1 0.08166666666666667 0.43666666666666665 0.16333333333333333 0.14666666666666667
1 0.008333333333333333 0.345 0.016666666666666666 0.016666666666666666
1 0.14333333333333334 0.27 0.006666666666666667 0.006666666666666667
1 0.10833333333333334 0.30666666666666664 0.13 0.1
1 0.29833333333333334 0.365 0.25 0.25
1 0.005 0.22 0.01 0.14666666666666667
1 0.5 0.5 1.0 1.0
1 0.0016666666666666668 0.0016666666666666668 0.0033333333333333335 0.0033333333333333335