1 0.49330357142857145 0.8843333333333333 0.0008928571428571428 0.0006666666666666666
1 0.48839285714285713 0.8826666666666667 0.0035714285714285713 0.0013333333333333333
1 0.4816964285714286 0.88 0.00625 0.0026666666666666666
1 0.4705357142857143 0.8743333333333333 0.010714285714285714 0.006
1 0.45089285714285715 0.8623333333333333 0.0125 0.008666666666666666
1 0.434375 0.8496666666666667 0.0008928571428571428 0.0006666666666666666
1 0.45625 0.613 0.0017857142857142857 0.0006666666666666666
1 0.446875 0.613 0.013392857142857142 0.002
1 0.37455357142857143 0.5993333333333334 0.05625 0.004
1 0.35535714285714287 0.595 0.017857142857142856 0.0033333333333333335
1 0.3892857142857143 0.5926666666666667 0.0017857142857142857 0.0013333333333333333
1 0.37142857142857144 0.5933333333333334 0.0125 0.0026666666666666666
1 0.3508928571428571 0.5843333333333334 0.008928571428571428 0.004666666666666667
1 0.3723214285714286 0.5826666666666667 0.0125 0.0026666666666666666
1 0.3611607142857143 0.583 0.008035714285714285 0.0033333333333333335
1 0.3522321428571429 0.5786666666666667 0.011607142857142858 0.0026666666666666666
1 0.37142857142857144 0.5773333333333334 0.008928571428571428 0.0026666666666666666
1 0.403125 0.576 0.0008928571428571428 0.0013333333333333333
1 0.36428571428571427 0.5713333333333334 0.0017857142857142857 0.0013333333333333333
1 0.35044642857142855 0.5676666666666667 0.008035714285714285 0.002
1 0.37098214285714287 0.5666666666666667 0.008035714285714285 0.0013333333333333333
1 0.38973214285714286 0.5636666666666666 0.0026785714285714286 0.0033333333333333335
1 0.3517857142857143 0.5623333333333334 0.008928571428571428 0.002
1 0.37142857142857144 0.561 0.008928571428571428 0.002
1 0.3892857142857143 0.56 0.0017857142857142857 0.0013333333333333333
1 0.27098214285714284 0.11433333333333333 0.0008928571428571428 0.0006666666666666666
1 0.2825892857142857 0.10933333333333334 0.0026785714285714286 0.0013333333333333333
1 0.4205357142857143 0.098 0.007142857142857143 0.0013333333333333333