1 0.4766666666666667 0.9033333333333333 0.006666666666666667 0.006666666666666667
1 0.475 0.735 0.023333333333333334 0.016666666666666666
1 0.5433333333333333 0.635 0.04666666666666667 0.06333333333333334
1 0.6716666666666666 0.47 0.01 0.02
1 0.43833333333333335 0.2833333333333333 0.0033333333333333335 0.006666666666666667
1 0.49333333333333335 0.22833333333333333 0.02666666666666667 0.023333333333333334
1 0.805 0.095 0.0033333333333333335 0.0033333333333333335
1 0.9166666666666666 0.016666666666666666 0.11333333333333333 0.03333333333333333
1 0.8183333333333334 0.005 0.01 0.01
1 0.765 0.025 0.03666666666666667 0.05
1 0.705 0.03 0.043333333333333335 0.06
1 0.6766666666666666 0.013333333333333334 0.02666666666666667 0.02666666666666667
1 0.5 0.5 1.0 1.0