1 0.016666666666666666 0.78 0.03333333333333333 0.013333333333333334
1 0.018333333333333333 0.745 0.016666666666666666 0.01
1 0.028333333333333332 0.7 0.0033333333333333335 0.006666666666666667
1 0.005 0.7116666666666667 0.01 0.03
1 0.06666666666666667 0.6716666666666666 0.02666666666666667 0.01
1 0.018333333333333333 0.67 0.016666666666666666 0.02666666666666667
1 0.0033333333333333335 0.645 0.006666666666666667 0.01
1 0.058333333333333334 0.6 0.01 0.006666666666666667
1 0.3433333333333333 0.27 0.006666666666666667 0.006666666666666667
1 0.53 0.22833333333333333 0.006666666666666667 0.0033333333333333335
1 0.395 0.24166666666666667 0.09 0.056666666666666664
1 0.4583333333333333 0.20833333333333334 0.03 0.016666666666666666
1 0.5016666666666667 0.18333333333333332 0.03666666666666667 0.02666666666666667
1 0.555 0.15333333333333332 0.01 0.006666666666666667
1 0.9666666666666667 0.005 0.02 0.01
1 0.5 0.5 1.0 1.0