1 0.22666666666666666 0.9883333333333333 0.04 0.023333333333333334
1 0.40166666666666667 0.9166666666666666 0.01 0.006666666666666667
1 0.5183333333333333 0.9383333333333334 0.07 0.06333333333333334
1 0.7833333333333333 0.8933333333333333 0.006666666666666667 0.006666666666666667
1 0.3566666666666667 0.895 0.02 0.016666666666666666
1 0.735 0.93 0.53 0.14
1 0.6966666666666667 0.89 0.03333333333333333 0.06
1 0.7366666666666667 0.8583333333333333 0.02 0.016666666666666666
1 0.3416666666666667 0.8566666666666667 0.023333333333333334 0.013333333333333334
1 0.29833333333333334 0.8516666666666667 0.0033333333333333335 0.0033333333333333335
1 0.7833333333333333 0.8583333333333333 0.02 0.023333333333333334
1 0.9333333333333333 0.825 0.013333333333333334 0.01
1 0.905 0.8083333333333333 0.03 0.01
1 0.8733333333333333 0.805 0.013333333333333334 0.01
1 0.845 0.795 0.016666666666666666 0.01
1 0.6483333333333333 0.7883333333333333 0.05 0.03
1 0.7316666666666667 0.7533333333333333 0.016666666666666666 0.013333333333333334
1 0.7583333333333333 0.7866666666666666 0.14333333333333334 0.11333333333333333
1 0.8533333333333334 0.7116666666666667 0.013333333333333334 0.01
1 0.5 0.45166666666666666 1.0 0.9033333333333333