5 0.8589041095890411 0.7856164383561643 0.0027397260273972603 0.0013698630136986301
5 0.8643835616438356 0.7842465753424658 0.0027397260273972603 0.0013698630136986301
5 0.8691780821917808 0.7828767123287671 0.00410958904109589 0.0013698630136986301
5 0.008904109589041096 0.7589041095890411 0.009589041095890411 0.005479452054794521
5 0.7897260273972603 0.7513698630136987 0.00410958904109589 0.0013698630136986301
5 0.7719178082191781 0.75 0.00410958904109589 0.0013698630136986301
5 0.8554794520547945 0.7143835616438357 0.0013698630136986301 0.0013698630136986301
5 0.0636986301369863 0.7308219178082191 0.1273972602739726 0.06712328767123288
5 0.5013698630136987 0.6760273972602739 0.0027397260273972603 0.0013698630136986301
5 0.9465753424657535 0.7136986301369863 0.10684931506849316 0.07945205479452055
5 0.5034246575342466 0.7171232876712329 0.2589041095890411 0.1
5 0.7623287671232877 0.5013698630136987 0.33835616438356164 0.07945205479452055
5 0.12191780821917808 0.43082191780821916 0.0027397260273972603 0.0013698630136986301
5 0.2513698630136986 0.37945205479452054 0.31095890410958904 0.12054794520547946
5 0.16027397260273973 0.11575342465753424 0.1726027397260274 0.09178082191780822
5 0.2273972602739726 0.06438356164383562 0.021917808219178082 0.021917808219178082
5 0.09178082191780822 0.11232876712328767 0.1095890410958904 0.14794520547945206