5 0.825 0.85625 0.003125 0.004166666666666667
5 0.8421875 0.465625 0.00625 0.00625
5 0.8359375 0.39375 0.0125 0.016666666666666666
5 0.509375 0.3072916666666667 0.00625 0.00625
5 0.540625 0.30520833333333336 0.009375 0.00625
5 0.55625 0.2947916666666667 0.003125 0.00625
5 0.51171875 0.284375 0.0015625 0.0020833333333333333
5 0.47890625 0.284375 0.0015625 0.0020833333333333333
5 0.540625 0.28229166666666666 0.009375 0.00625
5 0.5046875 0.3458333333333333 0.20625 0.25
5 0.4265625 0.26145833333333335 0.071875 0.09375