5 0.6283333333333333 0.714 0.019333333333333334 0.005333333333333333
5 0.6816666666666666 0.709 0.0006666666666666666 0.0006666666666666666
5 0.613 0.6993333333333334 0.01 0.005333333333333333
5 0.6246666666666667 0.6923333333333334 0.0026666666666666666 0.004666666666666667
5 0.6473333333333333 0.6773333333333333 0.004 0.0026666666666666666
5 0.722 0.5943333333333334 0.0013333333333333333 0.004666666666666667
5 0.8903333333333333 0.556 0.0006666666666666666 0.0013333333333333333
5 0.623 0.534 0.0033333333333333335 0.0026666666666666666
5 0.668 0.525 0.0026666666666666666 0.002
5 0.6493333333333333 0.5253333333333333 0.0013333333333333333 0.004
5 0.6463333333333333 0.5216666666666666 0.0006666666666666666 0.0006666666666666666
5 0.6783333333333333 0.5123333333333333 0.004666666666666667 0.0033333333333333335
5 0.7663333333333333 0.328 0.014 0.004
5 0.7833333333333333 0.3243333333333333 0.017333333333333333 0.004666666666666667
5 0.8143333333333334 0.31733333333333336 0.03666666666666667 0.009333333333333334
5 0.8376666666666667 0.31166666666666665 0.008666666666666666 0.002
5 0.8466666666666667 0.30966666666666665 0.0013333333333333333 0.0006666666666666666
5 0.9073333333333333 0.31466666666666665 0.04133333333333333 0.013333333333333334
5 0.8556666666666667 0.30633333333333335 0.007333333333333333 0.0033333333333333335
5 0.8743333333333333 0.301 0.0006666666666666666 0.0006666666666666666
5 0.8766666666666667 0.30033333333333334 0.0026666666666666666 0.0006666666666666666
5 0.891 0.2966666666666667 0.0033333333333333335 0.0013333333333333333
5 0.9043333333333333 0.29233333333333333 0.004666666666666667 0.002
5 0.9126666666666666 0.29033333333333333 0.005333333333333333 0.002
5 0.9183333333333333 0.2876666666666667 0.004666666666666667 0.002
5 0.9316666666666666 0.28633333333333333 0.01 0.015333333333333332
5 0.401 0.15366666666666667 0.0006666666666666666 0.0006666666666666666
5 0.484 0.503 0.9 0.7313333333333333