5 0.6556240369799692 0.8933717579250721 0.01078582434514638 0.005763688760806916
5 0.7203389830508474 0.861671469740634 0.004622496147919877 0.011527377521613832
5 0.12557781201849 0.7953890489913544 0.0015408320493066256 0.005763688760806916
5 0.2049306625577812 0.7780979827089337 0.0061633281972265025 0.01729106628242075
5 0.10939907550077041 0.7824207492795389 0.02157164869029276 0.025936599423631124
5 0.24499229583975346 0.7853025936599424 0.05238828967642527 0.037463976945244955
5 0.7873651771956857 0.7348703170028819 0.0030816640986132513 0.005763688760806916
5 0.24268104776579352 0.7276657060518732 0.0015408320493066256 0.002881844380403458
5 0.12172573189522343 0.707492795389049 0.0030816640986132513 0.002881844380403458
5 0.17719568567026195 0.7175792507204611 0.02465331278890601 0.02881844380403458
5 0.1440677966101695 0.7146974063400576 0.03543913713405239 0.023054755043227664
5 0.7981510015408321 0.6858789625360231 0.0061633281972265025 0.011527377521613832
5 0.15870570107858242 0.6801152737752162 0.030816640986132512 0.005763688760806916
5 0.10631741140215717 0.6570605187319885 0.009244992295839754 0.011527377521613832
5 0.12557781201849 0.622478386167147 0.01078582434514638 0.011527377521613832
5 0.11633281972265024 0.6051873198847262 0.01386748844375963 0.011527377521613832
5 0.39907550077041604 0.6181556195965417 0.06779661016949153 0.04899135446685879
5 0.10708782742681047 0.6066282420749279 0.01386748844375963 0.025936599423631124
5 0.16101694915254236 0.5850144092219021 0.026194144838212634 0.005763688760806916
5 0.11325115562403698 0.5677233429394812 0.004622496147919877 0.005763688760806916
5 0.10477657935285054 0.5634005763688761 0.0061633281972265025 0.008645533141210375
5 0.7534668721109399 0.5648414985590778 0.015408320493066256 0.01729106628242075
5 0.1016949152542373 0.547550432276657 0.0030816640986132513 0.005763688760806916
5 0.11171032357473036 0.5201729106628242 0.026194144838212634 0.020172910662824207
5 0.7596302003081664 0.46829971181556196 0.02773497688751926 0.03170028818443804
5 0.6787365177195686 0.45677233429394815 0.004622496147919877 0.01440922190201729
5 0.2727272727272727 0.5936599423631124 0.27426810477657937 0.29394812680115273
5 0.35130970724191063 0.4755043227665706 0.015408320493066256 0.08069164265129683
5 0.7311248073959938 0.42219020172910665 0.0015408320493066256 0.002881844380403458
5 0.20184899845916796 0.44812680115273773 0.012326656394453005 0.07780979827089338
5 0.7311248073959938 0.3645533141210375 0.0015408320493066256 0.008645533141210375
5 0.825115562403698 0.5043227665706052 0.15870570107858242 0.3285302593659942
5 0.3436055469953775 0.35878962536023057 0.0061633281972265025 0.04899135446685879
5 0.6848998459167951 0.329971181556196 0.0015408320493066256 0.008645533141210375
5 0.9036979969183359 0.276657060518732 0.023112480739599383 0.09798270893371758
5 0.1802773497688752 0.3400576368876081 0.20647149460708783 0.2420749279538905
5 0.37519260400616333 0.1628242074927954 0.0015408320493066256 0.002881844380403458
5 0.6563944530046225 0.5273775216138329 0.4899845916795069 0.8357348703170029