5 0.34228515625 0.94775390625 0.1396484375 0.0712890625
5 0.59814453125 0.9091796875 0.0341796875 0.119140625
5 0.76416015625 0.8974609375 0.0693359375 0.099609375
5 0.54345703125 0.83740234375 0.0029296875 0.0029296875
5 0.7021484375 0.82177734375 0.00390625 0.0087890625
5 0.67529296875 0.8056640625 0.0478515625 0.1171875
5 0.52685546875 0.7958984375 0.0361328125 0.115234375
5 0.78076171875 0.82861328125 0.1123046875 0.2822265625
5 0.173828125 0.6015625 0.025390625 0.236328125
5 0.8271484375 0.44189453125 0.0234375 0.0908203125
5 0.29150390625 0.4755859375 0.2529296875 0.8984375
5 0.82470703125 0.033203125 0.0263671875 0.021484375