5 0.608 0.9773333333333334 0.042666666666666665 0.04533333333333334
5 0.5773333333333334 0.974 0.034666666666666665 0.052
5 0.628 0.948 0.0026666666666666666 0.0026666666666666666
5 0.548 0.9733333333333334 0.034666666666666665 0.05333333333333334
5 0.5146666666666667 0.9673333333333334 0.042666666666666665 0.06533333333333333
5 0.478 0.966 0.04133333333333333 0.068
5 0.5706666666666667 0.9333333333333333 0.005333333333333333 0.005333333333333333
5 0.43933333333333335 0.962 0.044 0.076
5 0.5046666666666667 0.9213333333333333 0.012 0.021333333333333333
5 0.4673333333333333 0.916 0.009333333333333334 0.013333333333333334
5 0.41133333333333333 0.908 0.0013333333333333333 0.0026666666666666666
5 0.376 0.9453333333333334 0.06666666666666667 0.10933333333333334
5 0.4126666666666667 0.9446666666666667 0.07066666666666667 0.11066666666666666
5 0.41333333333333333 0.884 0.0026666666666666666 0.0026666666666666666
5 0.4033333333333333 0.878 0.009333333333333334 0.006666666666666667
5 0.46066666666666667 0.866 0.004 0.004
5 0.352 0.8546666666666667 0.0026666666666666666 0.005333333333333333
5 0.5793333333333334 0.83 0.004 0.004
5 0.3586666666666667 0.8286666666666667 0.018666666666666668 0.03333333333333333
5 0.5533333333333333 0.8093333333333333 0.005333333333333333 0.005333333333333333
5 0.5233333333333333 0.7873333333333333 0.006666666666666667 0.006666666666666667
5 0.3373333333333333 0.7766666666666666 0.0026666666666666666 0.004
5 0.49266666666666664 0.7673333333333333 0.0013333333333333333 0.0013333333333333333
5 0.34 0.768 0.0026666666666666666 0.0026666666666666666
5 0.32666666666666666 0.7193333333333334 0.005333333333333333 0.017333333333333333
5 0.3313333333333333 0.702 0.0013333333333333333 0.0013333333333333333
5 0.19066666666666668 0.84 0.38133333333333336 0.32
5 0.20066666666666666 0.658 0.014666666666666666 0.006666666666666667
5 0.826 0.664 0.006666666666666667 0.04533333333333334
5 0.856 0.624 0.0026666666666666666 0.005333333333333333
5 0.854 0.618 0.0013333333333333333 0.004
5 0.634 0.36333333333333334 0.0013333333333333333 0.0013333333333333333
5 0.6006666666666667 0.3466666666666667 0.004 0.0026666666666666666
5 0.522 0.318 0.0013333333333333333 0.0013333333333333333
5 0.54 0.5346666666666666 0.64 0.43733333333333335
5 0.5053333333333333 0.314 0.0026666666666666666 0.0013333333333333333
5 0.31333333333333335 0.31533333333333335 0.010666666666666666 0.004
5 0.48 0.30866666666666664 0.0026666666666666666 0.0013333333333333333
5 0.33 0.30866666666666664 0.0013333333333333333 0.0013333333333333333