5 0.8726027397260274 0.9534246575342465 0.010958904109589041 0.030136986301369864
5 0.9 0.936986301369863 0.005479452054794521 0.010958904109589041
5 0.8726027397260274 0.9178082191780822 0.01643835616438356 0.01643835616438356
5 0.8938356164383562 0.8897260273972603 0.009589041095890411 0.00410958904109589
5 0.8664383561643836 0.876027397260274 0.0013698630136986301 0.0013698630136986301
5 0.9472602739726027 0.934931506849315 0.09726027397260274 0.12465753424657534
5 0.8472602739726027 0.8746575342465753 0.00684931506849315 0.00684931506849315
5 0.6465753424657534 0.8636986301369863 0.021917808219178082 0.00410958904109589
5 0.5595890410958904 0.8157534246575342 0.0013698630136986301 0.0013698630136986301
5 0.4534246575342466 0.8006849315068493 0.0027397260273972603 0.0013698630136986301
5 0.2965753424657534 0.7883561643835616 0.0013698630136986301 0.0013698630136986301
5 0.5020547945205479 0.8013698630136986 0.0863013698630137 0.049315068493150684
5 0.6431506849315068 0.7383561643835617 0.00410958904109589 0.005479452054794521
5 0.6506849315068494 0.7602739726027398 0.03287671232876712 0.09041095890410959
5 0.6486301369863013 0.708904109589041 0.00410958904109589 0.012328767123287671
5 0.2404109589041096 0.6828767123287671 0.0013698630136986301 0.0013698630136986301
5 0.3376712328767123 0.6472602739726028 0.06712328767123288 0.009589041095890411
5 0.5616438356164384 0.6294520547945206 0.0027397260273972603 0.0013698630136986301
5 0.5678082191780822 0.6013698630136987 0.009589041095890411 0.0027397260273972603
5 0.5568493150684931 0.5993150684931506 0.00410958904109589 0.0013698630136986301
5 0.41643835616438357 0.6116438356164383 0.04657534246575343 0.045205479452054796
5 0.23904109589041095 0.586986301369863 0.0013698630136986301 0.0013698630136986301
5 0.6657534246575343 0.5801369863013699 0.0027397260273972603 0.0013698630136986301
5 0.6527397260273973 0.576027397260274 0.009589041095890411 0.00410958904109589
5 0.08835616438356164 0.5664383561643835 0.0013698630136986301 0.0013698630136986301
5 0.8705479452054794 0.571917808219178 0.026027397260273973 0.02054794520547945
5 0.22465753424657534 0.5376712328767124 0.00821917808219178 0.00410958904109589
5 0.14315068493150684 0.5349315068493151 0.0013698630136986301 0.0013698630136986301
5 0.23013698630136986 0.5335616438356164 0.00821917808219178 0.00410958904109589
5 0.14931506849315068 0.5075342465753425 0.0027397260273972603 0.0013698630136986301
5 0.6315068493150685 0.5582191780821918 0.17534246575342466 0.11643835616438356
5 0.45958904109589044 0.7465753424657534 0.9191780821917809 0.5068493150684932
5 0.22397260273972602 0.48835616438356166 0.0013698630136986301 0.0013698630136986301
5 0.21986301369863015 0.4863013698630137 0.00410958904109589 0.0027397260273972603
5 0.4828767123287671 0.36027397260273974 0.02054794520547945 0.024657534246575342