5 0.35125 0.77125 0.0008333333333333334 0.0008333333333333334
5 0.3466666666666667 0.76 0.0016666666666666668 0.0016666666666666668
5 0.3433333333333333 0.7583333333333333 0.0016666666666666668 0.0016666666666666668
5 0.3425 0.7508333333333334 0.011666666666666667 0.01
5 0.32875 0.7216666666666667 0.0225 0.021666666666666667
5 0.3 0.6995833333333333 0.0016666666666666668 0.0025
5 0.35625 0.6979166666666666 0.0008333333333333334 0.0008333333333333334
5 0.06333333333333334 0.6991666666666667 0.0033333333333333335 0.006666666666666667
5 0.9466666666666667 0.69125 0.0016666666666666668 0.0008333333333333334
5 0.05416666666666667 0.7195833333333334 0.05 0.059166666666666666
5 0.9370833333333334 0.7091666666666666 0.05583333333333333 0.051666666666666666
5 0.33708333333333335 0.6816666666666666 0.0008333333333333334 0.0016666666666666668
5 0.9329166666666666 0.6816666666666666 0.0025 0.0033333333333333335
5 0.06125 0.6820833333333334 0.0075 0.024166666666666666
5 0.30916666666666665 0.6879166666666666 0.03666666666666667 0.049166666666666664
5 0.9320833333333334 0.67125 0.009166666666666667 0.019166666666666665
5 0.33541666666666664 0.6704166666666667 0.004166666666666667 0.019166666666666665
5 0.9216666666666666 0.6583333333333333 0.0016666666666666668 0.006666666666666667
5 0.19291666666666665 0.6541666666666667 0.004166666666666667 0.0016666666666666668
5 0.04375 0.6541666666666667 0.0008333333333333334 0.0016666666666666668
5 0.92375 0.6504166666666666 0.0008333333333333334 0.0008333333333333334
5 0.9258333333333333 0.64375 0.0016666666666666668 0.004166666666666667
5 0.19375 0.67625 0.03916666666666667 0.06916666666666667
5 0.6141666666666666 0.64125 0.0016666666666666668 0.0025
5 0.7825 0.6625 0.055 0.06
5 0.7679166666666667 0.6316666666666667 0.0008333333333333334 0.0016666666666666668
5 0.5983333333333334 0.63125 0.0016666666666666668 0.0025
5 0.60125 0.6279166666666667 0.0008333333333333334 0.0008333333333333334
5 0.9441666666666667 0.6325 0.021666666666666667 0.011666666666666667
5 0.5991666666666666 0.6266666666666667 0.0016666666666666668 0.0016666666666666668
5 0.5958333333333333 0.6266666666666667 0.0016666666666666668 0.0016666666666666668
5 0.7754166666666666 0.6291666666666667 0.009166666666666667 0.025
5 0.05458333333333333 0.63125 0.034166666666666665 0.0425
5 0.9545833333333333 0.6091666666666666 0.009166666666666667 0.005
5 0.7920833333333334 0.6075 0.0008333333333333334 0.0016666666666666668
5 0.060833333333333336 0.6104166666666667 0.011666666666666667 0.009166666666666667
5 0.9354166666666667 0.6204166666666666 0.0175 0.034166666666666665
5 0.02625 0.6016666666666667 0.0075 0.021666666666666667
5 0.3408333333333333 0.58625 0.03166666666666667 0.014166666666666666
5 0.19625 0.5966666666666667 0.030833333333333334 0.05
5 0.9729166666666667 0.5883333333333334 0.010833333333333334 0.043333333333333335
5 0.20458333333333334 0.5695833333333333 0.010833333333333334 0.0075
5 0.7783333333333333 0.5979166666666667 0.035 0.0775
5 0.9675 0.5620833333333334 0.008333333333333333 0.009166666666666667
5 0.03625 0.5616666666666666 0.0075 0.008333333333333333
5 0.6766666666666666 0.5295833333333333 0.0016666666666666668 0.0025
5 0.31 0.53375 0.19 0.059166666666666666
5 0.41083333333333333 0.5029166666666667 0.0016666666666666668 0.0008333333333333334
5 0.5475 0.4970833333333333 0.0016666666666666668 0.0008333333333333334
5 0.47541666666666665 0.6454166666666666 0.3358333333333333 0.2991666666666667
5 0.6683333333333333 0.4683333333333333 0.0033333333333333335 0.005
5 0.5175 0.43 0.01 0.0033333333333333335
5 0.4891666666666667 0.3304166666666667 0.008333333333333333 0.005833333333333334
5 0.53875 0.27166666666666667 0.005833333333333334 0.006666666666666667
5 0.53375 0.33625 0.059166666666666666 0.17583333333333334
5 0.47125 0.26125 0.04083333333333333 0.05416666666666667