5 0.16466666666666666 0.304 0.006666666666666667 0.008
5 0.208 0.29533333333333334 0.0026666666666666666 0.0013333333333333333
5 0.182 0.29733333333333334 0.004 0.005333333333333333
5 0.232 0.2946666666666667 0.008 0.005333333333333333
5 0.17466666666666666 0.29333333333333333 0.010666666666666666 0.010666666666666666
5 0.23933333333333334 0.288 0.004 0.0026666666666666666
5 0.19666666666666666 0.294 0.017333333333333333 0.014666666666666666
5 0.18466666666666667 0.2833333333333333 0.0013333333333333333 0.0013333333333333333
5 0.21466666666666667 0.28 0.008 0.0026666666666666666
5 0.274 0.276 0.006666666666666667 0.005333333333333333
5 0.21533333333333332 0.268 0.004 0.005333333333333333
5 0.37866666666666665 0.25 0.008 0.009333333333333334
5 0.254 0.238 0.0013333333333333333 0.0013333333333333333
5 0.506 0.494 0.9213333333333333 0.58
5 0.35133333333333333 0.18333333333333332 0.0013333333333333333 0.0013333333333333333