5 0.8821428571428571 0.5157819225251076 0.004285714285714286 0.0014347202295552368
5 0.4614285714285714 0.5179340028694405 0.014285714285714285 0.005738880918220947
5 0.30857142857142855 0.5150645624103299 0.002857142857142857 0.0028694404591104736
5 0.3007142857142857 0.5157819225251076 0.007142857142857143 0.00430416068866571
5 0.7507142857142857 0.509325681492109 0.015714285714285715 0.005738880918220947
5 0.2292857142857143 0.49426111908177905 0.0014285714285714286 0.0014347202295552368
5 0.2292857142857143 0.4784791965566714 0.0014285714285714286 0.0014347202295552368
5 0.825 0.4648493543758967 0.004285714285714286 0.005738880918220947
5 0.8257142857142857 0.4569583931133429 0.002857142857142857 0.00430416068866571
5 0.23 0.44404591104734575 0.005714285714285714 0.0014347202295552368
5 0.48214285714285715 0.4770444763271162 0.024285714285714285 0.10186513629842181
5 0.3271428571428571 0.4770444763271162 0.03428571428571429 0.10186513629842181
5 0.775 0.4713055954088953 0.03571428571428571 0.10473457675753228
5 0.43357142857142855 0.36083213773314204 0.0014285714285714286 0.0014347202295552368
5 0.13071428571428573 0.4569583931133429 0.13857142857142857 0.19368723098995697
5 0.7878571428571428 0.3787661406025825 0.024285714285714285 0.040172166427546625
5 0.4342857142857143 0.381635581061693 0.13428571428571429 0.04878048780487805
5 0.28285714285714286 0.3837876614060258 0.13714285714285715 0.05308464849354376
5 0.6435714285714286 0.3680057388809182 0.02142857142857143 0.03012912482065997
5 0.9221428571428572 0.4483500717360115 0.06142857142857143 0.1994261119081779