5 0.767 0.767 0.002 0.002
5 0.789 0.763 0.006 0.01
5 0.982 0.755 0.016 0.014
5 0.889 0.732 0.002 0.004
5 0.98 0.707 0.004 0.006
5 0.633 0.703 0.006 0.006
5 0.607 0.701 0.002 0.002
5 0.89 0.697 0.028 0.066
5 0.998 0.631 0.004 0.014
5 0.996 0.602 0.008 0.012
5 0.542 0.543 0.024 0.022
5 0.638 0.532 0.008 0.008
5 0.587 0.53 0.002 0.004
5 0.63 0.517 0.004 0.006
5 0.627 0.507 0.006 0.002
5 0.965 0.471 0.002 0.002
5 0.953 0.477 0.01 0.022
5 0.635 0.482 0.022 0.052
5 0.959 0.458 0.01 0.008
5 0.947 0.439 0.014 0.01
5 0.631 0.432 0.014 0.02
5 0.858 0.422 0.004 0.004
5 0.952 0.422 0.008 0.024
5 0.944 0.393 0.004 0.01
5 0.687 0.284 0.006 0.004
5 0.598 0.232 0.004 0.004
5 0.898 0.175 0.008 0.006
5 0.872 0.175 0.02 0.006
5 0.897 0.167 0.026 0.006
5 0.87 0.167 0.02 0.006
5 0.016 0.175 0.032 0.038
5 0.871 0.15 0.054 0.02
5 0.903 0.133 0.002 0.002
5 0.869 0.133 0.002 0.002
5 0.86 0.133 0.004 0.002
5 0.909 0.132 0.006 0.004
5 0.894 0.132 0.004 0.004
5 0.883 0.132 0.01 0.004
5 0.848 0.132 0.012 0.004
5 0.928 0.123 0.008 0.002
5 0.913 0.124 0.01 0.004
5 0.898 0.124 0.008 0.004
5 0.882 0.123 0.008 0.002
5 0.839 0.124 0.01 0.004
5 0.719 0.122 0.006 0.008
5 0.91 0.116 0.016 0.004
5 0.894 0.115 0.004 0.002
5 0.881 0.115 0.01 0.002
5 0.837 0.115 0.002 0.002
5 0.83 0.115 0.004 0.002
5 0.933 0.114 0.014 0.004
5 0.866 0.114 0.008 0.004
5 0.525 0.106 0.006 0.004
5 0.512 0.106 0.004 0.004
5 0.818 0.099 0.012 0.01
5 0.844 0.099 0.02 0.018
5 0.876 0.097 0.036 0.018
5 0.936 0.337 0.128 0.502
5 0.916 0.081 0.008 0.002
5 0.904 0.081 0.004 0.002
5 0.887 0.081 0.002 0.002
5 0.863 0.081 0.002 0.002
5 0.847 0.081 0.006 0.002
5 0.835 0.081 0.002 0.002
5 0.805 0.081 0.006 0.002
5 0.94 0.08 0.012 0.004
5 0.876 0.073 0.004 0.002
5 0.824 0.073 0.004 0.002
5 0.992 0.072 0.016 0.004
5 0.976 0.072 0.008 0.004
5 0.961 0.072 0.006 0.004
5 0.95 0.072 0.004 0.004
5 0.912 0.071 0.004 0.002
5 0.887 0.071 0.002 0.002
5 0.746 0.074 0.008 0.008
5 0.965 0.063 0.006 0.002
5 0.956 0.063 0.004 0.002
5 0.946 0.063 0.008 0.002
5 0.925 0.063 0.006 0.002
5 0.905 0.064 0.022 0.004
5 0.889 0.063 0.006 0.002
5 0.875 0.063 0.006 0.002
5 0.846 0.063 0.008 0.002
5 0.789 0.063 0.002 0.002
5 0.986 0.062 0.024 0.004
5 0.871 0.053 0.01 0.002
5 0.856 0.052 0.008 0.004
5 0.863 0.048 0.002 0.004
5 0.863 0.043 0.002 0.002
5 0.835 0.048 0.03 0.012
5 0.87 0.044 0.008 0.008
5 0.856 0.044 0.008 0.008
5 0.812 0.048 0.024 0.016
5 0.897 0.014 0.158 0.028
5 0.741 0.003 0.078 0.006
5 0.195 0.002 0.002 0.004
5 0.5 0.5 1.0 1.0