5 0.6421428571428571 0.9921428571428571 0.0014285714285714286 0.0014285714285714286
5 0.6492857142857142 0.9907142857142858 0.004285714285714286 0.007142857142857143
5 0.6321428571428571 0.9885714285714285 0.0014285714285714286 0.008571428571428572
5 0.6421428571428571 0.9842857142857143 0.0014285714285714286 0.002857142857142857
5 0.6414285714285715 0.9692857142857143 0.002857142857142857 0.004285714285714286
5 0.6328571428571429 0.9685714285714285 0.002857142857142857 0.002857142857142857
5 0.6321428571428571 0.9614285714285714 0.0014285714285714286 0.002857142857142857
5 0.5007142857142857 0.9535714285714286 0.0014285714285714286 0.0014285714285714286
5 0.6421428571428571 0.9492857142857143 0.0014285714285714286 0.004285714285714286
5 0.6321428571428571 0.9457142857142857 0.004285714285714286 0.005714285714285714
5 0.6421428571428571 0.9371428571428572 0.0014285714285714286 0.002857142857142857
5 0.6421428571428571 0.9314285714285714 0.0014285714285714286 0.002857142857142857
5 0.6328571428571429 0.9314285714285714 0.002857142857142857 0.008571428571428572
5 0.6507142857142857 0.9435714285714286 0.004285714285714286 0.041428571428571426
5 0.6442857142857142 0.9207142857142857 0.002857142857142857 0.004285714285714286
5 0.6328571428571429 0.9064285714285715 0.002857142857142857 0.007142857142857143
5 0.6507142857142857 0.91 0.004285714285714286 0.017142857142857144
5 0.6507142857142857 0.8971428571428571 0.004285714285714286 0.005714285714285714
5 0.6328571428571429 0.8828571428571429 0.005714285714285714 0.014285714285714285
5 0.545 0.8757142857142857 0.0014285714285714286 0.002857142857142857
5 0.39071428571428574 0.8664285714285714 0.0014285714285714286 0.0014285714285714286
5 0.4057142857142857 0.8614285714285714 0.017142857142857144 0.008571428571428572
5 0.6121428571428571 0.8471428571428572 0.0014285714285714286 0.005714285714285714
5 0.7214285714285714 0.8385714285714285 0.005714285714285714 0.002857142857142857
5 0.7135714285714285 0.8378571428571429 0.0014285714285714286 0.0014285714285714286
5 0.6978571428571428 0.835 0.0014285714285714286 0.0014285714285714286
5 0.2892857142857143 0.6821428571428572 0.01 0.004285714285714286
5 0.8971428571428571 0.6621428571428571 0.008571428571428572 0.0014285714285714286
5 0.9928571428571429 0.6607142857142857 0.014285714285714285 0.0014285714285714286
5 0.9557142857142857 0.6607142857142857 0.054285714285714284 0.0014285714285714286
5 0.3028571428571429 0.6564285714285715 0.02 0.015714285714285715
5 0.315 0.6457142857142857 0.027142857142857142 0.008571428571428572
5 0.37357142857142855 0.6357142857142857 0.08142857142857143 0.02
5 0.29285714285714287 0.6314285714285715 0.05714285714285714 0.017142857142857144
5 0.2907142857142857 0.62 0.041428571428571426 0.017142857142857144
5 0.4207142857142857 0.6064285714285714 0.01 0.015714285714285715
5 0.2671428571428571 0.5885714285714285 0.011428571428571429 0.017142857142857144
5 0.42 0.5285714285714286 0.008571428571428572 0.017142857142857144
5 0.2671428571428571 0.5214285714285715 0.011428571428571429 0.017142857142857144
5 0.2914285714285714 0.5428571428571428 0.005714285714285714 0.07714285714285714
5 0.295 0.48928571428571427 0.01 0.027142857142857142
5 0.2664285714285714 0.455 0.012857142857142857 0.015714285714285715
5 0.41928571428571426 0.45571428571428574 0.01 0.02857142857142857
5 0.44642857142857145 0.4114285714285714 0.01 0.002857142857142857
5 0.4235714285714286 0.4142857142857143 0.032857142857142856 0.04
5 0.26571428571428574 0.39071428571428574 0.011428571428571429 0.027142857142857142
5 0.29428571428571426 0.4207142857142857 0.011428571428571429 0.10428571428571429
5 0.48857142857142855 0.36214285714285716 0.002857142857142857 0.055714285714285716
5 0.32285714285714284 0.4185714285714286 0.16285714285714287 0.4257142857142857
5 0.5457142857142857 0.5957142857142858 0.7371428571428571 0.8085714285714286