5 0.8626666666666667 0.652 0.005333333333333333 0.016
5 0.858 0.646 0.0013333333333333333 0.004
5 0.8986666666666666 0.668 0.024 0.058666666666666666
5 0.7933333333333333 0.6353333333333333 0.034666666666666665 0.012
5 0.7666666666666667 0.628 0.010666666666666666 0.005333333333333333
5 0.7713333333333333 0.64 0.09466666666666666 0.034666666666666665
5 0.7426666666666667 0.6206666666666667 0.024 0.009333333333333334
5 0.7473333333333333 0.6086666666666667 0.004 0.0013333333333333333
5 0.8893333333333333 0.61 0.005333333333333333 0.006666666666666667
5 0.642 0.606 0.0013333333333333333 0.0013333333333333333
5 0.7746666666666666 0.6033333333333334 0.0026666666666666666 0.0013333333333333333
5 0.8806666666666667 0.606 0.006666666666666667 0.012
5 0.6486666666666666 0.5993333333333334 0.0013333333333333333 0.0013333333333333333
5 0.9173333333333333 0.612 0.018666666666666668 0.048
5 0.598 0.588 0.004 0.008
5 0.23666666666666666 0.5726666666666667 0.0013333333333333333 0.0013333333333333333
5 0.8433333333333334 0.5713333333333334 0.0013333333333333333 0.0013333333333333333
5 0.8273333333333334 0.5646666666666667 0.0013333333333333333 0.0013333333333333333
5 0.848 0.5626666666666666 0.005333333333333333 0.0026666666666666666
5 0.75 0.562 0.0013333333333333333 0.0013333333333333333
5 0.8426666666666667 0.5606666666666666 0.0026666666666666666 0.0013333333333333333
5 0.8166666666666667 0.5606666666666666 0.0013333333333333333 0.0013333333333333333
5 0.8273333333333334 0.5553333333333333 0.0013333333333333333 0.0013333333333333333
5 0.8166666666666667 0.55 0.004 0.0013333333333333333
5 0.7606666666666667 0.5506666666666666 0.004 0.0026666666666666666
5 0.8553333333333333 0.5473333333333333 0.0013333333333333333 0.0013333333333333333
5 0.8486666666666667 0.5453333333333333 0.004 0.0026666666666666666
5 0.8073333333333333 0.546 0.009333333333333334 0.004
5 0.7853333333333333 0.548 0.018666666666666668 0.008
5 0.22533333333333333 0.5486666666666666 0.005333333333333333 0.014666666666666666
5 0.7653333333333333 0.5413333333333333 0.013333333333333334 0.005333333333333333
5 0.7893333333333333 0.5393333333333333 0.016 0.006666666666666667
5 0.8073333333333333 0.5373333333333333 0.009333333333333334 0.005333333333333333
5 0.7753333333333333 0.5333333333333333 0.006666666666666667 0.0026666666666666666
5 0.7966666666666666 0.532 0.006666666666666667 0.0026666666666666666
5 0.77 0.5313333333333333 0.0013333333333333333 0.0013333333333333333
5 0.7913333333333333 0.53 0.0013333333333333333 0.0013333333333333333
5 0.22066666666666668 0.5313333333333333 0.0013333333333333333 0.004
5 0.7806666666666666 0.526 0.009333333333333334 0.004
5 0.21466666666666667 0.5013333333333333 0.021333333333333333 0.14133333333333334
5 0.22533333333333333 0.418 0.010666666666666666 0.02266666666666667
5 0.244 0.38533333333333336 0.021333333333333333 0.029333333333333333
5 0.5113333333333333 0.5386666666666666 0.8226666666666667 0.408