5 0.8426171529619806 0.8893391521197007 0.0035366931918656055 0.01059850374064838
5 0.5101679929266136 0.8709476309226932 0.0017683465959328027 0.0024937655860349127
5 0.5088417329796641 0.8687655860349127 0.0008841732979664014 0.0006234413965087282
5 0.5079575596816976 0.8665835411471322 0.0008841732979664014 0.0012468827930174563
5 0.5053050397877984 0.8603491271820449 0.0008841732979664014 0.0012468827930174563
5 0.504420866489832 0.858790523690773 0.0008841732979664014 0.0006234413965087282
5 0.5035366931918656 0.8562967581047382 0.0008841732979664014 0.0018703241895261845
5 0.7984084880636605 0.8824812967581047 0.05128205128205128 0.05548628428927681
5 0.5026525198938993 0.854426433915212 0.0008841732979664014 0.0006234413965087282
5 0.8412908930150309 0.8584788029925187 0.004420866489832007 0.011221945137157107
5 0.4991158267020336 0.845074812967581 0.0008841732979664014 0.0018703241895261845
5 0.497789566755084 0.8416458852867831 0.0017683465959328027 0.0024937655860349127
5 0.32316534040671974 0.8145261845386533 0.016799292661361626 0.011845386533665835
5 0.8399646330680813 0.8123441396508728 0.0035366931918656055 0.011221945137157107
5 0.32051282051282054 0.7833541147132169 0.016799292661361626 0.011845386533665835
5 0.19496021220159152 0.7833541147132169 0.016799292661361626 0.011845386533665835
5 0.7900088417329797 0.8042394014962594 0.050397877984084884 0.05486284289276808
5 0.8399646330680813 0.7817955112219451 0.0035366931918656055 0.011221945137157107
5 0.2926613616268789 0.7443890274314214 0.010610079575596816 0.003740648379052369
5 0.22281167108753316 0.7443890274314214 0.008841732979664015 0.003740648379052369
5 0.8390804597701149 0.5850997506234414 0.005305039787798408 0.3322942643391521
5 0.8408488063660478 0.4130299251870324 0.0017683465959328027 0.009351620947630923
5 0.8417329796640142 0.3974438902743142 0.0017683465959328027 0.014339152119700748
5 0.8430592396109637 0.368142144638404 0.0008841732979664014 0.0006234413965087282
5 0.22281167108753316 0.24438902743142144 0.008841732979664015 0.11970074812967581
5 0.8351016799292661 0.45885286783042395 0.0610079575596817 0.5960099750623441
5 0.5760389036251106 0.5458229426433915 0.24491600353669318 0.7711970074812967
5 0.23872679045092837 0.5461346633416458 0.21927497789566755 0.7718204488778054