5 0.6633333333333333 0.6433333333333333 0.10666666666666667 0.05333333333333334
5 0.8916666666666667 0.6266666666666667 0.15666666666666668 0.05333333333333334
5 0.7333333333333333 0.5833333333333334 0.013333333333333334 0.02666666666666667
5 0.08166666666666667 0.57 0.03666666666666667 0.013333333333333334
5 0.925 0.5333333333333333 0.14333333333333334 0.07333333333333333
5 0.265 0.6516666666666666 0.53 0.31666666666666665
5 0.36666666666666664 0.4583333333333333 0.006666666666666667 0.01
5 0.33666666666666667 0.43166666666666664 0.08666666666666667 0.023333333333333334
5 0.10166666666666667 0.47833333333333333 0.18333333333333332 0.11666666666666667
5 0.7333333333333333 0.4066666666666667 0.08 0.11333333333333333
5 0.335 0.365 0.11 0.09666666666666666
5 0.53 0.36 0.10666666666666667 0.09333333333333334
5 0.16833333333333333 0.18166666666666667 0.0033333333333333335 0.0033333333333333335
5 0.395 0.015 0.01 0.01
5 0.19166666666666668 0.15166666666666667 0.38333333333333336 0.30333333333333334