5 0.01951058201058201 0.7351190476190477 0.0006613756613756613 0.0006613756613756613
5 0.0038029100529100527 0.7157738095238095 0.007605820105820105 0.010912698412698412
5 0.021164021164021163 0.7078373015873016 0.0006613756613756613 0.000992063492063492
5 0.00033068783068783067 0.6959325396825397 0.0006613756613756613 0.000992063492063492
5 0.030753968253968252 0.6995701058201058 0.007275132275132275 0.012235449735449735
5 0.029596560846560847 0.6881613756613757 0.000992063492063492 0.0013227513227513227
5 0.031084656084656083 0.687334656084656 0.0013227513227513227 0.000992063492063492
5 0.018518518518518517 0.7015542328042328 0.0205026455026455 0.02943121693121693
5 0.03273809523809524 0.685681216931217 0.0013227513227513227 0.000992063492063492
5 0.0008267195767195767 0.6861772486772487 0.0016534391534391533 0.001984126984126984
5 0.027943121693121693 0.6846891534391535 0.005621693121693121 0.0023148148148148147
5 0.0016534391534391533 0.6807208994708994 0.0033068783068783067 0.0016534391534391533
5 0.0269510582010582 0.6797288359788359 0.0023148148148148147 0.0036375661375661374
5 0.0355489417989418 0.6744378306878307 0.000992063492063492 0.00033068783068783067
5 0.03935185185185185 0.669973544973545 0.0013227513227513227 0.0013227513227513227
5 0.03571428571428571 0.6703042328042328 0.0026455026455026454 0.0033068783068783067
5 0.0291005291005291 0.6656746031746031 0.0006613756613756613 0.0006613756613756613
5 0.00248015873015873 0.6626984126984127 0.00033068783068783067 0.0006613756613756613
5 0.010085978835978835 0.6612103174603174 0.0016534391534391533 0.000992063492063492
5 0.006779100529100529 0.6610449735449735 0.0016534391534391533 0.0006613756613756613
5 0.013062169312169311 0.6574074074074074 0.00033068783068783067 0.0006613756613756613
5 0.6646825396825397 0.4895833333333333 0.0013227513227513227 0.000992063492063492
5 0.01240079365079365 0.4267526455026455 0.000992063492063492 0.000992063492063492
5 0.0038029100529100527 0.4322089947089947 0.007605820105820105 0.011904761904761904
5 0.006283068783068783 0.416005291005291 0.012566137566137565 0.02513227513227513
5 0.005291005291005291 0.39087301587301587 0.001984126984126984 0.0013227513227513227
5 0.005291005291005291 0.4029431216931217 0.010582010582010581 0.030753968253968252
5 0.008101851851851851 0.3869047619047619 0.000992063492063492 0.0013227513227513227
5 0.004298941798941799 0.3878968253968254 0.008597883597883597 0.01455026455026455
5 0.0023148148148148147 0.38244047619047616 0.004629629629629629 0.007605820105820105
5 0.009424603174603174 0.3774801587301587 0.00033068783068783067 0.00033068783068783067
5 0.006448412698412698 0.3776455026455027 0.0023148148148148147 0.005291005291005291
5 0.0018187830687830687 0.3726851851851852 0.000992063492063492 0.0006613756613756613
5 0.003472222222222222 0.373015873015873 0.006944444444444444 0.011904761904761904
5 0.020337301587301588 0.3635912698412698 0.0016534391534391533 0.0023148148148148147
5 0.0036375661375661374 0.36689814814814814 0.007275132275132275 0.01025132275132275
5 0.0013227513227513227 0.3578042328042328 0.0026455026455026454 0.004629629629629629
5 0.019014550264550265 0.351521164021164 0.00033068783068783067 0.0006613756613756613
5 0.022652116402116403 0.35085978835978837 0.0023148148148148147 0.0026455026455026454
5 0.03587962962962963 0.3501984126984127 0.0023148148148148147 0.0033068783068783067
5 0.022156084656084655 0.3482142857142857 0.0006613756613756613 0.0006613756613756613
5 0.03373015873015873 0.3449074074074074 0.001984126984126984 0.0026455026455026454
5 0.0008267195767195767 0.34441137566137564 0.0016534391534391533 0.002976190476190476
5 0.022817460317460316 0.34375 0.0026455026455026454 0.002976190476190476
5 0.0291005291005291 0.34523809523809523 0.011243386243386243 0.007936507936507936
5 0.0205026455026455 0.34308862433862436 0.00992063492063492 0.01025132275132275
5 0.0038029100529100527 0.33912037037037035 0.0016534391534391533 0.0023148148148148147
5 0.0291005291005291 0.33779761904761907 0.0006613756613756613 0.000992063492063492
5 0.024636243386243387 0.3374669312169312 0.00033068783068783067 0.00033068783068783067
5 0.03042328042328042 0.3396164021164021 0.005952380952380952 0.007936507936507936
5 0.003472222222222222 0.33647486772486773 0.000992063492063492 0.0016534391534391533
5 0.025297619047619048 0.3361441798941799 0.000992063492063492 0.0016534391534391533
5 0.002976190476190476 0.3341600529100529 0.0006613756613756613 0.00033068783068783067
5 0.004298941798941799 0.33366402116402116 0.0006613756613756613 0.0006613756613756613
5 0.007109788359788359 0.333994708994709 0.0023148148148148147 0.001984126984126984
5 0.6479828042328042 0.3394510582010582 0.000992063492063492 0.014219576719576719
5 0.029596560846560847 0.3330026455026455 0.002976190476190476 0.0033068783068783067
5 0.008763227513227513 0.34854497354497355 0.017526455026455025 0.03439153439153439
5 0.0023148148148148147 0.3315145502645503 0.004629629629629629 0.004298941798941799
5 0.031746031746031744 0.3272156084656085 0.0013227513227513227 0.0016534391534391533
5 0.031580687830687834 0.3245701058201058 0.0023148148148148147 0.0016534391534391533
5 0.02595899470899471 0.32837301587301587 0.00958994708994709 0.00992063492063492
5 0.029596560846560847 0.3229166666666667 0.00033068783068783067 0.00033068783068783067
5 0.013227513227513227 0.32705026455026454 0.026455026455026454 0.008597883597883597
5 0.6478174603174603 0.3230820105820106 0.0006613756613756613 0.007936507936507936
5 0.010747354497354497 0.31216931216931215 0.0016534391534391533 0.0013227513227513227
5 0.01984126984126984 0.30952380952380953 0.0006613756613756613 0.0006613756613756613
5 0.02976190476190476 0.3091931216931217 0.0026455026455026454 0.001984126984126984
5 0.0026455026455026454 0.3048941798941799 0.005291005291005291 0.004629629629629629
5 0.022817460317460316 0.3070436507936508 0.011243386243386243 0.012896825396825396
5 0.008597883597883597 0.296792328042328 0.0013227513227513227 0.0016534391534391533
5 0.6476521164021164 0.3039021164021164 0.0016534391534391533 0.023809523809523808
5 0.6471560846560847 0.28918650793650796 0.0006613756613756613 0.0016534391534391533
5 0.011904761904761904 0.29910714285714285 0.021825396825396824 0.02943121693121693
5 0.00033068783068783067 0.2833994708994709 0.0006613756613756613 0.0006613756613756613
5 0.0018187830687830687 0.28290343915343913 0.000992063492063492 0.000992063492063492
5 0.007275132275132275 0.2857142857142857 0.01455026455026455 0.011243386243386243
5 0.000496031746031746 0.2787698412698413 0.000992063492063492 0.001984126984126984
5 0.02513227513227513 0.291005291005291 0.017857142857142856 0.037037037037037035
5 0.017361111111111112 0.2718253968253968 0.000992063492063492 0.0006613756613756613
5 0.0205026455026455 0.271494708994709 0.0006613756613756613 0.0006613756613756613
5 0.007936507936507936 0.27628968253968256 0.00992063492063492 0.01025132275132275
5 0.01240079365079365 0.2701719576719577 0.00033068783068783067 0.0006613756613756613
5 0.020006613756613757 0.2665343915343915 0.00496031746031746 0.004629629629629629
5 0.0026455026455026454 0.2650462962962963 0.003968253968253968 0.002976190476190476
5 0.003472222222222222 0.2610780423280423 0.002976190476190476 0.002976190476190476
5 0.023313492063492064 0.25992063492063494 0.0023148148148148147 0.0026455026455026454
5 0.008267195767195767 0.25826719576719576 0.0006613756613756613 0.0006613756613756613
5 0.009259259259259259 0.25744047619047616 0.001984126984126984 0.0023148148148148147
5 0.010912698412698412 0.242228835978836 0.008597883597883597 0.006283068783068783
5 0.038525132275132275 0.2359457671957672 0.0016534391534391533 0.0016534391534391533
5 0.00248015873015873 0.23677248677248677 0.00496031746031746 0.005291005291005291
5 0.013062169312169311 0.23247354497354497 0.000992063492063492 0.0006613756613756613
5 0.008763227513227513 0.23892195767195767 0.017526455026455025 0.02017195767195767
5 0.02017195767195767 0.25132275132275134 0.04034391534391534 0.04894179894179894
5 0.04017857142857143 0.22668650793650794 0.00033068783068783067 0.00033068783068783067
5 0.041666666666666664 0.22371031746031747 0.0006613756613756613 0.000992063492063492
5 0.0205026455026455 0.2251984126984127 0.0033068783068783067 0.005291005291005291
5 0.01951058201058201 0.22156084656084657 0.0013227513227513227 0.0026455026455026454
5 0.043154761904761904 0.2208994708994709 0.0036375661375661374 0.0026455026455026454
5 0.03257275132275132 0.22387566137566137 0.016865079365079364 0.00992063492063492
5 0.037533068783068786 0.21676587301587302 0.00033068783068783067 0.00033068783068783067
5 0.03935185185185185 0.2144510582010582 0.0026455026455026454 0.004298941798941799
5 0.03869047619047619 0.21031746031746032 0.0006613756613756613 0.0006613756613756613
5 0.00033068783068783067 0.20651455026455026 0.0006613756613756613 0.000992063492063492
5 0.04398148148148148 0.2058531746031746 0.005952380952380952 0.011574074074074073
5 0.04894179894179894 0.2005621693121693 0.0013227513227513227 0.0023148148148148147
5 0.04133597883597884 0.19940476190476192 0.0013227513227513227 0.001984126984126984
5 0.03736772486772487 0.19990079365079366 0.0026455026455026454 0.002976190476190476
5 0.000992063492063492 0.20006613756613756 0.001984126984126984 0.003968253968253968
5 0.0028108465608465607 0.19642857142857142 0.000992063492063492 0.001984126984126984
5 0.035383597883597885 0.19229497354497355 0.0006613756613756613 0.00033068783068783067
5 0.05092592592592592 0.19411375661375663 0.0013227513227513227 0.004629629629629629
5 0.03720238095238095 0.1917989417989418 0.000992063492063492 0.0006613756613756613
5 0.03902116402116402 0.19361772486772486 0.0026455026455026454 0.005621693121693121
5 0.017691798941798943 0.18882275132275134 0.00033068783068783067 0.0006613756613756613
5 0.042162698412698416 0.1896494708994709 0.0016534391534391533 0.002976190476190476
5 0.03521825396825397 0.18882275132275134 0.0036375661375661374 0.001984126984126984
5 0.05340608465608466 0.1863425925925926 0.00033068783068783067 0.00033068783068783067
5 0.00016534391534391533 0.18617724867724866 0.00033068783068783067 0.0006613756613756613
5 0.04811507936507937 0.18518518518518517 0.00033068783068783067 0.0006613756613756613
5 0.012235449735449735 0.18468915343915343 0.0013227513227513227 0.0016534391534391533
5 0.05026455026455026 0.18369708994708994 0.0033068783068783067 0.0023148148148148147
5 0.043816137566137565 0.1841931216931217 0.005621693121693121 0.005952380952380952
5 0.016534391534391533 0.18138227513227514 0.0006613756613756613 0.000992063492063492
5 0.056051587301587304 0.1810515873015873 0.0036375661375661374 0.007605820105820105
5 0.007771164021164021 0.18022486772486773 0.00496031746031746 0.006613756613756613
5 0.05109126984126984 0.1787367724867725 0.004298941798941799 0.004298941798941799
5 0.03422619047619048 0.17592592592592593 0.0016534391534391533 0.0026455026455026454
5 0.004629629629629629 0.17807539682539683 0.007275132275132275 0.012896825396825396
5 0.03373015873015873 0.17179232804232805 0.0006613756613756613 0.000992063492063492
5 0.00248015873015873 0.17642195767195767 0.00496031746031746 0.01025132275132275
5 0.6443452380952381 0.2273478835978836 0.006283068783068783 0.1207010582010582
5 0.05340608465608466 0.1658399470899471 0.00033068783068783067 0.00033068783068783067
5 0.029596560846560847 0.16550925925925927 0.000992063492063492 0.0016534391534391533
5 0.010416666666666666 0.1648478835978836 0.00033068783068783067 0.00033068783068783067
5 0.05588624338624339 0.1636904761904762 0.001984126984126984 0.001984126984126984
5 0.037698412698412696 0.16319444444444445 0.0006613756613756613 0.000992063492063492
5 0.6416997354497355 0.16335978835978837 0.00033068783068783067 0.001984126984126984
5 0.04083994708994709 0.16253306878306878 0.0023148148148148147 0.000992063492063492
5 0.00248015873015873 0.167989417989418 0.00496031746031746 0.013227513227513227
5 0.05787037037037037 0.1605489417989418 0.0013227513227513227 0.0023148148148148147
5 0.06068121693121693 0.1605489417989418 0.0016534391534391533 0.002976190476190476
5 0.02595899470899471 0.16005291005291006 0.000992063492063492 0.001984126984126984
5 0.6412037037037037 0.15906084656084657 0.0006613756613756613 0.0013227513227513227
5 0.05357142857142857 0.16021825396825398 0.0033068783068783067 0.005621693121693121
5 0.001488095238095238 0.1605489417989418 0.002976190476190476 0.006283068783068783
5 0.06266534391534391 0.1572420634920635 0.00033068783068783067 0.00033068783068783067
5 0.06431878306878307 0.15873015873015872 0.0023148148148148147 0.005952380952380952
5 0.05919312169312169 0.1572420634920635 0.001984126984126984 0.002976190476190476
5 0.030753968253968252 0.15856481481481483 0.004629629629629629 0.005621693121693121
5 0.006117724867724867 0.15757275132275134 0.002976190476190476 0.005621693121693121
5 0.0517526455026455 0.15476190476190477 0.00033068783068783067 0.0006613756613756613
5 0.06646825396825397 0.1595568783068783 0.005952380952380952 0.010912698412698412
5 0.05472883597883598 0.15393518518518517 0.002976190476190476 0.002976190476190476
5 0.06183862433862434 0.15211640211640212 0.0013227513227513227 0.0013227513227513227
5 0.0582010582010582 0.1529431216931217 0.0013227513227513227 0.002976190476190476
5 0.06977513227513228 0.15244708994708994 0.0013227513227513227 0.0026455026455026454
5 0.017526455026455025 0.15128968253968253 0.0013227513227513227 0.0016534391534391533
5 0.06283068783068783 0.14963624338624337 0.0006613756613756613 0.000992063492063492
5 0.001984126984126984 0.15145502645502645 0.003968253968253968 0.007275132275132275
5 0.016865079365079364 0.14732142857142858 0.0013227513227513227 0.0016534391534391533
5 0.0603505291005291 0.1474867724867725 0.0016534391534391533 0.0026455026455026454
5 0.06431878306878307 0.1463293650793651 0.000992063492063492 0.0016534391534391533
5 0.02943121693121693 0.14417989417989419 0.0006613756613756613 0.0006613756613756613
5 0.046130952380952384 0.1431878306878307 0.000992063492063492 0.0013227513227513227
5 0.07308201058201058 0.1453373015873016 0.005291005291005291 0.00958994708994709
5 0.06266534391534391 0.14269179894179895 0.002976190476190476 0.006283068783068783
5 0.013227513227513227 0.13607804232804233 0.0006613756613756613 0.0016534391534391533
5 0.07027116402116403 0.14269179894179895 0.00958994708994709 0.015542328042328041
5 0.06994047619047619 0.13343253968253968 0.00033068783068783067 0.00033068783068783067
5 0.07523148148148148 0.13310185185185186 0.00033068783068783067 0.00033068783068783067
5 0.07175925925925926 0.13326719576719576 0.0013227513227513227 0.0006613756613756613
5 0.06712962962962964 0.13310185185185186 0.0013227513227513227 0.000992063492063492
5 0.054563492063492064 0.1474867724867725 0.021164021164021163 0.03042328042328042
5 0.03042328042328042 0.13194444444444445 0.0006613756613756613 0.0006613756613756613
5 0.08151455026455026 0.13045634920634921 0.000992063492063492 0.0016534391534391533
5 0.07705026455026455 0.1306216931216931 0.0026455026455026454 0.0033068783068783067
5 0.020006613756613757 0.136739417989418 0.013558201058201057 0.016203703703703703
5 0.014219576719576719 0.12863756613756613 0.0013227513227513227 0.0006613756613756613
5 0.011408730158730158 0.1292989417989418 0.000992063492063492 0.001984126984126984
5 0.008101851851851851 0.12764550264550265 0.00033068783068783067 0.0006613756613756613
5 0.02562830687830688 0.12731481481481483 0.0016534391534391533 0.0006613756613756613
5 0.07407407407407407 0.1271494708994709 0.0006613756613756613 0.000992063492063492
5 0.04794973544973545 0.12681878306878308 0.0006613756613756613 0.000992063492063492
5 0.028935185185185185 0.12797619047619047 0.002976190476190476 0.004629629629629629
5 0.021164021164021163 0.12549603174603174 0.0006613756613756613 0.000992063492063492
5 0.06001984126984127 0.12880291005291006 0.014219576719576719 0.012896825396825396
5 0.027943121693121693 0.12384259259259259 0.004298941798941799 0.002976190476190476
5 0.01570767195767196 0.12251984126984126 0.00033068783068783067 0.00033068783068783067
5 0.03455687830687831 0.12681878306878308 0.005621693121693121 0.00958994708994709
5 0.02943121693121693 0.13872354497354497 0.022486772486772486 0.03406084656084656
5 0.019014550264550265 0.12466931216931217 0.002976190476190476 0.005952380952380952
5 0.03935185185185185 0.12086640211640212 0.001984126984126984 0.0016534391534391533
5 0.022982804232804233 0.12235449735449735 0.002976190476190476 0.004629629629629629
5 0.02976190476190476 0.11970899470899471 0.0006613756613756613 0.0006613756613756613
5 0.031084656084656083 0.11937830687830688 0.0006613756613756613 0.0006613756613756613
5 0.027447089947089946 0.11987433862433862 0.0006613756613756613 0.0016534391534391533
5 0.04646164021164021 0.12400793650793651 0.006283068783068783 0.010582010582010581
5 0.05109126984126984 0.11772486772486772 0.00033068783068783067 0.0006613756613756613
5 0.04365079365079365 0.14566798941798942 0.032407407407407406 0.05787037037037037
5 0.03439153439153439 0.11623677248677249 0.0006613756613756613 0.00033068783068783067
5 0.033234126984126984 0.11623677248677249 0.000992063492063492 0.00033068783068783067
5 0.030257936507936508 0.1164021164021164 0.00033068783068783067 0.0006613756613756613
5 0.07572751322751323 0.12318121693121693 0.017857142857142856 0.015542328042328041
5 0.06365740740740741 0.11623677248677249 0.0016534391534391533 0.0016534391534391533
5 0.06663359788359788 0.11805555555555555 0.008928571428571428 0.006613756613756613
5 0.06266534391534391 0.11359126984126984 0.00033068783068783067 0.00033068783068783067
5 0.034722222222222224 0.11458333333333333 0.0026455026455026454 0.0023148148148148147
5 0.0582010582010582 0.1130952380952381 0.001984126984126984 0.001984126984126984
5 0.09176587301587301 0.11193783068783068 0.00033068783068783067 0.00033068783068783067
5 0.02513227513227513 0.11425264550264551 0.005952380952380952 0.007605820105820105
5 0.09441137566137567 0.11011904761904762 0.000992063492063492 0.0006613756613756613
5 0.07208994708994709 0.1109457671957672 0.001984126984126984 0.0023148148148148147
5 0.06514550264550265 0.11078042328042328 0.0033068783068783067 0.0033068783068783067
5 0.06167328042328042 0.11127645502645503 0.002976190476190476 0.005621693121693121
5 0.04017857142857143 0.11226851851851852 0.008267195767195767 0.01025132275132275
5 0.039186507936507936 0.10714285714285714 0.000992063492063492 0.0006613756613756613
5 0.040674603174603176 0.10582010582010581 0.0006613756613756613 0.0006613756613756613
5 0.09556878306878307 0.10598544973544974 0.001984126984126984 0.0016534391534391533
5 0.06762566137566138 0.10433201058201058 0.0016534391534391533 0.0016534391534391533
5 0.04398148148148148 0.10466269841269842 0.001984126984126984 0.0036375661375661374
5 0.09837962962962964 0.10383597883597884 0.0023148148148148147 0.0026455026455026454
5 0.02199074074074074 0.10185185185185185 0.00033068783068783067 0.0006613756613756613
5 0.06861772486772487 0.10052910052910052 0.00033068783068783067 0.0006613756613756613
5 0.06316137566137567 0.10433201058201058 0.007936507936507936 0.008928571428571428
5 0.08548280423280423 0.10119047619047619 0.0023148148148148147 0.0033068783068783067
5 0.04728835978835979 0.09837962962962964 0.0013227513227513227 0.0016534391534391533
5 0.04828042328042328 0.09623015873015874 0.0006613756613756613 0.0006613756613756613
5 0.08961640211640212 0.09523809523809523 0.0006613756613756613 0.0006613756613756613
5 0.07721560846560846 0.09573412698412699 0.0023148148148148147 0.0023148148148148147
5 0.07192460317460317 0.09556878306878307 0.000992063492063492 0.001984126984126984
5 0.07886904761904762 0.09441137566137567 0.00033068783068783067 0.00033068783068783067
5 0.09077380952380952 0.09375 0.000992063492063492 0.000992063492063492
5 0.03654100529100529 0.10300925925925926 0.014219576719576719 0.02017195767195767
5 0.08052248677248677 0.09904100529100529 0.015542328042328041 0.02017195767195767
5 0.07919973544973545 0.08912037037037036 0.00033068783068783067 0.00033068783068783067
5 0.0818452380952381 0.08812830687830688 0.00033068783068783067 0.00033068783068783067
5 0.03091931216931217 0.08746693121693122 0.00033068783068783067 0.00033068783068783067
5 0.031580687830687834 0.0851521164021164 0.00033068783068783067 0.00033068783068783067
5 0.06960978835978836 0.08878968253968254 0.012896825396825396 0.012235449735449735
5 0.04861111111111111 0.08151455026455026 0.0006613756613756613 0.00033068783068783067
5 0.5 0.5 1.0 1.0