5 0.568125 0.901875 0.00125 0.00125
5 0.801875 0.881875 0.00125 0.00125
5 0.375 0.88125 0.0075 0.0025
5 0.445 0.871875 0.01 0.00375
5 0.165 0.8625 0.01 0.0025
5 0.965 0.855 0.0025 0.0075
5 0.895 0.855 0.05 0.0175
5 0.995 0.843125 0.01 0.01375
5 0.99875 0.751875 0.0025 0.00125
5 0.999375 0.39125 0.00125 0.0025
5 0.999375 0.385625 0.00125 0.00125
5 0.99 0.375625 0.0025 0.00625
5 0.989375 0.3675 0.00125 0.005
5 0.988125 0.3625 0.00125 0.0025
5 0.98625 0.348125 0.0025 0.00125
5 0.98375 0.335 0.0025 0.0025
5 0.999375 0.303125 0.00125 0.00125
5 0.5 0.45125 1.0 0.9025