5 0.5703125 0.4340122767857143 0.005022321428571429 0.0008370535714285714
5 0.5774274553571429 0.4224330357142857 0.00027901785714285713 0.0005580357142857143
5 0.5775669642857143 0.4204799107142857 0.0005580357142857143 0.0016741071428571428
5 0.5771484375 0.41796875 0.00027901785714285713 0.0005580357142857143
5 0.5167410714285714 0.47181919642857145 0.92578125 0.6316964285714286
5 0.5262276785714286 0.1533203125 0.0005580357142857143 0.0030691964285714285
5 0.513671875 0.13169642857142858 0.0011160714285714285 0.0011160714285714285
5 0.5115792410714286 0.12960379464285715 0.00027901785714285713 0.00027901785714285713
5 0.5104631696428571 0.12765066964285715 0.00027901785714285713 0.00027901785714285713
5 0.5085100446428571 0.12053571428571429 0.0008370535714285714 0.0011160714285714285
5 0.44419642857142855 0.11900111607142858 0.0005580357142857143 0.00027901785714285713
5 0.4457310267857143 0.11760602678571429 0.00027901785714285713 0.00027901785714285713
5 0.4990234375 0.1123046875 0.0008370535714285714 0.0008370535714285714
5 0.46372767857142855 0.12709263392857142 0.09151785714285714 0.03989955357142857