5 0.6326666666666667 0.974 0.004 0.004
5 0.608 0.9773333333333334 0.042666666666666665 0.04533333333333334
5 0.576 0.9773333333333334 0.032 0.04533333333333334
5 0.5466666666666666 0.9733333333333334 0.034666666666666665 0.05333333333333334
5 0.594 0.9473333333333334 0.004 0.004
5 0.5153333333333333 0.9673333333333334 0.044 0.06533333333333333
5 0.5713333333333334 0.9333333333333333 0.004 0.005333333333333333
5 0.484 0.956 0.05333333333333334 0.088
5 0.444 0.956 0.05333333333333334 0.088
5 0.5126666666666667 0.9066666666666666 0.004 0.005333333333333333
5 0.4126666666666667 0.9453333333333334 0.07066666666666667 0.10933333333333334
5 0.37666666666666665 0.9453333333333334 0.068 0.10933333333333334
5 0.41333333333333333 0.884 0.0026666666666666666 0.0026666666666666666
5 0.44533333333333336 0.8833333333333333 0.0026666666666666666 0.004
5 0.40066666666666667 0.8766666666666667 0.004 0.004
5 0.3526666666666667 0.8506666666666667 0.0013333333333333333 0.008
5 0.58 0.8313333333333334 0.0026666666666666666 0.004
5 0.554 0.81 0.004 0.004
5 0.5233333333333333 0.7873333333333333 0.006666666666666667 0.006666666666666667
5 0.49266666666666664 0.7673333333333333 0.0013333333333333333 0.0013333333333333333
5 0.32666666666666666 0.718 0.005333333333333333 0.014666666666666666
5 0.192 0.8406666666666667 0.384 0.31866666666666665
5 0.20133333333333334 0.6573333333333333 0.021333333333333333 0.005333333333333333
5 0.8546666666666667 0.6226666666666667 0.005333333333333333 0.010666666666666666
5 0.6006666666666667 0.3466666666666667 0.004 0.0026666666666666666
5 0.522 0.318 0.0013333333333333333 0.0013333333333333333
5 0.54 0.5353333333333333 0.64 0.436
5 0.506 0.314 0.0013333333333333333 0.0013333333333333333
5 0.316 0.31466666666666665 0.008 0.0026666666666666666
5 0.48 0.30866666666666664 0.0026666666666666666 0.0013333333333333333