5 0.6126666666666667 0.7926666666666666 0.0013333333333333333 0.0013333333333333333
5 0.414 0.7926666666666666 0.004 0.004
5 0.324 0.7673333333333333 0.17066666666666666 0.04933333333333333
5 0.7346666666666667 0.7566666666666667 0.23733333333333334 0.06
5 0.8086666666666666 0.7246666666666667 0.0013333333333333333 0.0013333333333333333
5 0.542 0.29133333333333333 0.004 0.004
5 0.516 0.29133333333333333 0.04 0.006666666666666667
5 0.5273333333333333 0.27066666666666667 0.0013333333333333333 0.029333333333333333
5 0.5373333333333333 0.26 0.005333333333333333 0.05333333333333334
5 0.5366666666666666 0.22333333333333333 0.0013333333333333333 0.0013333333333333333
5 0.5366666666666666 0.21666666666666667 0.004 0.004
5 0.5466666666666666 0.25066666666666665 0.008 0.07466666666666667
5 0.518 0.214 0.0013333333333333333 0.0013333333333333333
5 0.5073333333333333 0.21533333333333332 0.0013333333333333333 0.004
5 0.5266666666666666 0.21466666666666667 0.0026666666666666666 0.005333333333333333
5 0.5173333333333333 0.19533333333333333 0.024 0.02
5 0.504 0.174 0.058666666666666666 0.009333333333333334
5 0.5133333333333333 0.46266666666666667 0.21333333333333335 0.5946666666666667