5 0.191 0.9996666666666667 0.001 0.0006666666666666666
5 0.19825 0.9981666666666666 0.0025 0.001
5 0.18875 0.9978333333333333 0.0005 0.0003333333333333333
5 0.1985 0.9938333333333333 0.003 0.001
5 0.201 0.9915 0.002 0.001
5 0.1975 0.99 0.003 0.0013333333333333333
5 0.2035 0.9896666666666667 0.004 0.0013333333333333333
5 0.20075 0.9885 0.0005 0.0003333333333333333
5 0.1915 0.988 0.001 0.0006666666666666666
5 0.19875 0.987 0.0055 0.0013333333333333333
5 0.19525 0.9853333333333333 0.0035 0.002
5 0.19125 0.9851666666666666 0.0015 0.0023333333333333335
5 0.181 0.9811666666666666 0.002 0.001
5 0.18125 0.9761666666666666 0.0005 0.0003333333333333333
5 0.19675 0.9676666666666667 0.0045 0.0013333333333333333
5 0.193 0.9663333333333334 0.002 0.0006666666666666666
5 0.20075 0.9663333333333334 0.0015 0.0013333333333333333
5 0.19025 0.9648333333333333 0.0005 0.0003333333333333333
5 0.1955 0.964 0.001 0.0006666666666666666
5 0.199 0.9625 0.002 0.001
5 0.1795 0.9591666666666666 0.002 0.001
5 0.19925 0.9588333333333333 0.0065 0.0036666666666666666
5 0.18775 0.9566666666666667 0.0005 0.0006666666666666666
5 0.1855 0.9565 0.002 0.0016666666666666668
5 0.203 0.956 0.003 0.0013333333333333333
5 0.1935 0.955 0.001 0.0006666666666666666
5 0.19525 0.9545 0.0015 0.001
5 0.18075 0.954 0.0015 0.0006666666666666666
5 0.19025 0.9508333333333333 0.0035 0.001
5 0.198 0.9501666666666667 0.002 0.001
5 0.19275 0.95 0.0005 0.0006666666666666666
5 0.198 0.948 0.001 0.0006666666666666666
5 0.18925 0.9461666666666667 0.0025 0.001
5 0.182 0.9451666666666667 0.001 0.0003333333333333333
5 0.1995 0.9433333333333334 0.002 0.002
5 0.193 0.9433333333333334 0.006 0.0026666666666666666
5 0.202 0.9418333333333333 0.001 0.001
5 0.19675 0.9395 0.0065 0.0036666666666666666
5 0.19 0.9378333333333333 0.004 0.001
5 0.20325 0.9373333333333334 0.0015 0.0026666666666666666
5 0.19925 0.9351666666666667 0.0005 0.0003333333333333333
5 0.178 0.9318333333333333 0.001 0.0003333333333333333
5 0.19275 0.9311666666666667 0.0005 0.0003333333333333333
5 0.189 0.9303333333333333 0.001 0.0006666666666666666
5 0.1925 0.9283333333333333 0.001 0.0006666666666666666
5 0.189 0.9283333333333333 0.002 0.0006666666666666666
5 0.19475 0.9286666666666666 0.0025 0.002
5 0.1935 0.9256666666666666 0.004 0.0013333333333333333
5 0.18875 0.925 0.0015 0.0006666666666666666
5 0.18625 0.925 0.0015 0.0006666666666666666
5 0.19525 0.9231666666666667 0.0005 0.0003333333333333333
5 0.19225 0.923 0.0035 0.002
5 0.18875 0.9213333333333333 0.0015 0.0006666666666666666
5 0.19875 0.9218333333333333 0.0025 0.003
5 0.17875 0.9183333333333333 0.0015 0.0006666666666666666
5 0.18875 0.916 0.0015 0.0006666666666666666
5 0.1955 0.9176666666666666 0.008 0.006666666666666667
5 0.19275 0.9133333333333333 0.0015 0.0006666666666666666
5 0.1875 0.913 0.001 0.0006666666666666666
5 0.202 0.9125 0.002 0.001
5 0.1955 0.9121666666666667 0.001 0.0003333333333333333
5 0.18825 0.9111666666666667 0.0015 0.0003333333333333333
5 0.202 0.9106666666666666 0.003 0.0006666666666666666
5 0.19525 0.9088333333333334 0.0015 0.001
5 0.20525 0.9088333333333334 0.0025 0.0016666666666666668
5 0.20025 0.9081666666666667 0.0035 0.0023333333333333335
5 0.19125 0.906 0.0065 0.0026666666666666666
5 0.18775 0.9041666666666667 0.0005 0.0003333333333333333
5 0.1975 0.9046666666666666 0.002 0.002
5 0.19125 0.9035 0.0005 0.0003333333333333333
5 0.2045 0.9033333333333333 0.001 0.0006666666666666666
5 0.1975 0.9021666666666667 0.001 0.0003333333333333333
5 0.1885 0.9018333333333334 0.001 0.0003333333333333333
5 0.2155 0.9026666666666666 0.002 0.0026666666666666666
5 0.20075 0.9025 0.0035 0.005666666666666667
5 0.231 0.9 0.003 0.002
5 0.20025 0.8973333333333333 0.0015 0.0026666666666666666
5 0.18775 0.8975 0.0045 0.003
5 0.1935 0.8958333333333334 0.005 0.001
5 0.22725 0.8955 0.0015 0.001
5 0.18875 0.8946666666666667 0.0015 0.0006666666666666666
5 0.21575 0.8938333333333334 0.0075 0.001
5 0.20725 0.8946666666666667 0.0015 0.0026666666666666666
5 0.23275 0.8941666666666667 0.0035 0.0036666666666666666
5 0.191 0.893 0.004 0.0013333333333333333
5 0.2005 0.893 0.008 0.002
5 0.21 0.8918333333333334 0.004 0.0016666666666666668
5 0.19175 0.8911666666666667 0.0015 0.001
5 0.20325 0.8908333333333334 0.0015 0.001
5 0.242 0.8903333333333333 0.002 0.0013333333333333333
5 0.1975 0.8901666666666667 0.002 0.001
5 0.2285 0.8895 0.005 0.0016666666666666668
5 0.21425 0.8901666666666667 0.0035 0.003
5 0.19975 0.8885 0.0005 0.0003333333333333333
5 0.2125 0.8881666666666667 0.001 0.0003333333333333333
5 0.238 0.8883333333333333 0.004 0.0013333333333333333
5 0.22325 0.8908333333333334 0.0135 0.007
5 0.2055 0.8873333333333333 0.001 0.0006666666666666666
5 0.1985 0.8873333333333333 0.002 0.0006666666666666666
5 0.211 0.887 0.001 0.0006666666666666666
5 0.2075 0.8873333333333333 0.001 0.0013333333333333333
5 0.185 0.8886666666666667 0.005 0.004
5 0.218 0.8866666666666667 0.001 0.0006666666666666666
5 0.17325 0.8856666666666667 0.0005 0.0006666666666666666
5 0.21125 0.884 0.0005 0.0006666666666666666
5 0.226 0.884 0.001 0.002
5 0.177 0.884 0.001 0.002
5 0.236 0.8838333333333334 0.003 0.0023333333333333335
5 0.22275 0.883 0.0015 0.0006666666666666666
5 0.22025 0.8843333333333333 0.0055 0.004
5 0.18475 0.8836666666666667 0.0015 0.0033333333333333335
5 0.21575 0.882 0.0005 0.0006666666666666666
5 0.21125 0.8815 0.0005 0.0003333333333333333
5 0.21325 0.8818333333333334 0.0015 0.0016666666666666668
5 0.24725 0.8766666666666667 0.0015 0.0006666666666666666
5 0.23375 0.876 0.0015 0.0013333333333333333
5 0.23325 0.8738333333333334 0.0005 0.001
5 0.246 0.8716666666666667 0.002 0.0006666666666666666
5 0.23675 0.8683333333333333 0.0035 0.002
5 0.70175 0.8756666666666667 0.0455 0.094
5 0.69975 0.8015 0.0005 0.0003333333333333333
5 0.2915 0.8611666666666666 0.05 0.125
5 0.29425 0.789 0.0435 0.048666666666666664
5 0.294 0.7471666666666666 0.045 0.05366666666666667
5 0.7035 0.7816666666666666 0.05 0.12466666666666666
5 0.7305 0.8303333333333334 0.015 0.3393333333333333
5 0.72525 0.659 0.0005 0.002
5 0.72425 0.653 0.0005 0.0013333333333333333
5 0.72375 0.6485 0.0005 0.0003333333333333333
5 0.29825 0.504 0.0015 0.0006666666666666666
5 0.29975 0.5013333333333333 0.0015 0.0013333333333333333
5 0.294 0.49083333333333334 0.001 0.0003333333333333333
5 0.2965 0.48983333333333334 0.002 0.0016666666666666668
5 0.2975 0.48733333333333334 0.005 0.0013333333333333333
5 0.30325 0.4866666666666667 0.0035 0.002
5 0.279 0.482 0.001 0.0006666666666666666
5 0.3075 0.4801666666666667 0.001 0.0003333333333333333
5 0.28575 0.4796666666666667 0.0005 0.0006666666666666666
5 0.298 0.478 0.003 0.0006666666666666666
5 0.303 0.4786666666666667 0.002 0.0026666666666666666
5 0.30525 0.4765 0.0015 0.0016666666666666668
5 0.30775 0.4751666666666667 0.0005 0.0003333333333333333
5 0.277 0.4706666666666667 0.001 0.0013333333333333333
5 0.309 0.4695 0.001 0.0003333333333333333
5 0.28475 0.4688333333333333 0.0005 0.0003333333333333333
5 0.303 0.468 0.003 0.002
5 0.311 0.4671666666666667 0.003 0.0023333333333333335
5 0.29225 0.4646666666666667 0.0015 0.0006666666666666666
5 0.31025 0.46366666666666667 0.0025 0.002
5 0.29875 0.46266666666666667 0.0005 0.0006666666666666666
5 0.305 0.4633333333333333 0.005 0.0033333333333333335
5 0.3075 0.461 0.002 0.002
5 0.31625 0.45966666666666667 0.0005 0.0006666666666666666
5 0.29325 0.4575 0.0005 0.0003333333333333333
5 0.31225 0.45766666666666667 0.0065 0.002
5 0.30675 0.4575 0.0015 0.0023333333333333335
5 0.29 0.45616666666666666 0.001 0.001
5 0.317 0.4563333333333333 0.002 0.002
5 0.292 0.454 0.001 0.0006666666666666666
5 0.302 0.45316666666666666 0.001 0.0003333333333333333
5 0.30625 0.45316666666666666 0.0015 0.0016666666666666668
5 0.30475 0.45116666666666666 0.0005 0.001
5 0.31275 0.4505 0.0025 0.004333333333333333
5 0.306 0.44666666666666666 0.003 0.0006666666666666666
5 0.316 0.44616666666666666 0.004 0.0016666666666666668
5 0.30525 0.44183333333333336 0.0005 0.0003333333333333333
5 0.318 0.44133333333333336 0.001 0.002
5 0.31275 0.43983333333333335 0.0055 0.0036666666666666666
5 0.29675 0.43383333333333335 0.0005 0.0003333333333333333
5 0.2995 0.43366666666666664 0.001 0.0006666666666666666
5 0.306 0.43333333333333335 0.001 0.0006666666666666666
5 0.31075 0.433 0.0045 0.0006666666666666666
5 0.31425 0.431 0.0085 0.002
5 0.30325 0.428 0.0005 0.0006666666666666666
5 0.31275 0.42716666666666664 0.0025 0.0023333333333333335
5 0.31125 0.4225 0.0015 0.0023333333333333335
5 0.3115 0.418 0.002 0.002
5 0.31725 0.41683333333333333 0.0015 0.001
5 0.31375 0.4161666666666667 0.0035 0.0016666666666666668
5 0.313 0.4135 0.001 0.0003333333333333333
5 0.311 0.4096666666666667 0.001 0.0026666666666666666
5 0.30725 0.4066666666666667 0.0005 0.0006666666666666666
5 0.31425 0.4051666666666667 0.0035 0.0016666666666666668
5 0.30325 0.4031666666666667 0.0015 0.001
5 0.63325 0.3988333333333333 0.0005 0.0003333333333333333
5 0.322 0.39916666666666667 0.004 0.0016666666666666668
5 0.63275 0.39816666666666667 0.0005 0.0003333333333333333
5 0.31275 0.397 0.0005 0.0006666666666666666
5 0.62975 0.3935 0.0015 0.0016666666666666668
5 0.31875 0.395 0.0105 0.006
5 0.3135 0.39166666666666666 0.001 0.0006666666666666666
5 0.62775 0.3908333333333333 0.0005 0.0003333333333333333
5 0.31375 0.3903333333333333 0.0015 0.0013333333333333333
5 0.62675 0.38916666666666666 0.0005 0.0003333333333333333
5 0.62575 0.3878333333333333 0.0015 0.0016666666666666668
5 0.32375 0.38716666666666666 0.0005 0.001
5 0.3205 0.38383333333333336 0.001 0.0003333333333333333
5 0.3275 0.38166666666666665 0.001 0.0006666666666666666
5 0.3235 0.38133333333333336 0.003 0.0013333333333333333
5 0.31975 0.38116666666666665 0.0025 0.0016666666666666668
5 0.31675 0.37933333333333336 0.0005 0.0006666666666666666
5 0.31675 0.3775 0.0025 0.0016666666666666668
5 0.321 0.37616666666666665 0.001 0.0003333333333333333
5 0.317 0.374 0.001 0.0006666666666666666
5 0.3245 0.37633333333333335 0.011 0.006
5 0.31975 0.3725 0.0025 0.0016666666666666668
5 0.33 0.372 0.003 0.0013333333333333333
5 0.3165 0.37083333333333335 0.001 0.0003333333333333333
5 0.327 0.37 0.002 0.0006666666666666666
5 0.31675 0.36766666666666664 0.0015 0.0006666666666666666
5 0.322 0.3675 0.001 0.001
5 0.3275 0.36716666666666664 0.002 0.0016666666666666668
5 0.31975 0.36583333333333334 0.0015 0.001
5 0.32875 0.365 0.0015 0.0006666666666666666
5 0.365 0.362 0.001 0.0006666666666666666
5 0.32625 0.362 0.0025 0.002
5 0.32475 0.35983333333333334 0.0015 0.001
5 0.35975 0.3575 0.0005 0.0016666666666666668
5 0.3315 0.35833333333333334 0.004 0.0033333333333333335
5 0.3275 0.3566666666666667 0.001 0.0006666666666666666
5 0.32475 0.3566666666666667 0.0005 0.0006666666666666666
5 0.36075 0.3551666666666667 0.0005 0.0003333333333333333
5 0.35775 0.355 0.0015 0.0013333333333333333
5 0.33075 0.35483333333333333 0.0025 0.001
5 0.3495 0.35133333333333333 0.003 0.004
5 0.33325 0.349 0.0045 0.0013333333333333333
5 0.34875 0.3465 0.0005 0.0003333333333333333
5 0.33475 0.347 0.0035 0.0013333333333333333
5 0.3415 0.3476666666666667 0.008 0.0033333333333333335
5 0.33825 0.3463333333333333 0.0025 0.0006666666666666666
5 0.342 0.3453333333333333 0.001 0.002
5 0.28675 0.6688333333333333 0.2375 0.6623333333333333
5 0.4065 0.3368333333333333 0.001 0.001
5 0.411 0.33266666666666667 0.001 0.0006666666666666666
5 0.41225 0.3315 0.0015 0.001
5 0.41875 0.3258333333333333 0.0005 0.0003333333333333333
5 0.42025 0.3245 0.0005 0.0003333333333333333
5 0.4615 0.2946666666666667 0.001 0.0006666666666666666
5 0.57475 0.34 0.0995 0.092
5 0.5235 0.29333333333333333 0.001 0.0006666666666666666
5 0.52 0.2915 0.003 0.0016666666666666668
5 0.49075 0.2911666666666667 0.0015 0.0016666666666666668
5 0.493 0.2896666666666667 0.001 0.0006666666666666666
5 0.491 0.28933333333333333 0.001 0.0013333333333333333
5 0.4905 0.287 0.054 0.013333333333333334