5 0.717 0.9249499666444296 0.0033333333333333335 0.00066711140760507
5 0.30833333333333335 0.9236157438292195 0.0006666666666666666 0.00066711140760507
5 0.738 0.9242828552368245 0.008 0.00333555703802535
5 0.7443333333333333 0.9216144096064043 0.0006666666666666666 0.00066711140760507
5 0.723 0.9202801867911942 0.004666666666666667 0.004669779853235491
5 0.732 0.9106070713809206 0.0013333333333333333 0.00533689126084056
5 0.7236666666666667 0.9076050700466978 0.007333333333333333 0.012675116744496331
5 0.2906666666666667 0.904603068712475 0.050666666666666665 0.0466977985323549
5 0.273 0.8782521681120747 0.002 0.004669779853235491
5 0.5156666666666667 0.8408939292861908 0.178 0.10073382254836558
5 0.3636666666666667 0.7551701134089392 0.002 0.00533689126084056
5 0.5893333333333334 0.7515010006671115 0.005333333333333333 0.0020013342228152103
5 0.5173333333333333 0.7565043362241495 0.16 0.02134756504336224
5 0.463 0.7461641094062709 0.0006666666666666666 0.00066711140760507
5 0.588 0.7308205470313542 0.004 0.00333555703802535
5 0.6026666666666667 0.715143428952635 0.0013333333333333333 0.00133422281521014
5 0.7133333333333334 0.7511674449633089 0.06533333333333333 0.1027351567711808
5 0.28933333333333333 0.442628418945964 0.0013333333333333333 0.01000667111407605
5 0.289 0.4296197464976651 0.002 0.00533689126084056
5 0.31366666666666665 0.3999332888592395 0.002 0.0020013342228152103
5 0.30133333333333334 0.3432288192128085 0.005333333333333333 0.00733822548365577
5 0.29933333333333334 0.3382254836557705 0.0013333333333333333 0.00133422281521014
5 0.7273333333333334 0.3122081387591728 0.0026666666666666666 0.00533689126084056
5 0.7393333333333333 0.30153435623749164 0.0026666666666666666 0.00533689126084056
5 0.6976666666666667 0.27951967978652437 0.002 0.00133422281521014
5 0.703 0.27184789859906605 0.0006666666666666666 0.0020013342228152103
5 0.6886666666666666 0.26617745163442297 0.0013333333333333333 0.00133422281521014
5 0.5086666666666667 0.4389593062041361 0.5653333333333334 0.7858572381587725