5 0.04375 0.9993055555555556 0.001388888888888889 0.001388888888888889
5 0.13194444444444445 0.9979166666666667 0.005555555555555556 0.004166666666666667
5 0.017361111111111112 0.9659722222222222 0.001388888888888889 0.001388888888888889
5 0.1 0.9291666666666667 0.002777777777777778 0.002777777777777778
5 0.08263888888888889 0.7694444444444445 0.16527777777777777 0.06944444444444445
5 0.06527777777777778 0.7319444444444444 0.13055555555555556 0.019444444444444445
5 0.2013888888888889 0.6458333333333334 0.002777777777777778 0.016666666666666666
5 0.8666666666666667 0.5701388888888889 0.005555555555555556 0.004166666666666667
5 0.1125 0.49236111111111114 0.005555555555555556 0.001388888888888889
5 0.12777777777777777 0.4909722222222222 0.011111111111111112 0.001388888888888889
5 0.027777777777777776 0.4965277777777778 0.05555555555555555 0.0125
5 0.17291666666666666 0.4618055555555556 0.006944444444444444 0.004166666666666667
5 0.09513888888888888 0.44930555555555557 0.17083333333333334 0.04027777777777778
5 0.027083333333333334 0.4305555555555556 0.0125 0.002777777777777778
5 0.7784722222222222 0.42916666666666664 0.004166666666666667 0.002777777777777778
5 0.043055555555555555 0.42916666666666664 0.011111111111111112 0.002777777777777778
5 0.05416666666666667 0.4270833333333333 0.005555555555555556 0.001388888888888889
5 0.06805555555555555 0.4263888888888889 0.011111111111111112 0.002777777777777778
5 0.125 0.4215277777777778 0.075 0.006944444444444444
5 0.8833333333333333 0.40208333333333335 0.13055555555555556 0.020833333333333332
5 0.024305555555555556 0.31875 0.04861111111111111 0.02638888888888889
5 0.8798611111111111 0.28680555555555554 0.02638888888888889 0.0125
5 0.07083333333333333 0.27847222222222223 0.013888888888888888 0.006944444444444444
5 0.11666666666666667 0.2743055555555556 0.005555555555555556 0.004166666666666667
5 0.10138888888888889 0.27291666666666664 0.002777777777777778 0.001388888888888889
5 0.10902777777777778 0.27152777777777776 0.001388888888888889 0.001388888888888889
5 0.16597222222222222 0.27361111111111114 0.05694444444444444 0.019444444444444445
5 0.7152777777777778 0.25833333333333336 0.005555555555555556 0.002777777777777778
5 0.8944444444444445 0.22708333333333333 0.002777777777777778 0.001388888888888889
5 0.06597222222222222 0.19722222222222222 0.03194444444444444 0.013888888888888888
5 0.7729166666666667 0.18125 0.029166666666666667 0.015277777777777777
5 0.014583333333333334 0.15902777777777777 0.001388888888888889 0.001388888888888889
5 0.03125 0.15555555555555556 0.009722222222222222 0.011111111111111112
5 0.5 0.5 1.0 1.0