5 0.5159375 0.5253947368421052 0.769375 0.35657894736842105
5 0.5072916666666667 0.33131578947368423 0.0008333333333333334 0.0036842105263157894
5 0.5065625 0.32894736842105265 0.00020833333333333335 0.0005263157894736842
5 0.5069791666666666 0.32539473684210524 0.0010416666666666667 0.0060526315789473685
5 0.5071875 0.3215789473684211 0.000625 0.0010526315789473684
5 0.5247916666666667 0.26763157894736844 0.00125 0.003157894736842105
5 0.5260416666666666 0.26421052631578945 0.0004166666666666667 0.0005263157894736842
5 0.5184375 0.27842105263157896 0.024375 0.06631578947368422
5 0.46197916666666666 0.2425 0.005208333333333333 0.0060526315789473685
5 0.529375 0.22539473684210526 0.00125 0.0028947368421052633
5 0.49604166666666666 0.22223684210526315 0.06958333333333333 0.04447368421052632