5 0.4483333333333333 0.8106666666666666 0.078 0.03333333333333333
5 0.5613333333333334 0.8076666666666666 0.08666666666666667 0.038
5 0.416 0.7826666666666666 0.006666666666666667 0.017333333333333333
5 0.593 0.7813333333333333 0.01 0.024
5 0.5873333333333334 0.7626666666666667 0.004 0.005333333333333333
5 0.5216666666666666 0.764 0.006 0.02666666666666667
5 0.5 0.7636666666666667 0.006666666666666667 0.027333333333333334
5 0.48533333333333334 0.7633333333333333 0.013333333333333334 0.02666666666666667
5 0.5416666666666666 0.7623333333333333 0.023333333333333334 0.028666666666666667
5 0.5216666666666666 0.745 0.006 0.007333333333333333
5 0.5113333333333333 0.7596666666666667 0.006666666666666667 0.03666666666666667
5 0.5003333333333333 0.745 0.006 0.007333333333333333
5 0.5746666666666667 0.7546666666666667 0.017333333333333333 0.030666666666666665
5 0.598 0.746 0.014666666666666666 0.03333333333333333
5 0.4483333333333333 0.7056666666666667 0.002 0.002
5 0.447 0.7003333333333334 0.0006666666666666666 0.0006666666666666666
5 0.449 0.691 0.0006666666666666666 0.0006666666666666666
5 0.452 0.6823333333333333 0.0026666666666666666 0.0033333333333333335
5 0.5543333333333333 0.6946666666666667 0.0033333333333333335 0.05466666666666667
5 0.44533333333333336 0.666 0.0026666666666666666 0.0013333333333333333
5 0.447 0.6643333333333333 0.0006666666666666666 0.0006666666666666666
5 0.44366666666666665 0.6586666666666666 0.002 0.0013333333333333333
5 0.44466666666666665 0.6386666666666667 0.0013333333333333333 0.0013333333333333333
5 0.561 0.6486666666666666 0.011333333333333334 0.028
5 0.5083333333333333 0.67 0.004666666666666667 0.11066666666666666
5 0.5163333333333333 0.607 0.014 0.008666666666666666
5 0.4663333333333333 0.661 0.018 0.122
5 0.5153333333333333 0.5996666666666667 0.009333333333333334 0.004666666666666667
5 0.463 0.5976666666666667 0.0033333333333333335 0.0033333333333333335
5 0.5153333333333333 0.592 0.010666666666666666 0.009333333333333334
5 0.468 0.589 0.014666666666666666 0.014
5 0.46366666666666667 0.5793333333333334 0.0033333333333333335 0.004
5 0.44433333333333336 0.5743333333333334 0.0033333333333333335 0.002
5 0.5173333333333333 0.5786666666666667 0.013333333333333334 0.016
5 0.44366666666666665 0.5663333333333334 0.0006666666666666666 0.0006666666666666666
5 0.44366666666666665 0.558 0.002 0.0013333333333333333
5 0.44333333333333336 0.5333333333333333 0.0013333333333333333 0.0013333333333333333
5 0.4483333333333333 0.532 0.002 0.0013333333333333333
5 0.44533333333333336 0.5283333333333333 0.0013333333333333333 0.0006666666666666666
5 0.4483333333333333 0.5076666666666667 0.002 0.002
5 0.443 0.5066666666666667 0.002 0.0026666666666666666
5 0.44866666666666666 0.503 0.0013333333333333333 0.0006666666666666666
5 0.447 0.5016666666666667 0.0006666666666666666 0.0006666666666666666
5 0.44333333333333336 0.47533333333333333 0.0013333333333333333 0.0013333333333333333
5 0.44 0.4483333333333333 0.0013333333333333333 0.0006666666666666666
5 0.5566666666666666 0.5386666666666666 0.005333333333333333 0.18533333333333332
5 0.511 0.5056666666666667 0.004666666666666667 0.12333333333333334
5 0.444 0.44333333333333336 0.004 0.0026666666666666666
5 0.515 0.439 0.002 0.002
5 0.5916666666666667 0.5713333333333334 0.006 0.2813333333333333
5 0.564 0.43166666666666664 0.009333333333333334 0.023333333333333334
5 0.5203333333333333 0.426 0.014 0.021333333333333333
5 0.4676666666666667 0.49366666666666664 0.016666666666666666 0.16866666666666666
5 0.44766666666666666 0.39666666666666667 0.002 0.0013333333333333333
5 0.45 0.39466666666666667 0.0026666666666666666 0.004
5 0.5643333333333334 0.4046666666666667 0.01 0.029333333333333333
5 0.4503333333333333 0.38366666666666666 0.0006666666666666666 0.0006666666666666666
5 0.447 0.38333333333333336 0.002 0.0013333333333333333
5 0.5646666666666667 0.38233333333333336 0.009333333333333334 0.015333333333333332
5 0.5193333333333333 0.3893333333333333 0.017333333333333333 0.04
5 0.449 0.368 0.0006666666666666666 0.0013333333333333333
5 0.4696666666666667 0.3863333333333333 0.018 0.04066666666666666
5 0.5663333333333334 0.36866666666666664 0.011333333333333334 0.009333333333333334
5 0.4543333333333333 0.3606666666666667 0.002 0.0013333333333333333
5 0.45566666666666666 0.35633333333333334 0.0006666666666666666 0.0006666666666666666
5 0.5976666666666667 0.3893333333333333 0.008666666666666666 0.072
5 0.438 0.5513333333333333 0.07466666666666667 0.456
5 0.4066666666666667 0.31033333333333335 0.0013333333333333333 0.0033333333333333335
5 0.4013333333333333 0.2836666666666667 0.009333333333333334 0.008666666666666666
5 0.6003333333333334 0.2896666666666667 0.028666666666666667 0.024666666666666667
5 0.477 0.2623333333333333 0.0006666666666666666 0.0006666666666666666
5 0.477 0.25766666666666665 0.002 0.0033333333333333335
5 0.4766666666666667 0.25333333333333335 0.0026666666666666666 0.004
5 0.477 0.249 0.002 0.002
5 0.377 0.24766666666666667 0.0006666666666666666 0.0006666666666666666
5 0.48633333333333334 0.246 0.0006666666666666666 0.0013333333333333333
5 0.4766666666666667 0.243 0.0013333333333333333 0.002
5 0.48633333333333334 0.23166666666666666 0.0006666666666666666 0.0006666666666666666
5 0.47733333333333333 0.232 0.0013333333333333333 0.006666666666666667
5 0.4673333333333333 0.24166666666666667 0.004 0.05266666666666667
5 0.4683333333333333 0.209 0.0006666666666666666 0.002
5 0.4683333333333333 0.203 0.002 0.007333333333333333
5 0.4686666666666667 0.195 0.0013333333333333333 0.004666666666666667
5 0.4686666666666667 0.18533333333333332 0.0013333333333333333 0.0013333333333333333
5 0.469 0.177 0.002 0.0033333333333333335
5 0.459 0.221 0.004666666666666667 0.09666666666666666
5 0.4503333333333333 0.21866666666666668 0.006 0.1
5 0.42233333333333334 0.21566666666666667 0.09933333333333333 0.146