5 0.868 0.6806666666666666 0.0026666666666666666 0.0013333333333333333
5 0.8626666666666667 0.6806666666666666 0.0026666666666666666 0.0013333333333333333
5 0.8593333333333333 0.6126666666666667 0.004 0.030666666666666665
5 0.8506666666666667 0.6373333333333333 0.032 0.08266666666666667
5 0.2986666666666667 0.41333333333333333 0.0026666666666666666 0.008
5 0.298 0.398 0.004 0.014666666666666666
5 0.3 0.3873333333333333 0.0026666666666666666 0.012
5 0.3006666666666667 0.37733333333333335 0.0013333333333333333 0.005333333333333333
5 0.30866666666666664 0.38133333333333336 0.0013333333333333333 0.018666666666666668
5 0.748 0.36133333333333334 0.0026666666666666666 0.0026666666666666666
5 0.31 0.35533333333333333 0.0013333333333333333 0.004
5 0.7226666666666667 0.39266666666666666 0.010666666666666666 0.08133333333333333
5 0.73 0.39 0.009333333333333334 0.07866666666666666
5 0.744 0.38333333333333336 0.021333333333333333 0.07866666666666666
5 0.586 0.3413333333333333 0.0013333333333333333 0.0026666666666666666
5 0.7306666666666667 0.30866666666666664 0.005333333333333333 0.004
5 0.7373333333333333 0.304 0.005333333333333333 0.010666666666666666
5 0.49533333333333335 0.552 0.7986666666666666 0.5253333333333333
5 0.35 0.29 0.0013333333333333333 0.0013333333333333333
5 0.41333333333333333 0.29 0.005333333333333333 0.004
5 0.314 0.27666666666666667 0.0013333333333333333 0.0013333333333333333
5 0.672 0.282 0.021333333333333333 0.014666666666666666
5 0.32 0.2733333333333333 0.0026666666666666666 0.0026666666666666666
5 0.3253333333333333 0.27066666666666667 0.005333333333333333 0.0026666666666666666
5 0.43133333333333335 0.26666666666666666 0.004 0.0026666666666666666
5 0.38 0.28 0.10133333333333333 0.04
5 0.6673333333333333 0.268 0.11333333333333333 0.024