5 0.6565115500502177 0.6205357142857143 0.00033478406427854036 0.0004464285714285714
5 0.6584365584198192 0.6184151785714286 0.0015065282892534316 0.0006696428571428571
5 0.663290927351858 0.6099330357142857 0.0008369601606963508 0.0006696428571428571
5 0.6639604954804151 0.603125 0.0005021760964178105 0.0008928571428571428
5 0.34809173083361233 0.6005580357142857 0.00016739203213927018 0.0002232142857142857
5 0.34055908938734514 0.5889508928571429 0.00016739203213927018 0.0002232142857142857
5 0.5063608972212923 0.6053571428571428 0.31637094074322064 0.09866071428571428
5 0.3644961499832608 0.4924107142857143 0.0005021760964178105 0.0004464285714285714
5 0.3643287579511215 0.48783482142857143 0.00016739203213927018 0.0002232142857142857
5 0.6459658520254435 0.48727678571428573 0.00033478406427854036 0.0004464285714285714
5 0.6469702042182792 0.4799107142857143 0.00033478406427854036 0.0004464285714285714
5 0.6468028121861399 0.4792410714285714 0.00033478406427854036 0.0004464285714285714
5 0.36516571811181786 0.47366071428571427 0.0005021760964178105 0.0004464285714285714
5 0.3645798459993304 0.4719866071428571 0.00033478406427854036 0.0006696428571428571
5 0.6144961499832607 0.47109375 0.00033478406427854036 0.0006696428571428571
5 0.6206896551724138 0.46986607142857145 0.00033478406427854036 0.0004464285714285714
5 0.6138265818547037 0.46975446428571427 0.00033478406427854036 0.0006696428571428571
5 0.3655005021760964 0.46886160714285713 0.00016739203213927018 0.0002232142857142857
5 0.3657515902243053 0.46763392857142855 0.00033478406427854036 0.0004464285714285714
5 0.6450451958486776 0.46372767857142855 0.00016739203213927018 0.0002232142857142857
5 0.6445430197522598 0.4621651785714286 0.00016739203213927018 0.0002232142857142857
5 0.3897723468362906 0.4625 0.00016739203213927018 0.0013392857142857143
5 0.36608637428858387 0.4597098214285714 0.00033478406427854036 0.0002232142857142857
5 0.38985604285236025 0.4597098214285714 0.00033478406427854036 0.003794642857142857
5 0.3661700703046535 0.45803571428571427 0.00016739203213927018 0.0004464285714285714
5 0.6180950786742551 0.45691964285714287 0.00016739203213927018 0.0004464285714285714
5 0.38608972212922665 0.45613839285714286 0.00016739203213927018 0.0002232142857142857
5 0.6178439906260462 0.45602678571428573 0.00033478406427854036 0.0008928571428571428
5 0.38985604285236025 0.45613839285714286 0.00033478406427854036 0.0011160714285714285
5 0.6162537663207232 0.4511160714285714 0.0005021760964178105 0.0004464285714285714
5 0.615584198192166 0.45078125 0.00016739203213927018 0.0002232142857142857
5 0.6147472380314697 0.4505580357142857 0.0008369601606963508 0.0006696428571428571
5 0.6188483428188818 0.44955357142857144 0.00033478406427854036 0.0004464285714285714
5 0.3934549715433545 0.44921875 0.00016739203213927018 0.0002232142857142857
5 0.6147472380314697 0.44609375 0.0005021760964178105 0.0006696428571428571
5 0.38608972212922665 0.45 0.0008369601606963508 0.011607142857142858
5 0.6147472380314697 0.44386160714285716 0.0005021760964178105 0.0006696428571428571
5 0.389437562772012 0.44229910714285714 0.00016739203213927018 0.0002232142857142857
5 0.39144626715768327 0.44174107142857144 0.00016739203213927018 0.0008928571428571428
5 0.39228322731837967 0.44151785714285713 0.00016739203213927018 0.0008928571428571428
5 0.39529628389688654 0.4395089285714286 0.0008369601606963508 0.0017857142857142857
5 0.6153331101439572 0.43917410714285715 0.00033478406427854036 0.0020089285714285712
5 0.6413625711416137 0.4372767857142857 0.0005021760964178105 0.0004464285714285714
5 0.6393538667559424 0.43649553571428573 0.00016739203213927018 0.0002232142857142857
5 0.615835286240375 0.43348214285714287 0.00033478406427854036 0.0017857142857142857
5 0.6063776364245062 0.4314732142857143 0.00016739203213927018 0.0008928571428571428
5 0.370187479075996 0.42466517857142855 0.00016739203213927018 0.0002232142857142857
5 0.6118178774690325 0.4309151785714286 0.002008704385671242 0.0140625
5 0.6108972212922665 0.42287946428571427 0.00016739203213927018 0.0006696428571428571
5 0.6056243722798795 0.42232142857142857 0.00033478406427854036 0.0004464285714285714
5 0.6067961165048543 0.4284598214285714 0.002008704385671242 0.013616071428571429
5 0.6106461332440576 0.4212053571428571 0.00033478406427854036 0.0008928571428571428
5 0.605959156344158 0.42109375 0.00033478406427854036 0.0006696428571428571
5 0.6058754603280884 0.4198660714285714 0.0005021760964178105 0.0008928571428571428
5 0.605038500167392 0.4185267857142857 0.00016739203213927018 0.0004464285714285714
5 0.6057917643120188 0.4185267857142857 0.00033478406427854036 0.0008928571428571428
5 0.6055406762638098 0.41685267857142855 0.0005021760964178105 0.0020089285714285712
5 0.38918647472380313 0.42868303571428573 0.0033478406427854034 0.027008928571428573
5 0.6100602611315702 0.41517857142857145 0.00016739203213927018 0.0013392857142857143
5 0.6136591898225644 0.4142857142857143 0.00033478406427854036 0.0004464285714285714
5 0.6093069969869435 0.41484375 0.00033478406427854036 0.0020089285714285712
5 0.6098091730833612 0.4138392857142857 0.00033478406427854036 0.0008928571428571428
5 0.6052058921995312 0.4138392857142857 0.0005021760964178105 0.0026785714285714286
5 0.6134917977904252 0.41261160714285716 0.0006695681285570807 0.0020089285714285712
5 0.6097254770672916 0.4121651785714286 0.00016739203213927018 0.0011160714285714285
5 0.6043689320388349 0.41127232142857145 0.00016739203213927018 0.0002232142857142857
5 0.6140776699029126 0.41127232142857145 0.0005021760964178105 0.0020089285714285712
5 0.6131570137261466 0.41060267857142857 0.00033478406427854036 0.0006696428571428571
5 0.6095580850351523 0.41049107142857144 0.00016739203213927018 0.0008928571428571428
5 0.6093069969869435 0.4080357142857143 0.00033478406427854036 0.0008928571428571428
5 0.6047874121191831 0.4088169642857143 0.0006695681285570807 0.004241071428571428
5 0.6135754938064948 0.4069196428571429 0.0005021760964178105 0.0013392857142857143
5 0.613073317710077 0.4075892857142857 0.0005021760964178105 0.0035714285714285713
5 0.6134081017743556 0.40457589285714285 0.00016739203213927018 0.0002232142857142857
5 0.608721124874456 0.40279017857142857 0.00016739203213927018 0.0002232142857142857
5 0.6086374288583863 0.4017857142857143 0.00033478406427854036 0.0004464285714285714
5 0.6124874455975896 0.40223214285714287 0.00033478406427854036 0.0017857142857142857
5 0.6129896216940074 0.4011160714285714 0.00033478406427854036 0.0017857142857142857
5 0.6078841647137596 0.4004464285714286 0.00016739203213927018 0.0004464285714285714
5 0.6083863408101774 0.4002232142857143 0.00016739203213927018 0.0004464285714285714
5 0.6123200535654503 0.39944196428571427 0.0006695681285570807 0.002455357142857143
5 0.6361734181452963 0.39799107142857143 0.00016739203213927018 0.0004464285714285714
5 0.6120689655172413 0.3972098214285714 0.00016739203213927018 0.0002232142857142857
5 0.6078841647137596 0.3938616071428571 0.0005021760964178105 0.004241071428571428
5 0.607549380649481 0.39051339285714287 0.00016739203213927018 0.0006696428571428571
5 0.6072982926012722 0.3886160714285714 0.00033478406427854036 0.0013392857142857143
5 0.6033645798459993 0.3963169642857143 0.002176096417810512 0.018080357142857145
5 0.6108972212922665 0.38783482142857145 0.0005021760964178105 0.0029017857142857144
5 0.6063776364245062 0.3864955357142857 0.00016739203213927018 0.0002232142857142857
5 0.6062102443923669 0.3854910714285714 0.00016739203213927018 0.0004464285714285714
5 0.6023602276531637 0.38571428571428573 0.00016739203213927018 0.0013392857142857143
5 0.6021091396049548 0.38381696428571427 0.00033478406427854036 0.0020089285714285712
5 0.6110646133244058 0.38236607142857143 0.0005021760964178105 0.0008928571428571428
5 0.6058754603280884 0.38270089285714287 0.0005021760964178105 0.002455357142857143
5 0.6109809173083361 0.3810267857142857 0.00033478406427854036 0.0004464285714285714
5 0.39228322731837967 0.3977678571428571 0.0038500167392032138 0.033928571428571426
5 0.6107298292601272 0.37845982142857143 0.00016739203213927018 0.0002232142857142857
5 0.39412453967191163 0.37935267857142857 0.0005021760964178105 0.0020089285714285712
5 0.6054569802477402 0.3783482142857143 0.00033478406427854036 0.0017857142857142857
5 0.6016906595246067 0.37857142857142856 0.0005021760964178105 0.003125
5 0.610562437227988 0.3770089285714286 0.00016739203213927018 0.0004464285714285714
5 0.6051221961834616 0.3765625 0.00033478406427854036 0.0004464285714285714
5 0.6098091730833612 0.37589285714285714 0.00033478406427854036 0.0004464285714285714
5 0.6012721794442585 0.3756696428571429 0.00033478406427854036 0.0008928571428571428
5 0.6004352192835621 0.3747767857142857 0.00033478406427854036 0.0004464285714285714
5 0.610311349179779 0.37466517857142856 0.00033478406427854036 0.0006696428571428571
5 0.6094743890190827 0.3744419642857143 0.00033478406427854036 0.0006696428571428571
5 0.39445932373619014 0.37611607142857145 0.0008369601606963508 0.0040178571428571425
5 0.6049548041513224 0.3732142857142857 0.00033478406427854036 0.0004464285714285714
5 0.6049548041513224 0.3717633928571429 0.00033478406427854036 0.0006696428571428571
5 0.6099765651155005 0.3713169642857143 0.00033478406427854036 0.0006696428571428571
5 0.600686307331771 0.3697544642857143 0.00016739203213927018 0.0002232142857142857
5 0.6090559089387345 0.37008928571428573 0.0005021760964178105 0.0013392857142857143
5 0.394961499832608 0.37120535714285713 0.0008369601606963508 0.004464285714285714
5 0.6314864412453968 0.36819196428571427 0.00016739203213927018 0.0002232142857142857
5 0.6004352192835621 0.36819196428571427 0.00033478406427854036 0.0006696428571428571
5 0.39529628389688654 0.36763392857142857 0.00016739203213927018 0.0004464285714285714
5 0.6088048208905256 0.36707589285714287 0.00033478406427854036 0.0002232142857142857
5 0.6002678272514228 0.36640625 0.00033478406427854036 0.0011160714285714285
5 0.6048711081352528 0.36551339285714285 0.00016739203213927018 0.0006696428571428571
5 0.39563106796116504 0.36495535714285715 0.0008369601606963508 0.004464285714285714
5 0.6088885169065953 0.36227678571428573 0.0005021760964178105 0.0013392857142857143
5 0.5999330431871442 0.36294642857142856 0.0006695681285570807 0.003125
5 0.6043689320388349 0.36171875 0.0005021760964178105 0.0029017857142857144
5 0.39588215600937393 0.3613839285714286 0.0006695681285570807 0.002232142857142857
5 0.599765651155005 0.36037946428571427 0.00033478406427854036 0.0011160714285714285
5 0.6041178439906261 0.3588169642857143 0.00033478406427854036 0.0015625
5 0.5995145631067961 0.35848214285714286 0.0005021760964178105 0.0017857142857142857
5 0.40040174087713426 0.3578125 0.00033478406427854036 0.0008928571428571428
5 0.6039504519584867 0.35691964285714284 0.00033478406427854036 0.0008928571428571428
5 0.6084700368262471 0.3580357142857143 0.0006695681285570807 0.0040178571428571425
5 0.40056913290927354 0.35636160714285714 0.00033478406427854036 0.0006696428571428571
5 0.3963006360897221 0.35770089285714285 0.0008369601606963508 0.004241071428571428
5 0.6037830599263475 0.3552455357142857 0.00033478406427854036 0.0006696428571428571
5 0.6081352527619686 0.35502232142857143 0.00033478406427854036 0.0011160714285714285
5 0.40082022095748243 0.3546875 0.00016739203213927018 0.0004464285714285714
5 0.4051724137931034 0.35446428571428573 0.0005021760964178105 0.0026785714285714286
5 0.3785570806829595 0.3533482142857143 0.0008369601606963508 0.0004464285714285714
5 0.6078841647137596 0.3535714285714286 0.0005021760964178105 0.0013392857142857143
5 0.6072145965852025 0.35234375 0.00016739203213927018 0.0002232142857142857
5 0.6033645798459993 0.35234375 0.00016739203213927018 0.0002232142857142857
5 0.4009876129896217 0.3529017857142857 0.0005021760964178105 0.002232142857142857
5 0.405507197857382 0.35167410714285713 0.00016739203213927018 0.0006696428571428571
5 0.3936223635754938 0.3952008928571429 0.00987612989621694 0.0921875
5 0.5988449949782391 0.35256696428571427 0.001171744224974891 0.009151785714285715
5 0.397472380314697 0.39352678571428573 0.01088048208905256 0.09241071428571429
5 0.378891864747238 0.34754464285714287 0.0005021760964178105 0.0004464285714285714
5 0.6151657181118179 0.3933035714285714 0.011382658185470372 0.09330357142857143
5 0.40190826916638767 0.3918526785714286 0.010713090056913292 0.09263392857142858
5 0.6111483093404754 0.39151785714285714 0.012052226314027453 0.09241071428571429
5 0.3799799129561433 0.3455357142857143 0.00033478406427854036 0.0004464285714285714
5 0.38073317710077 0.3455357142857143 0.0005021760964178105 0.0008928571428571428
5 0.3828255775025109 0.3444196428571429 0.00033478406427854036 0.0004464285714285714
5 0.3804820890525611 0.34453125 0.00033478406427854036 0.0006696428571428571
5 0.40299631737529296 0.4055803571428571 0.01858051556745899 0.12366071428571429
5 0.38223970539002344 0.34386160714285713 0.00016739203213927018 0.0002232142857142857
5 0.6060428523602277 0.38984375 0.011215266153331101 0.09263392857142858
5 0.3830766655507198 0.34296875 0.00016739203213927018 0.0002232142857142857
5 0.3814864412453967 0.34363839285714287 0.0006695681285570807 0.0015625
5 0.3840810177435554 0.34274553571428573 0.0008369601606963508 0.0006696428571428571
5 0.38223970539002344 0.3425223214285714 0.0005021760964178105 0.0006696428571428571
5 0.6047874121191831 0.4025669642857143 0.01841312353531972 0.12120535714285714
5 0.3827418814864412 0.3416294642857143 0.00016739203213927018 0.0002232142857142857
5 0.38491797790425175 0.3418526785714286 0.0008369601606963508 0.0011160714285714285
5 0.38583863408101776 0.34095982142857145 0.0006695681285570807 0.0011160714285714285
5 0.38366253766320724 0.34095982142857145 0.0013391362571141614 0.0020089285714285712
5 0.389437562772012 0.33995535714285713 0.0005021760964178105 0.0008928571428571428
5 0.39035821894877804 0.33939732142857143 0.00033478406427854036 0.0002232142857142857
5 0.3866755942417141 0.3404017857142857 0.0016739203213927017 0.0026785714285714286
5 0.38516906595246064 0.3390625 0.00033478406427854036 0.0004464285714285714
5 0.3857549380649481 0.33872767857142855 0.00016739203213927018 0.0002232142857142857
5 0.3868429862738534 0.33839285714285716 0.00033478406427854036 0.0004464285714285714
5 0.3906930030130566 0.3380580357142857 0.0016739203213927017 0.0011160714285714285
5 0.38659189822564444 0.3377232142857143 0.0005021760964178105 0.0004464285714285714
5 0.394961499832608 0.33705357142857145 0.0005021760964178105 0.0004464285714285714
5 0.3886006026113157 0.33883928571428573 0.0025108804820890528 0.0040178571428571425
5 0.38751255440241045 0.33705357142857145 0.00033478406427854036 0.0004464285714285714
5 0.393120187479076 0.33671875 0.00016739203213927018 0.0002232142857142857
5 0.38901908269166385 0.33549107142857143 0.00033478406427854036 0.0004464285714285714
5 0.3908603950451959 0.33604910714285713 0.0036826247070639436 0.0029017857142857144
5 0.39655172413793105 0.33482142857142855 0.001004352192835621 0.0008928571428571428
5 0.3935386675594242 0.33482142857142855 0.0013391362571141614 0.0013392857142857143
5 0.3910277870773351 0.3338169642857143 0.00033478406427854036 0.0002232142857142857
5 0.39948108470036825 0.33370535714285715 0.0005021760964178105 0.0004464285714285714
5 0.4010713090056913 0.3333705357142857 0.00033478406427854036 0.0002232142857142857
5 0.39178105122196183 0.3333705357142857 0.00016739203213927018 0.0002232142857142857
5 0.40584198192166054 0.3332589285714286 0.00016739203213927018 0.0004464285714285714
5 0.4017408771342484 0.33314732142857145 0.00033478406427854036 0.0002232142857142857
5 0.4041680616002678 0.3332589285714286 0.0008369601606963508 0.0008928571428571428
5 0.4024104452628055 0.3328125 0.00033478406427854036 0.0004464285714285714
5 0.3988952125878808 0.3327008928571429 0.0006695681285570807 0.0006696428571428571
5 0.39261801138265817 0.33314732142857145 0.0008369601606963508 0.0015625
5 0.4014060930699699 0.33247767857142857 0.00033478406427854036 0.0006696428571428571
5 0.39412453967191163 0.33169642857142856 0.0005021760964178105 0.0004464285714285714
5 0.39663542015400066 0.3328125 0.004184800803481754 0.003125
5 0.40801807833947107 0.3313616071428571 0.0015065282892534316 0.0011160714285714285
5 0.4066789420823569 0.33091517857142855 0.00016739203213927018 0.0002232142857142857
5 0.39529628389688654 0.3313616071428571 0.0005021760964178105 0.0011160714285714285
5 0.411700703046535 0.33058035714285716 0.00016739203213927018 0.0004464285714285714
5 0.4091898225644459 0.33058035714285716 0.0005021760964178105 0.0004464285714285714
5 0.397472380314697 0.3306919642857143 0.0005021760964178105 0.0006696428571428571
5 0.3995647807164379 0.33058035714285716 0.0013391362571141614 0.0017857142857142857
5 0.39671911617007033 0.32979910714285715 0.00033478406427854036 0.0002232142857142857
5 0.398393036491463 0.32979910714285715 0.00033478406427854036 0.0006696428571428571
5 0.3976397723468363 0.32912946428571427 0.00016739203213927018 0.0002232142857142857
5 0.44534650150652827 0.32890625 0.00016739203213927018 0.0002232142857142857
5 0.4091061265483763 0.32912946428571427 0.001004352192835621 0.0006696428571428571
5 0.4014897890860395 0.32912946428571427 0.0008369601606963508 0.0006696428571428571
5 0.4124539671911617 0.32857142857142857 0.00033478406427854036 0.0004464285714285714
5 0.40366588550385 0.32823660714285713 0.00016739203213927018 0.0002232142857142857
5 0.39939738868429864 0.328125 0.0013391362571141614 0.0008928571428571428
5 0.41136591898225644 0.3286830357142857 0.0015065282892534316 0.002455357142857143
5 0.40584198192166054 0.32767857142857143 0.00016739203213927018 0.0004464285714285714
5 0.41404419149648475 0.32767857142857143 0.0008369601606963508 0.0008928571428571428
5 0.4092735185805156 0.32734375 0.00033478406427854036 0.0002232142857142857
5 0.40726481419484434 0.32700892857142855 0.00033478406427854036 0.0004464285714285714
5 0.416052895882156 0.3267857142857143 0.0005021760964178105 0.0004464285714285714
5 0.4009876129896217 0.32712053571428573 0.0015065282892534316 0.0011160714285714285
5 0.4024941412788751 0.3263392857142857 0.0005021760964178105 0.0004464285714285714
5 0.41923334449280214 0.32566964285714284 0.00016739203213927018 0.0004464285714285714
5 0.40567458988952126 0.32645089285714285 0.0031804486106461333 0.002455357142857143
5 0.40349849347171074 0.32578125 0.001171744224974891 0.0011160714285714285
5 0.40492132574489453 0.3248883928571429 0.001004352192835621 0.0006696428571428571
5 0.5785905590893874 0.32433035714285713 0.0005021760964178105 0.0004464285714285714
5 0.4209072648141948 0.32388392857142856 0.0005021760964178105 0.0004464285714285714
5 0.575912286575159 0.32332589285714286 0.00016739203213927018 0.0002232142857142857
5 0.42174422497489117 0.32332589285714286 0.0008369601606963508 0.0006696428571428571
5 0.574070974221627 0.32265625 0.0018413123535319718 0.0006696428571428571
5 0.4248409775694677 0.32254464285714285 0.00033478406427854036 0.0004464285714285714
5 0.571560093739538 0.3223214285714286 0.0008369601606963508 0.0008928571428571428
5 0.44543019752259794 0.3216517857142857 0.00033478406427854036 0.0004464285714285714
5 0.5826079678607299 0.32042410714285713 0.0005021760964178105 0.0006696428571428571
5 0.4542182792099096 0.3200892857142857 0.00016739203213927018 0.0004464285714285714
5 0.5646133244057583 0.3205357142857143 0.011382658185470372 0.0026785714285714286
5 0.5580850351523268 0.31953125 0.001004352192835621 0.0006696428571428571
5 0.4552226314027452 0.31953125 0.0005021760964178105 0.0006696428571428571
5 0.5566622028791429 0.31930803571428573 0.001171744224974891 0.0006696428571428571
5 0.41354201540006696 0.3228794642857143 0.014563106796116505 0.0078125
5 0.4198192166052896 0.31886160714285716 0.00033478406427854036 0.0002232142857142857
5 0.4174757281553398 0.3189732142857143 0.0006695681285570807 0.0004464285714285714
5 0.5544861064613325 0.31886160714285716 0.0025108804820890528 0.0011160714285714285
5 0.5513056578506863 0.3185267857142857 0.001171744224974891 0.0004464285714285714
5 0.49004017408771344 0.3181919642857143 0.0005021760964178105 0.0006696428571428571
5 0.5157348510210914 0.3181919642857143 0.0006695681285570807 0.0011160714285714285
5 0.46601941747572817 0.31796875 0.00033478406427854036 0.0006696428571428571
5 0.41931704050887175 0.3185267857142857 0.002008704385671242 0.0017857142857142857
5 0.5472882490793438 0.3176339285714286 0.0008369601606963508 0.0004464285714285714
5 0.501841312353532 0.3176339285714286 0.00033478406427854036 0.0004464285714285714
5 0.47003682624707066 0.31752232142857145 0.00033478406427854036 0.0002232142857142857
5 0.5487947773685973 0.3177455357142857 0.0015065282892534316 0.0011160714285714285
5 0.4718781386006026 0.3170758928571429 0.001004352192835621 0.0002232142857142857
5 0.5007532641446267 0.31685267857142857 0.00016739203213927018 0.0002232142857142857
5 0.46786072982926014 0.31729910714285714 0.0016739203213927017 0.0011160714285714285
5 0.5435219283562103 0.3171875 0.005356545028456646 0.0013392857142857143
5 0.4734683629059257 0.3166294642857143 0.00016739203213927018 0.0002232142857142857
5 0.5395882156009374 0.31674107142857144 0.0018413123535319718 0.0008928571428571428
5 0.4744727150987613 0.3166294642857143 0.0005021760964178105 0.0006696428571428571
5 0.475225979243388 0.31629464285714287 0.00033478406427854036 0.0004464285714285714
5 0.47815533980582525 0.31651785714285713 0.0031804486106461333 0.0013392857142857143
5 0.42827251422832274 0.31595982142857143 0.00016739203213927018 0.0002232142857142857
5 0.5062772012052227 0.31595982142857143 0.0005021760964178105 0.0006696428571428571
5 0.4813357884164714 0.31640625 0.002176096417810512 0.0015625
5 0.48853364579846 0.31595982142857143 0.0015065282892534316 0.0011160714285714285
5 0.48501841312353533 0.31595982142857143 0.004519584867760294 0.0015625
5 0.5308838299296953 0.31607142857142856 0.014228322731837965 0.002232142857142857
5 0.487612989621694 0.3151785714285714 0.0006695681285570807 0.0004464285714285714
5 0.4922162705055239 0.3157366071428571 0.005858721124874456 0.0020089285714285712
5 0.5095413458319384 0.31540178571428573 0.028121861399397388 0.002232142857142857
5 0.5540676263809843 0.3131696428571429 0.00033478406427854036 0.0004464285714285714
5 0.5476230331436224 0.3119419642857143 0.00016739203213927018 0.0002232142857142857
5 0.541513223970539 0.3106026785714286 0.00033478406427854036 0.0002232142857142857
5 0.5383327753598929 0.3098214285714286 0.00033478406427854036 0.0004464285714285714
5 0.5343153665885504 0.30970982142857145 0.00033478406427854036 0.0002232142857142857
5 0.5220957482423837 0.30904017857142857 0.00033478406427854036 0.0002232142857142857
5 0.5308838299296953 0.30904017857142857 0.0005021760964178105 0.0006696428571428571
5 0.5273685972547707 0.3088169642857143 0.00016739203213927018 0.0002232142857142857
5 0.4615835286240375 0.3088169642857143 0.00016739203213927018 0.0002232142857142857
5 0.4592400401740877 0.3088169642857143 0.00016739203213927018 0.0002232142857142857
5 0.5258620689655172 0.30848214285714287 0.00016739203213927018 0.0004464285714285714
5 0.4696183461667225 0.30825892857142856 0.0005021760964178105 0.0004464285714285714
5 0.4957315031804486 0.3079241071428571 0.0005021760964178105 0.0002232142857142857
5 0.4873619015734851 0.3079241071428571 0.00016739203213927018 0.0002232142857142857
5 0.5024271844660194 0.30770089285714286 0.0005021760964178105 0.0002232142857142857
5 0.48635754938064946 0.30770089285714286 0.00016739203213927018 0.0002232142857142857
5 0.4733009708737864 0.30747767857142855 0.00016739203213927018 0.0002232142857142857
5 0.47430532306662204 0.3072544642857143 0.0005021760964178105 0.0006696428571428571
5 0.4776531637094074 0.3072544642857143 0.0015065282892534316 0.0011160714285714285
5 0.47556076330766656 0.30703125 0.001004352192835621 0.0006696428571428571
5 0.4858553732842317 0.3065848214285714 0.0008369601606963508 0.0006696428571428571
5 0.4830097087378641 0.30714285714285716 0.0018413123535319718 0.0017857142857142857
5 0.48468362905925677 0.3066964285714286 0.0008369601606963508 0.0013392857142857143
5 0.5054402410445262 0.45535714285714285 0.3433210579176431 0.3026785714285714