5 0.3476666666666667 0.8656666666666667 0.0033333333333333335 0.0006666666666666666
5 0.346 0.8483333333333334 0.0026666666666666666 0.0006666666666666666
5 0.3413333333333333 0.8483333333333334 0.0026666666666666666 0.002
5 0.33 0.845 0.017333333333333333 0.007333333333333333
5 0.31166666666666665 0.8356666666666667 0.0006666666666666666 0.0006666666666666666
5 0.308 0.833 0.0013333333333333333 0.002
5 0.305 0.8303333333333334 0.0006666666666666666 0.0006666666666666666
5 0.405 0.82 0.002 0.0013333333333333333
5 0.42766666666666664 0.8183333333333334 0.0006666666666666666 0.0006666666666666666
5 0.28833333333333333 0.813 0.0006666666666666666 0.0006666666666666666
5 0.43 0.813 0.0013333333333333333 0.002
5 0.411 0.8133333333333334 0.002 0.0026666666666666666
5 0.29333333333333333 0.8133333333333334 0.017333333333333333 0.029333333333333333
5 0.2663333333333333 0.7976666666666666 0.0006666666666666666 0.0006666666666666666
5 0.2843333333333333 0.797 0.002 0.002
5 0.4156666666666667 0.8033333333333333 0.007333333333333333 0.016
5 0.283 0.7896666666666666 0.0006666666666666666 0.0006666666666666666
5 0.4206666666666667 0.7866666666666666 0.004 0.013333333333333334
5 0.4216666666666667 0.7763333333333333 0.002 0.006
5 0.42133333333333334 0.7696666666666667 0.0013333333333333333 0.002
5 0.42033333333333334 0.7633333333333333 0.0006666666666666666 0.0013333333333333333
5 0.5506666666666666 0.7253333333333334 0.0013333333333333333 0.0013333333333333333
5 0.3903333333333333 0.7203333333333334 0.0006666666666666666 0.0006666666666666666
5 0.39066666666666666 0.7 0.0026666666666666666 0.0013333333333333333
5 0.29633333333333334 0.7073333333333334 0.020666666666666667 0.02266666666666667
5 0.376 0.6953333333333334 0.02266666666666667 0.006666666666666667
5 0.253 0.6633333333333333 0.002 0.0026666666666666666
5 0.25166666666666665 0.661 0.0006666666666666666 0.0006666666666666666
5 0.24866666666666667 0.657 0.004 0.004666666666666667
5 0.24266666666666667 0.6483333333333333 0.008 0.011333333333333334
5 0.235 0.637 0.004666666666666667 0.006
5 0.23133333333333334 0.6323333333333333 0.0013333333333333333 0.002
5 0.20733333333333334 0.5986666666666667 0.04533333333333334 0.06266666666666666
5 0.18133333333333335 0.5626666666666666 0.0013333333333333333 0.0013333333333333333
5 0.17866666666666667 0.559 0.0013333333333333333 0.002
5 0.175 0.5536666666666666 0.0006666666666666666 0.0006666666666666666
5 0.17266666666666666 0.5503333333333333 0.0013333333333333333 0.002
5 0.165 0.541 0.0006666666666666666 0.0006666666666666666
5 0.09033333333333333 0.5136666666666667 0.006 0.01
5 0.08633333333333333 0.5076666666666667 0.0006666666666666666 0.0006666666666666666
5 0.41333333333333333 0.5513333333333333 0.35733333333333334 0.3933333333333333
5 0.565 0.438 0.36333333333333334 0.396
5 0.733 0.318 0.3433333333333333 0.404