5 0.6136162687886826 0.9043017456359103 0.008841732979664015 0.011845386533665835
5 0.6220159151193634 0.89214463840399 0.004420866489832007 0.007481296758104738
5 0.28160919540229884 0.8734413965087282 0.01856763925729443 0.04239401496259352
5 0.5676392572944297 0.8765586034912718 0.019451812555260833 0.05486284289276808
5 0.33554376657824936 0.8700124688279302 0.004420866489832007 0.05423940149625935
5 0.636604774535809 0.8594139650872819 0.022988505747126436 0.05423940149625935
5 0.654288240495137 0.8135910224438903 0.0035366931918656055 0.016209476309226933
5 0.6330680813439434 0.7986284289276808 0.021220159151193633 0.05361596009975062
5 0.4973474801061008 0.7986284289276808 0.032714412024756855 0.05361596009975062
5 0.27541998231653403 0.36938902743142144 0.04509283819628647 0.09413965087281795
5 0.8103448275862069 0.2967581047381546 0.004420866489832007 0.00997506234413965
5 0.8134394341290893 0.26527431421446385 0.005305039787798408 0.0442643391521197
5 0.2780725022104332 0.2983167082294264 0.03801945181255526 0.12905236907730674
5 0.28160919540229884 0.23285536159600997 0.00618921308576481 0.005610972568578554
5 0.39036251105216624 0.5121571072319202 0.03978779840848806 0.5903990024937655
5 0.6768346595932803 0.5105985037406484 0.03978779840848806 0.5897755610972568
5 0.367816091954023 0.5152743142144638 0.0035366931918656055 0.6165835411471322
5 0.654288240495137 0.20978802992518703 0.0035366931918656055 0.008104738154613466
5 0.48320070733863835 0.5579800498753117 0.08930150309460655 0.7082294264339152
5 0.6370468611847923 0.18703241895261846 0.022104332449160036 0.02369077306733167
5 0.4991158267020336 0.1867206982543641 0.023872679045092837 0.025561097256857856
5 0.6220159151193634 0.17269326683291772 0.002652519893899204 0.0024937655860349127
5 0.5141467727674625 0.17206982543640897 0.004420866489832007 0.003740648379052369
5 0.3271441202475685 0.4607231920199501 0.008841732979664015 0.5860349127182045
5 0.6140583554376657 0.16770573566084787 0.00618921308576481 0.003740648379052369
5 0.52210433244916 0.16770573566084787 0.007957559681697613 0.004987531172069825
5 0.2568523430592396 0.5467581047381546 0.20954907161803712 0.7680798004987531
5 0.7802829354553492 0.5439526184538653 0.10167992926613616 0.7724438902743143