5 0.581 0.8303303303303303 0.082 0.02702702702702703
5 0.302 0.6801801801801802 0.004 0.003003003003003003
5 0.315 0.6741741741741741 0.002 0.003003003003003003
5 0.342 0.6666666666666666 0.008 0.006006006006006006
5 0.385 0.6531531531531531 0.006 0.003003003003003003
5 0.404 0.6471471471471472 0.004 0.003003003003003003
5 0.416 0.6426426426426426 0.012 0.006006006006006006
5 0.44 0.6351351351351351 0.004 0.003003003003003003
5 0.455 0.6291291291291291 0.006 0.003003003003003003
5 0.465 0.6261261261261262 0.002 0.003003003003003003
5 0.474 0.6246246246246246 0.008 0.006006006006006006
5 0.492 0.6171171171171171 0.004 0.003003003003003003
5 0.584 0.5855855855855856 0.164 0.06006006006006006
5 0.679 0.5540540540540541 0.002 0.003003003003003003
5 0.26 0.1036036036036036 0.004 0.003003003003003003
5 0.333 0.11711711711711711 0.106 0.042042042042042045
5 0.621 0.31981981981981983 0.17 0.4594594594594595
5 0.669 0.23423423423423423 0.118 0.3783783783783784
5 0.5 0.5 1.0 1.0