5 0.5371352785145889 0.9161471321695761 0.0008841732979664014 0.0006234413965087282
5 0.5282935455349248 0.9055486284289277 0.0008841732979664014 0.0006234413965087282
5 0.5269672855879752 0.9036783042394015 0.0017683465959328027 0.0018703241895261845
5 0.5729442970822282 0.8790523690773068 0.015915119363395226 0.057356608478802994
5 0.6383731211317418 0.8076683291770573 0.019451812555260833 0.06670822942643391
5 0.5083996463306808 0.8079800498753117 0.019451812555260833 0.06733167082294264
5 0.34350132625994695 0.5339775561097256 0.0610079575596817 0.6839152119700748
5 0.4858532272325376 0.5414588528678305 0.08045977011494253 0.7213216957605985
5 0.6206896551724138 0.5451995012468828 0.16445623342175067 0.7687032418952618
5 0.8174182139699381 0.5451995012468828 0.10521662245800177 0.7699501246882793
5 0.21308576480990274 0.5451995012468828 0.16622458001768348 0.7699501246882793