5 0.21428571428571427 0.5360824742268041 0.02702702702702703 0.010309278350515464
5 0.6023166023166023 0.5077319587628866 0.007722007722007722 0.005154639175257732
5 0.14285714285714285 0.5180412371134021 0.08494208494208494 0.05670103092783505
5 0.611969111969112 0.43041237113402064 0.003861003861003861 0.005154639175257732
5 0.33783783783783783 0.45618556701030927 0.13513513513513514 0.08762886597938144
5 0.14671814671814673 0.4381443298969072 0.09266409266409266 0.061855670103092786
5 0.14671814671814673 0.36082474226804123 0.06177606177606178 0.05154639175257732
5 0.5212355212355212 0.5747422680412371 0.8185328185328186 0.4896907216494845
5 0.18146718146718147 0.327319587628866 0.007722007722007722 0.005154639175257732
5 0.32432432432432434 0.3015463917525773 0.023166023166023165 0.005154639175257732
5 0.4092664092664093 0.2809278350515464 0.10810810810810811 0.02577319587628866
5 0.6081081081081081 0.2654639175257732 0.28185328185328185 0.05670103092783505