5 0.3511111111111111 0.9911111111111112 0.07111111111111111 0.017777777777777778
5 0.3022222222222222 0.96 0.008888888888888889 0.008888888888888889
5 0.9422222222222222 0.9622222222222222 0.11555555555555555 0.07555555555555556
5 0.43333333333333335 0.8266666666666667 0.06666666666666667 0.02666666666666667
5 0.14444444444444443 0.8911111111111111 0.28888888888888886 0.21777777777777776
5 0.5822222222222222 0.8488888888888889 0.14222222222222222 0.2222222222222222
5 0.31333333333333335 0.8355555555555556 0.09333333333333334 0.24
5 0.2644444444444444 0.6577777777777778 0.0044444444444444444 0.035555555555555556
5 0.6933333333333334 0.4111111111111111 0.02666666666666667 0.04888888888888889
5 0.7444444444444445 0.43555555555555553 0.12 0.10666666666666667
5 0.6755555555555556 0.37333333333333335 0.008888888888888889 0.017777777777777778
5 0.2777777777777778 0.37333333333333335 0.12 0.09777777777777778
5 0.52 0.21777777777777776 0.008888888888888889 0.035555555555555556
5 0.3022222222222222 0.21333333333333335 0.017777777777777778 0.02666666666666667
5 0.2688888888888889 0.21333333333333335 0.013333333333333334 0.02666666666666667
5 0.23333333333333334 0.21555555555555556 0.022222222222222223 0.03111111111111111
5 0.015555555555555555 0.035555555555555556 0.03111111111111111 0.07111111111111111