5 0.4403292181069959 0.8888888888888888 0.024691358024691357 0.00966183574879227
5 0.5411522633744856 0.8816425120772947 0.012345679012345678 0.014492753623188406
5 0.39711934156378603 0.821256038647343 0.00411522633744856 0.01932367149758454
5 0.742798353909465 0.6159420289855072 0.00411522633744856 0.004830917874396135
5 0.7263374485596708 0.6521739130434783 0.16872427983539096 0.07729468599033816
5 0.23251028806584362 0.7415458937198067 0.4567901234567901 0.4492753623188406
5 0.7613168724279835 0.7342995169082126 0.4773662551440329 0.45410628019323673
5 0.12962962962962962 0.49516908212560384 0.012345679012345678 0.014492753623188406
5 0.9259259259259259 0.47101449275362317 0.00823045267489712 0.004830917874396135
5 0.7160493827160493 0.4975845410628019 0.2716049382716049 0.2028985507246377
5 0.3004115226337449 0.5217391304347826 0.3292181069958848 0.30917874396135264
5 0.06995884773662552 0.4106280193236715 0.03292181069958848 0.1642512077294686
5 0.977366255144033 0.40096618357487923 0.02880658436213992 0.1642512077294686
5 0.4835390946502058 0.30434782608695654 0.00411522633744856 0.00966183574879227
5 0.9732510288065843 0.2777777777777778 0.012345679012345678 0.014492753623188406
5 0.9403292181069959 0.21497584541062803 0.00411522633744856 0.004830917874396135
5 0.5864197530864198 0.11352657004830918 0.012345679012345678 0.004830917874396135
5 0.4218106995884774 0.10386473429951691 0.0205761316872428 0.004830917874396135
5 0.6275720164609053 0.10386473429951691 0.02880658436213992 0.014492753623188406
5 0.4012345679012346 0.09903381642512077 0.00411522633744856 0.004830917874396135
5 0.6625514403292181 0.09420289855072464 0.03292181069958848 0.014492753623188406
5 0.30246913580246915 0.07729468599033816 0.06172839506172839 0.028985507246376812
5 0.7942386831275721 0.10628019323671498 0.2222222222222222 0.10628019323671498