5 0.17333333333333334 0.8466666666666667 0.008888888888888889 0.0044444444444444444
5 0.21555555555555556 0.8044444444444444 0.03111111111111111 0.02666666666666667
5 0.09777777777777778 0.7466666666666667 0.035555555555555556 0.035555555555555556
5 0.3 0.6911111111111111 0.0044444444444444444 0.0044444444444444444
5 0.33555555555555555 0.6555555555555556 0.0044444444444444444 0.0044444444444444444
5 0.3244444444444444 0.6955555555555556 0.11555555555555555 0.12
5 0.39555555555555555 0.6177777777777778 0.017777777777777778 0.02666666666666667
5 0.25555555555555554 0.7022222222222222 0.2088888888888889 0.2222222222222222
5 0.44666666666666666 0.5711111111111111 0.022222222222222223 0.022222222222222223
5 0.47555555555555556 0.5444444444444444 0.008888888888888889 0.013333333333333334
5 0.39111111111111113 0.56 0.05333333333333334 0.05333333333333334
5 0.43777777777777777 0.5133333333333333 0.013333333333333334 0.013333333333333334
5 0.5466666666666666 0.47555555555555556 0.008888888888888889 0.008888888888888889
5 0.5555555555555556 0.4488888888888889 0.008888888888888889 0.008888888888888889
5 0.5933333333333334 0.41333333333333333 0.013333333333333334 0.008888888888888889
5 0.6155555555555555 0.4066666666666667 0.013333333333333334 0.013333333333333334
5 0.6266666666666667 0.37777777777777777 0.008888888888888889 0.008888888888888889
5 0.6688888888888889 0.35333333333333333 0.04888888888888889 0.04888888888888889
5 0.6844444444444444 0.15333333333333332 0.035555555555555556 0.04
5 0.7844444444444445 0.21555555555555556 0.18222222222222223 0.23555555555555555