5 0.3511111111111111 0.9911111111111112 0.07111111111111111 0.017777777777777778
5 0.3 0.9622222222222222 0.0044444444444444444 0.0044444444444444444
5 0.9422222222222222 0.9622222222222222 0.11555555555555555 0.07555555555555556
5 0.43333333333333335 0.8266666666666667 0.06666666666666667 0.02666666666666667
5 0.14444444444444443 0.8911111111111111 0.28888888888888886 0.21777777777777776
5 0.5822222222222222 0.8466666666666667 0.14222222222222222 0.22666666666666666
5 0.31333333333333335 0.8377777777777777 0.09333333333333334 0.23555555555555555
5 0.2644444444444444 0.6577777777777778 0.0044444444444444444 0.035555555555555556
5 0.7444444444444445 0.43555555555555553 0.12 0.10666666666666667
5 0.6866666666666666 0.39555555555555555 0.04 0.07111111111111111
5 0.2777777777777778 0.3711111111111111 0.12 0.10222222222222223
5 0.52 0.22 0.008888888888888889 0.03111111111111111
5 0.3 0.2111111111111111 0.013333333333333334 0.022222222222222223
5 0.2688888888888889 0.21333333333333335 0.013333333333333334 0.02666666666666667
5 0.23333333333333334 0.21777777777777776 0.022222222222222223 0.035555555555555556
5 0.015555555555555555 0.035555555555555556 0.03111111111111111 0.07111111111111111