5 0.6022222222222222 0.9622222222222222 0.0044444444444444444 0.0044444444444444444
5 0.43777777777777777 0.8244444444444444 0.0044444444444444444 0.0044444444444444444
5 0.2688888888888889 0.8888888888888888 0.09333333333333334 0.19555555555555557
5 0.16444444444444445 0.7577777777777778 0.008888888888888889 0.0044444444444444444
5 0.06888888888888889 0.84 0.13777777777777778 0.32
5 0.5 0.8266666666666667 0.18222222222222223 0.3466666666666667
5 0.44 0.6022222222222222 0.008888888888888889 0.013333333333333334
5 0.3288888888888889 0.66 0.16 0.21777777777777776
5 0.06 0.5688888888888889 0.10222222222222223 0.08888888888888889
5 0.18222222222222223 0.5377777777777778 0.18666666666666668 0.24888888888888888
5 0.4533333333333333 0.46 0.035555555555555556 0.1288888888888889
5 0.042222222222222223 0.38222222222222224 0.08444444444444445 0.05333333333333334
5 0.6688888888888889 0.35333333333333333 0.0044444444444444444 0.0044444444444444444
5 0.4911111111111111 0.3088888888888889 0.013333333333333334 0.013333333333333334
5 0.7866666666666666 0.2288888888888889 0.008888888888888889 0.0044444444444444444
5 0.09111111111111111 0.25333333333333335 0.18222222222222223 0.13333333333333333
5 0.022222222222222223 0.17777777777777778 0.017777777777777778 0.008888888888888889
5 0.7377777777777778 0.5 0.5244444444444445 1.0
5 0.46 0.0044444444444444444 0.0044444444444444444 0.008888888888888889
5 0.3488888888888889 0.27111111111111114 0.29777777777777775 0.5422222222222223
5 0.23777777777777778 0.0022222222222222222 0.0044444444444444444 0.0044444444444444444
5 0.11555555555555555 0.07777777777777778 0.2311111111111111 0.15555555555555556