5 0.8615451388888888 0.987 0.0008680555555555555 0.0006666666666666666
5 0.7634548611111112 0.896 0.0026041666666666665 0.009333333333333334
5 0.8576388888888888 0.8153333333333334 0.001736111111111111 0.0013333333333333333
5 0.8602430555555556 0.783 0.001736111111111111 0.0006666666666666666
5 0.8376736111111112 0.775 0.013888888888888888 0.01
5 0.63671875 0.763 0.0008680555555555555 0.002
5 0.8493923611111112 0.7133333333333334 0.0026041666666666665 0.0013333333333333333
5 0.8559027777777778 0.696 0.005208333333333333 0.0026666666666666666
5 0.8645833333333334 0.6813333333333333 0.006944444444444444 0.0013333333333333333
5 0.8528645833333334 0.6816666666666666 0.004340277777777778 0.0033333333333333335
5 0.8528645833333334 0.6746666666666666 0.0026041666666666665 0.004
5 0.8524305555555556 0.6583333333333333 0.005208333333333333 0.011333333333333334
5 0.8875868055555556 0.6516666666666666 0.0026041666666666665 0.002
5 0.859375 0.641 0.001736111111111111 0.002
5 0.8901909722222222 0.6356666666666667 0.0008680555555555555 0.0006666666666666666
5 0.8532986111111112 0.636 0.003472222222222222 0.0026666666666666666
5 0.8532986111111112 0.6276666666666667 0.001736111111111111 0.002
5 0.8411458333333334 0.591 0.003472222222222222 0.004666666666666667
5 0.7951388888888888 0.564 0.006944444444444444 0.006666666666666667
5 0.7973090277777778 0.5466666666666666 0.0026041666666666665 0.004
5 0.7903645833333334 0.531 0.0026041666666666665 0.004666666666666667
5 0.7942708333333334 0.5223333333333333 0.006944444444444444 0.0033333333333333335
5 0.8020833333333334 0.52 0.003472222222222222 0.005333333333333333
5 0.7951388888888888 0.516 0.006944444444444444 0.0013333333333333333
5 0.7899305555555556 0.508 0.001736111111111111 0.0026666666666666666
5 0.7348090277777778 0.485 0.0008680555555555555 0.002
5 0.7886284722222222 0.48433333333333334 0.006076388888888889 0.002
5 0.80078125 0.465 0.0008680555555555555 0.0006666666666666666
5 0.7951388888888888 0.465 0.005208333333333333 0.002
5 0.7365451388888888 0.4676666666666667 0.004340277777777778 0.011333333333333334
5 0.8038194444444444 0.4603333333333333 0.005208333333333333 0.0033333333333333335
5 0.7973090277777778 0.4146666666666667 0.0008680555555555555 0.0013333333333333333
5 0.8190104166666666 0.20166666666666666 0.0008680555555555555 0.0006666666666666666
5 0.8702256944444444 0.13266666666666665 0.004340277777777778 0.0026666666666666666
5 0.8328993055555556 0.13333333333333333 0.006076388888888889 0.012
5 0.8784722222222222 0.129 0.008680555555555556 0.004666666666666667
5 0.8802083333333334 0.08066666666666666 0.003472222222222222 0.004
5 0.8953993055555556 0.06966666666666667 0.006076388888888889 0.0033333333333333335
5 0.87890625 0.059 0.011284722222222222 0.008666666666666666
5 0.8767361111111112 0.052 0.003472222222222222 0.0026666666666666666
5 0.8715277777777778 0.04566666666666667 0.005208333333333333 0.002
5 0.8276909722222222 0.5053333333333333 0.3376736111111111 0.968
5 0.19140625 0.49966666666666665 0.3793402777777778 0.9966666666666667