5 0.318359375 0.903564453125 0.0166015625 0.05126953125
5 0.547607421875 0.90966796875 0.05517578125 0.072265625
5 0.572509765625 0.828857421875 0.00341796875 0.00146484375
5 0.604248046875 0.82177734375 0.05712890625 0.083984375
5 0.50634765625 0.822021484375 0.0283203125 0.08447265625
5 0.31884765625 0.811279296875 0.1318359375 0.14404296875
5 0.3125 0.258056640625 0.03515625 0.10791015625
5 0.316162109375 0.176513671875 0.02978515625 0.14794921875
5 0.320068359375 0.101318359375 0.00537109375 0.00537109375
5 0.638916015625 0.5 0.07958984375 0.91015625
5 0.49853515625 0.498291015625 0.083984375 0.92529296875
5 0.318603515625 0.503173828125 0.22216796875 0.94091796875
5 0.746826171875 0.499755859375 0.09130859375 0.94580078125