5 0.12741935483870967 0.7654320987654321 0.02258064516129032 0.20987654320987653
5 0.18870967741935485 0.5617283950617284 0.016129032258064516 0.04938271604938271
5 0.3225806451612903 0.6604938271604939 0.12258064516129032 0.38271604938271603
5 0.36935483870967745 0.5030864197530864 0.016129032258064516 0.08024691358024691
5 0.0532258064516129 0.3765432098765432 0.1064516129032258 0.2345679012345679
5 0.15 0.595679012345679 0.3 0.6851851851851852
5 0.19838709677419356 0.19753086419753085 0.11290322580645161 0.04938271604938271
5 0.38387096774193546 0.07407407407407407 0.0064516129032258064 0.012345679012345678
5 0.3774193548387097 0.024691358024691357 0.012903225806451613 0.012345679012345678
5 0.3596774193548387 0.015432098765432098 0.00967741935483871 0.006172839506172839
5 0.5403225806451613 0.5 0.9193548387096774 1.0
5 0.33225806451612905 0.0030864197530864196 0.012903225806451613 0.006172839506172839
5 0.03387096774193549 0.06790123456790123 0.06774193548387097 0.13580246913580246