5 0.9396875 0.6725 0.003125 0.0025
5 0.9240625 0.665 0.001875 0.00125
5 0.9196875 0.6634375 0.000625 0.000625
5 0.92375 0.6621875 0.00125 0.000625
5 0.9203125 0.6603125 0.000625 0.000625
5 0.9153125 0.66125 0.003125 0.0025
5 0.909375 0.6565625 0.00125 0.000625
5 0.900625 0.6553125 0.0025 0.001875
5 0.8690625 0.641875 0.001875 0.00125
5 0.8753125 0.6403125 0.000625 0.000625
5 0.84125 0.6346875 0.00125 0.000625
5 0.8171875 0.6321875 0.004375 0.001875
5 0.791875 0.629375 0.0025 0.00125
5 0.71875 0.6078125 0.005 0.004375
5 0.6696875 0.6034375 0.000625 0.000625
5 0.6959375 0.57375 0.001875 0.00375
5 0.783125 0.545 0.0025 0.00125
5 0.6628125 0.5240625 0.005625 0.009375
5 0.641875 0.439375 0.00125 0.00125
5 0.9525 0.34875 0.00125 0.0025
5 0.9528125 0.3421875 0.001875 0.008125
5 0.959375 0.285625 0.00125 0.00125
5 0.8946875 0.27625 0.001875 0.00125
5 0.964375 0.2390625 0.00125 0.003125
5 0.9671875 0.2340625 0.000625 0.001875
5 0.9690625 0.2203125 0.000625 0.000625
5 0.9690625 0.2021875 0.000625 0.000625
5 0.970625 0.1875 0.00125 0.00125
5 0.9703125 0.179375 0.001875 0.00125
5 0.974375 0.143125 0.00375 0.00625
5 0.988125 0.0125 0.00125 0.00375
5 0.9909375 0.00375 0.000625 0.00125
5 0.989375 0.000625 0.00125 0.00125
5 0.5 0.5 1.0 1.0