5 0.41304347826086957 0.9824120603015075 0.011857707509881422 0.005025125628140704
5 0.4505928853754941 0.9748743718592965 0.007905138339920948 0.010050251256281407
5 0.9664031620553359 0.9371859296482412 0.011857707509881422 0.01507537688442211
5 0.8675889328063241 0.9321608040201005 0.02766798418972332 0.035175879396984924
5 0.6897233201581028 0.9195979899497487 0.30434782608695654 0.08040201005025126
5 0.191699604743083 0.7336683417085427 0.383399209486166 0.5125628140703518
5 0.383399209486166 0.3391959798994975 0.015810276679841896 0.005025125628140704
5 0.6383399209486166 0.5 0.2727272727272727 0.34673366834170855
5 0.6284584980237155 0.25879396984924624 0.05533596837944664 0.01507537688442211
5 0.5395256916996047 0.2537688442211055 0.003952569169960474 0.005025125628140704
5 0.7154150197628458 0.24623115577889448 0.11067193675889328 0.04020100502512563
5 0.6877470355731226 0.0829145728643216 0.08695652173913043 0.09547738693467336