5 0.5933333333333334 0.9044444444444445 0.09333333333333334 0.04
5 0.5577777777777778 0.7022222222222222 0.0044444444444444444 0.035555555555555556
5 0.6955555555555556 0.6666666666666666 0.0044444444444444444 0.017777777777777778
5 0.7044444444444444 0.6244444444444445 0.0044444444444444444 0.0044444444444444444
5 0.5622222222222222 0.6288888888888889 0.0044444444444444444 0.03111111111111111
5 0.5044444444444445 0.6733333333333333 0.03111111111111111 0.2088888888888889
5 0.4866666666666667 0.5555555555555556 0.0044444444444444444 0.008888888888888889
5 0.4822222222222222 0.5177777777777778 0.0044444444444444444 0.0044444444444444444
5 0.6533333333333333 0.58 0.044444444444444446 0.5555555555555556
5 0.26 0.5555555555555556 0.3422222222222222 0.7911111111111111
5 0.7711111111111111 0.54 0.25333333333333335 0.8133333333333334
5 0.4311111111111111 0.5244444444444445 0.19555555555555557 0.7911111111111111
5 0.6377777777777778 0.1711111111111111 0.09333333333333334 0.09333333333333334
5 0.41333333333333333 0.13111111111111112 0.02666666666666667 0.022222222222222223