5 0.494140625 0.9238578680203046 0.78515625 0.15228426395939088
5 0.169921875 0.733502538071066 0.01953125 0.03553299492385787
5 0.875 0.7284263959390863 0.03125 0.06598984771573604
5 0.873046875 0.6751269035532995 0.01953125 0.030456852791878174
5 0.970703125 0.5 0.00390625 0.03553299492385787
5 0.203125 0.40609137055837563 0.046875 0.030456852791878174
5 0.23828125 0.40609137055837563 0.0234375 0.050761421319796954
5 0.921875 0.37055837563451777 0.0078125 0.02030456852791878
5 0.197265625 0.25380710659898476 0.00390625 0.01015228426395939
5 0.208984375 0.2131979695431472 0.01171875 0.030456852791878174
5 0.701171875 0.19543147208121828 0.02734375 0.05583756345177665
5 0.275390625 0.2639593908629442 0.04296875 0.20304568527918782
5 0.908203125 0.22081218274111675 0.05859375 0.13705583756345177
5 0.5859375 0.18527918781725888 0.0390625 0.06598984771573604
5 0.986328125 0.2563451776649746 0.02734375 0.3604060913705584