5 0.08482142857142858 0.9575892857142857 0.017857142857142856 0.022321428571428572
5 0.25223214285714285 0.9397321428571429 0.004464285714285714 0.013392857142857142
5 0.060267857142857144 0.9441964285714286 0.004464285714285714 0.03125
5 0.3013392857142857 0.9620535714285714 0.05803571428571429 0.07589285714285714
5 0.06919642857142858 0.9129464285714286 0.013392857142857142 0.022321428571428572
5 0.26339285714285715 0.8816964285714286 0.017857142857142856 0.013392857142857142
5 0.16071428571428573 0.8883928571428571 0.017857142857142856 0.05357142857142857
5 0.125 0.9107142857142857 0.026785714285714284 0.09821428571428571
5 0.19419642857142858 0.9263392857142857 0.10267857142857142 0.14732142857142858
5 0.24330357142857142 0.7321428571428571 0.013392857142857142 0.026785714285714284
5 0.29017857142857145 0.5580357142857143 0.008928571428571428 0.026785714285714284
5 0.2700892857142857 0.5647321428571429 0.013392857142857142 0.08482142857142858
5 0.7098214285714286 0.10491071428571429 0.008928571428571428 0.013392857142857142
5 0.8839285714285714 0.08705357142857142 0.23214285714285715 0.17410714285714285
5 0.6473214285714286 0.046875 0.09821428571428571 0.09375
5 0.5 0.5 1.0 1.0