5 0.5927272727272728 0.825136612021858 0.014545454545454545 0.01092896174863388
5 0.7727272727272727 0.8087431693989071 0.0036363636363636364 0.01092896174863388
5 0.5618181818181818 0.592896174863388 0.0036363636363636364 0.00546448087431694
5 0.5727272727272728 0.587431693989071 0.01090909090909091 0.00546448087431694
5 0.72 0.40710382513661203 0.007272727272727273 0.01639344262295082
5 0.72 0.37158469945355194 0.007272727272727273 0.01092896174863388
5 0.7054545454545454 0.35792349726775957 0.014545454545454545 0.03825136612021858
5 0.6218181818181818 0.31693989071038253 0.16727272727272727 0.44808743169398907
5 0.3327272727272727 0.11475409836065574 0.10545454545454545 0.04371584699453552
5 0.6618181818181819 0.19398907103825136 0.10181818181818182 0.2896174863387978
5 0.5 0.5 1.0 1.0