5 0.589527027027027 0.8323529411764706 0.0033783783783783786 0.0058823529411764705
5 0.34797297297297297 0.8294117647058824 0.006756756756756757 0.03529411764705882
5 0.5709459459459459 0.7852941176470588 0.006756756756756757 0.029411764705882353
5 0.6097972972972973 0.7647058823529411 0.030405405405405407 0.047058823529411764
5 0.6283783783783784 0.7411764705882353 0.006756756756756757 0.011764705882352941
5 0.3564189189189189 0.7382352941176471 0.0033783783783783786 0.0058823529411764705
5 0.2533783783783784 0.711764705882353 0.006756756756756757 0.011764705882352941
5 0.11993243243243243 0.7088235294117647 0.0033783783783783786 0.0058823529411764705
5 0.13513513513513514 0.6970588235294117 0.006756756756756757 0.01764705882352941
5 0.6942567567567568 0.6852941176470588 0.0033783783783783786 0.0058823529411764705
5 0.23648648648648649 0.6794117647058824 0.006756756756756757 0.01764705882352941
5 0.7820945945945946 0.6882352941176471 0.010135135135135136 0.047058823529411764
5 0.19256756756756757 0.6705882352941176 0.006756756756756757 0.023529411764705882
5 0.7618243243243243 0.6735294117647059 0.010135135135135136 0.041176470588235294
5 0.28209459459459457 0.65 0.0033783783783783786 0.0058823529411764705
5 0.7432432432432432 0.6558823529411765 0.006756756756756757 0.029411764705882353
5 0.839527027027027 0.6735294117647059 0.016891891891891893 0.07647058823529412
5 0.3783783783783784 0.6176470588235294 0.006756756756756757 0.011764705882352941
5 0.4847972972972973 0.7911764705882353 0.652027027027027 0.37058823529411766
5 0.20439189189189189 0.6058823529411764 0.0033783783783783786 0.011764705882352941
5 0.1875 0.611764705882353 0.010135135135135136 0.047058823529411764
5 0.16216216216216217 0.6058823529411764 0.02027027027027027 0.03529411764705882
5 0.11993243243243243 0.6029411764705882 0.04391891891891892 0.18235294117647058
5 0.5658783783783784 0.46176470588235297 0.016891891891891893 0.01764705882352941
5 0.28040540540540543 0.45294117647058824 0.006756756756756757 0.011764705882352941
5 0.6351351351351351 0.4323529411764706 0.006756756756756757 0.0058823529411764705
5 0.22466216216216217 0.4176470588235294 0.02364864864864865 0.011764705882352941
5 0.20270270270270271 0.40588235294117647 0.013513513513513514 0.011764705882352941
5 0.17736486486486486 0.3941176470588235 0.010135135135135136 0.011764705882352941
5 0.75 0.38823529411764707 0.006756756756756757 0.011764705882352941
5 0.768581081081081 0.3764705882352941 0.016891891891891893 0.011764705882352941
5 0.09797297297297297 0.38529411764705884 0.006756756756756757 0.029411764705882353
5 0.7922297297297297 0.36764705882352944 0.010135135135135136 0.0058823529411764705
5 0.5675675675675675 0.37058823529411766 0.02027027027027027 0.011764705882352941
5 0.5878378378378378 0.36176470588235293 0.013513513513513514 0.0058823529411764705
5 0.606418918918919 0.3558823529411765 0.010135135135135136 0.0058823529411764705
5 0.8631756756756757 0.34411764705882353 0.010135135135135136 0.01764705882352941
5 0.16385135135135134 0.12352941176470589 0.010135135135135136 0.011764705882352941
5 0.2483108108108108 0.09411764705882353 0.057432432432432436 0.023529411764705882
5 0.44256756756756754 0.061764705882352944 0.006756756756756757 0.0058823529411764705
5 0.4966216216216216 0.24705882352941178 0.9932432432432432 0.49411764705882355