5 0.08222222222222222 0.7644444444444445 0.16444444444444445 0.08
5 0.4622222222222222 0.7266666666666667 0.24 0.07555555555555556
5 0.76 0.6866666666666666 0.2311111111111111 0.12
5 0.8466666666666667 0.5888888888888889 0.0044444444444444444 0.0044444444444444444
5 0.0044444444444444444 0.4955555555555556 0.008888888888888889 0.0044444444444444444
5 0.5377777777777778 0.48 0.10666666666666667 0.05333333333333334
5 0.9844444444444445 0.44222222222222224 0.03111111111111111 0.022222222222222223
5 0.09333333333333334 0.4488888888888889 0.1688888888888889 0.035555555555555556
5 0.3977777777777778 0.43333333333333335 0.16444444444444445 0.03111111111111111
5 0.9377777777777778 0.4 0.017777777777777778 0.008888888888888889
5 0.8733333333333333 0.4022222222222222 0.10222222222222223 0.013333333333333334
5 0.6155555555555555 0.4022222222222222 0.14666666666666667 0.06666666666666667
5 0.022222222222222223 0.32 0.044444444444444446 0.02666666666666667
5 0.4688888888888889 0.3022222222222222 0.04888888888888889 0.035555555555555556
5 0.16666666666666666 0.27555555555555555 0.04888888888888889 0.017777777777777778
5 0.3622222222222222 0.26666666666666666 0.12 0.017777777777777778
5 0.5355555555555556 0.24222222222222223 0.10222222222222223 0.04
5 0.06888888888888889 0.19777777777777777 0.022222222222222223 0.013333333333333334
5 0.7733333333333333 0.18222222222222223 0.008888888888888889 0.008888888888888889
5 0.42444444444444446 0.18666666666666668 0.03111111111111111 0.017777777777777778
5 0.03111111111111111 0.14888888888888888 0.008888888888888889 0.013333333333333334
5 0.5 0.5 1.0 1.0