5 0.4114285714285714 0.9478571428571428 0.005714285714285714 0.0014285714285714286
5 0.21928571428571428 0.9335714285714286 0.032857142857142856 0.032857142857142856
5 0.42 0.9157142857142857 0.002857142857142857 0.008571428571428572
5 0.6057142857142858 0.91 0.014285714285714285 0.014285714285714285
5 0.4185714285714286 0.905 0.002857142857142857 0.01
5 0.19714285714285715 0.91 0.02 0.02
5 0.21857142857142858 0.8942857142857142 0.017142857142857144 0.017142857142857144
5 0.5835714285714285 0.9135714285714286 0.012857142857142857 0.05857142857142857
5 0.4185714285714286 0.8857142857142857 0.002857142857142857 0.005714285714285714
5 0.38285714285714284 0.9085714285714286 0.04285714285714286 0.06
5 0.26571428571428574 0.8592857142857143 0.017142857142857144 0.015714285714285715
5 0.1742857142857143 0.8578571428571429 0.017142857142857144 0.015714285714285715
5 0.4157142857142857 0.8542857142857143 0.005714285714285714 0.011428571428571429
5 0.2664285714285714 0.8271428571428572 0.015714285714285715 0.017142857142857144
5 0.175 0.8264285714285714 0.015714285714285715 0.015714285714285715
5 0.6285714285714286 0.8471428571428572 0.014285714285714285 0.06
5 0.5378571428571428 0.8471428571428572 0.015714285714285715 0.06
5 0.9521428571428572 0.7914285714285715 0.024285714285714285 0.03428571428571429
5 0.9257142857142857 0.79 0.022857142857142857 0.03142857142857143
5 0.8978571428571429 0.79 0.024285714285714285 0.03142857142857143
5 0.9428571428571428 0.7585714285714286 0.022857142857142857 0.03428571428571429
5 0.88 0.77 0.04285714285714286 0.06285714285714286
5 0.8607142857142858 0.755 0.027142857142857142 0.03857142857142857
5 0.6528571428571428 0.75 0.02 0.02857142857142857
5 0.6628571428571428 0.7342857142857143 0.005714285714285714 0.005714285714285714
5 0.6657142857142857 0.725 0.002857142857142857 0.004285714285714286
5 0.5807142857142857 0.7442857142857143 0.10428571428571429 0.054285714285714284
5 0.8864285714285715 0.7257142857142858 0.09571428571428571 0.09428571428571429
5 0.5257142857142857 0.6964285714285714 0.03142857142857143 0.03571428571428571
5 0.7971428571428572 0.7435714285714285 0.10285714285714286 0.1357142857142857
5 0.52 0.6614285714285715 0.025714285714285714 0.03428571428571429
5 0.5421428571428571 0.6164285714285714 0.0014285714285714286 0.0014285714285714286
5 0.6071428571428571 0.665 0.14 0.15285714285714286
5 0.6335714285714286 0.585 0.012857142857142857 0.007142857142857143
5 0.6564285714285715 0.5835714285714285 0.012857142857142857 0.007142857142857143
5 0.6407142857142857 0.58 0.0014285714285714286 0.002857142857142857
5 0.6671428571428571 0.5842857142857143 0.014285714285714285 0.014285714285714285
5 0.6542857142857142 0.5742857142857143 0.017142857142857144 0.014285714285714285
5 0.6435714285714286 0.5714285714285714 0.004285714285714286 0.011428571428571429
5 0.6292857142857143 0.57 0.004285714285714286 0.014285714285714285
5 0.5507142857142857 0.6 0.07285714285714286 0.07428571428571429
5 0.6242857142857143 0.5621428571428572 0.002857142857142857 0.004285714285714286
5 0.5914285714285714 0.5714285714285714 0.017142857142857144 0.022857142857142857
5 0.6185714285714285 0.5714285714285714 0.014285714285714285 0.025714285714285714
5 0.5878571428571429 0.6642857142857143 0.18142857142857144 0.23142857142857143
5 0.29 0.5514285714285714 0.022857142857142857 0.017142857142857144
5 0.2892857142857143 0.5292857142857142 0.024285714285714285 0.015714285714285715
5 0.2892857142857143 0.5064285714285715 0.024285714285714285 0.018571428571428572
5 0.2892857142857143 0.48214285714285715 0.024285714285714285 0.018571428571428572
5 0.29 0.46 0.022857142857142857 0.014285714285714285
5 0.29 0.43642857142857144 0.022857142857142857 0.015714285714285715
5 0.39571428571428574 0.24 0.005714285714285714 0.04285714285714286
5 0.39714285714285713 0.20142857142857143 0.002857142857142857 0.008571428571428572
5 0.8542857142857143 0.26 0.21428571428571427 0.16285714285714287
5 0.38642857142857145 0.5242857142857142 0.06142857142857143 0.7057142857142857
5 0.39785714285714285 0.17785714285714285 0.004285714285714286 0.027142857142857142
5 0.22 0.21642857142857144 0.10571428571428572 0.10714285714285714
5 0.41285714285714287 0.07142857142857142 0.014285714285714285 0.045714285714285714
5 0.2057142857142857 0.36142857142857143 0.1657142857142857 0.6342857142857142