5 0.6148 0.569 0.0016 0.0028
5 0.6166 0.5602 0.002 0.002
5 0.6136 0.5494 0.0008 0.0004
5 0.6126 0.5476 0.0012 0.0016
5 0.6164 0.5438 0.0016 0.0012
5 0.615 0.5422 0.0004 0.0004
5 0.6104 0.5388 0.0024 0.0016
5 0.6106 0.537 0.0004 0.0004
5 0.6158 0.5346 0.0004 0.0004
5 0.6118 0.5292 0.0012 0.0008
5 0.6118 0.5254 0.0012 0.0004
5 0.6098 0.514 0.0044 0.0024
5 0.623 0.5092 0.0004 0.0024
5 0.6096 0.5072 0.0008 0.0008
5 0.6114 0.5064 0.0004 0.0008
5 0.611 0.5054 0.0004 0.0004
5 0.6082 0.5034 0.0012 0.0012
5 0.623 0.5044 0.0004 0.004
5 0.611 0.5032 0.0012 0.0016
5 0.6096 0.5012 0.0024 0.0016
5 0.6232 0.4994 0.0008 0.0036
5 0.6032 0.497 0.0008 0.0004
5 0.6022 0.496 0.0012 0.0008
5 0.623 0.4912 0.0004 0.0016
5 0.6074 0.4902 0.0004 0.0004
5 0.5982 0.4802 0.0004 0.0004
5 0.6028 0.48 0.0008 0.0008
5 0.6008 0.4796 0.0008 0.0008
5 0.5968 0.4694 0.0008 0.0004
5 0.602 0.4628 0.0008 0.0008
5 0.6014 0.4594 0.0012 0.0012
5 0.6024 0.4542 0.0008 0.0004
5 0.6026 0.4522 0.0004 0.0004
5 0.5992 0.445 0.0016 0.002
5 0.598 0.438 0.0016 0.0008
5 0.601 0.4318 0.0004 0.0004
5 0.597 0.4284 0.0012 0.0016
5 0.602 0.4258 0.0008 0.0004
5 0.6 0.4232 0.0008 0.0008
5 0.5984 0.4136 0.0024 0.0016
5 0.5954 0.4126 0.0004 0.0004
5 0.5976 0.4068 0.0032 0.0016
5 0.599 0.4044 0.0012 0.0008
5 0.601 0.4018 0.0004 0.0004
5 0.5966 0.3992 0.0028 0.0016
5 0.598 0.3952 0.0016 0.0008
5 0.5986 0.3856 0.0004 0.0008
5 0.5954 0.375 0.0012 0.0012
5 0.5982 0.375 0.0012 0.002
5 0.5952 0.3712 0.0008 0.0008
5 0.5946 0.3656 0.0012 0.0008
5 0.5936 0.3612 0.0008 0.0008
5 0.5916 0.361 0.0008 0.0012
5 0.5918 0.357 0.0012 0.0012
5 0.5932 0.355 0.0016 0.0012
5 0.5914 0.3542 0.0004 0.0004
5 0.5892 0.354 0.0008 0.0008
5 0.593 0.3486 0.0012 0.0004
5 0.5928 0.3456 0.0008 0.0008
5 0.5936 0.344 0.0008 0.0008
5 0.5894 0.3438 0.0036 0.0044
5 0.5904 0.3352 0.0008 0.0008
5 0.5868 0.3312 0.0016 0.0008
5 0.5894 0.3304 0.0004 0.0008
5 0.5864 0.3264 0.0008 0.0008
5 0.5882 0.3254 0.0004 0.0004
5 0.5856 0.3242 0.0016 0.0012
5 0.585 0.3198 0.0004 0.0004
5 0.5922 0.3158 0.0004 0.0004
5 0.5908 0.3138 0.0008 0.0004
5 0.5928 0.3084 0.0008 0.0008
5 0.5906 0.3034 0.0004 0.0004
5 0.5914 0.303 0.0004 0.0004
5 0.5836 0.2926 0.0008 0.0004
5 0.5834 0.2908 0.0012 0.0008
5 0.5804 0.2842 0.0016 0.0012
5 0.5804 0.2782 0.0024 0.002
5 0.5786 0.2758 0.0028 0.002
5 0.5788 0.2724 0.0008 0.0008
5 0.58 0.269 0.0016 0.0012
5 0.5794 0.2658 0.0012 0.0012
5 0.5722 0.2626 0.0012 0.0012
5 0.5582 0.2608 0.0012 0.0008
5 0.5662 0.2586 0.0004 0.0004
5 0.5528 0.2568 0.0016 0.0008
5 0.5794 0.2564 0.0004 0.0008
5 0.576 0.2536 0.0008 0.0008
5 0.5776 0.2466 0.0008 0.0004
5 0.5776 0.2446 0.0008 0.0004
5 0.5764 0.2402 0.0016 0.0012
5 0.574 0.2398 0.0008 0.0012
5 0.5828 0.239 0.0008 0.0004
5 0.5808 0.2384 0.0008 0.0008
5 0.5744 0.2344 0.0016 0.0008
5 0.5782 0.2332 0.0012 0.0008
5 0.5736 0.2306 0.0008 0.0004
5 0.577 0.23 0.0004 0.0008
5 0.571 0.2304 0.002 0.0016
5 0.5732 0.228 0.0024 0.0016
5 0.5744 0.2262 0.0016 0.0012
5 0.5758 0.225 0.0004 0.0004
5 0.5744 0.224 0.0008 0.0008
5 0.5776 0.22 0.0008 0.0008
5 0.5762 0.2186 0.0004 0.0004
5 0.5722 0.2144 0.0004 0.0008
5 0.5726 0.21 0.0012 0.0016
5 0.5776 0.2084 0.0016 0.0008
5 0.5722 0.208 0.0012 0.0008
5 0.5738 0.206 0.0012 0.0008
5 0.5722 0.204 0.0004 0.0008
5 0.5712 0.2022 0.0008 0.0004
5 0.4094 0.2014 0.0004 0.0004
5 0.5712 0.2 0.0016 0.0016
5 0.575 0.1982 0.002 0.0012
5 0.5722 0.1962 0.0004 0.0004
5 0.4086 0.1886 0.0004 0.0004
5 0.5698 0.1838 0.0012 0.0012
5 0.5698 0.1822 0.0004 0.0004
5 0.569 0.1634 0.0004 0.0004
5 0.5654 0.1592 0.0012 0.0008
5 0.5654 0.1562 0.0012 0.0012
5 0.5632 0.145 0.0008 0.0004
5 0.5594 0.1306 0.002 0.0012
5 0.5012 0.5068 0.2448 0.9392