5 0.01818181818181818 0.9590163934426229 0.03636363636363636 0.08196721311475409
5 0.32727272727272727 0.8633879781420765 0.05818181818181818 0.03278688524590164
5 0.6727272727272727 0.8497267759562842 0.014545454545454545 0.01639344262295082
5 0.6581818181818182 0.8060109289617486 0.014545454545454545 0.01639344262295082
5 0.7018181818181818 0.7923497267759563 0.014545454545454545 0.01092896174863388
5 0.7236363636363636 0.7896174863387978 0.014545454545454545 0.01639344262295082
5 0.37636363636363634 0.7349726775956285 0.0036363636363636364 0.00546448087431694
5 0.32181818181818184 0.73224043715847 0.01090909090909091 0.03278688524590164
5 0.5036363636363637 0.6830601092896175 0.04 0.02185792349726776
5 0.3654545454545455 0.6530054644808743 0.04727272727272727 0.03825136612021858
5 0.5418181818181819 0.7622950819672131 0.31272727272727274 0.3989071038251366
5 0.6927272727272727 0.5573770491803278 0.10545454545454545 0.0546448087431694
5 0.5072727272727273 0.5163934426229508 0.15636363636363637 0.2459016393442623
5 0.58 0.2650273224043716 0.12 0.14754098360655737
5 0.5 0.5 1.0 1.0