5 0.5823170731707317 0.8409090909090909 0.012195121951219513 0.032467532467532464
5 0.7347560975609756 0.8181818181818182 0.018292682926829267 0.025974025974025976
5 0.5701219512195121 0.8051948051948052 0.006097560975609756 0.012987012987012988
5 0.3323170731707317 0.7857142857142857 0.03048780487804878 0.03896103896103896
5 0.5807926829268293 0.7435064935064936 0.009146341463414634 0.01948051948051948
5 0.4496951219512195 0.7337662337662337 0.021341463414634148 0.012987012987012988
5 0.7378048780487805 0.724025974025974 0.012195121951219513 0.045454545454545456
5 0.6676829268292683 0.737012987012987 0.06707317073170732 0.16233766233766234
5 0.3170731707317073 0.6558441558441559 0.03048780487804878 0.09090909090909091
5 0.5289634146341463 0.7045454545454546 0.14329268292682926 0.2012987012987013
5 0.25609756097560976 0.5909090909090909 0.006097560975609756 0.012987012987012988
5 0.6585365853658537 0.5941558441558441 0.018292682926829267 0.032467532467532464
5 0.08841463414634146 0.5746753246753247 0.006097560975609756 0.01948051948051948
5 0.6646341463414634 0.564935064935065 0.012195121951219513 0.012987012987012988
5 0.4451219512195122 0.5292207792207793 0.012195121951219513 0.01948051948051948
5 0.28353658536585363 0.5324675324675324 0.012195121951219513 0.025974025974025976
5 0.7637195121951219 0.538961038961039 0.027439024390243903 0.05194805194805195
5 0.39176829268292684 0.5876623376623377 0.10670731707317073 0.17532467532467533
5 0.614329268292683 0.5551948051948052 0.0701219512195122 0.13636363636363635
5 0.19969512195121952 0.564935064935065 0.08231707317073171 0.15584415584415584
5 0.08384146341463415 0.5097402597402597 0.01524390243902439 0.045454545454545456
5 0.27896341463414637 0.7435064935064936 0.5579268292682927 0.512987012987013
5 0.4603658536585366 0.4837662337662338 0.03048780487804878 0.05844155844155844
5 0.35060975609756095 0.4577922077922078 0.012195121951219513 0.01948051948051948
5 0.001524390243902439 0.4318181818181818 0.003048780487804878 0.01948051948051948
5 0.25609756097560976 0.42207792207792205 0.012195121951219513 0.025974025974025976
5 0.5045731707317073 0.3961038961038961 0.009146341463414634 0.025974025974025976
5 0.5335365853658537 0.37662337662337664 0.018292682926829267 0.025974025974025976
5 0.46189024390243905 0.36038961038961037 0.003048780487804878 0.006493506493506494
5 0.12042682926829268 0.36688311688311687 0.003048780487804878 0.01948051948051948
5 0.13567073170731708 0.4090909090909091 0.051829268292682924 0.12987012987012986
5 0.1173780487804878 0.3409090909090909 0.003048780487804878 0.006493506493506494
5 0.5655487804878049 0.33116883116883117 0.009146341463414634 0.012987012987012988
5 0.3079268292682927 0.34415584415584416 0.10975609756097561 0.1038961038961039
5 0.5045731707317073 0.30844155844155846 0.051829268292682924 0.07142857142857142
5 0.38414634146341464 0.2694805194805195 0.006097560975609756 0.01948051948051948
5 0.32621951219512196 0.2792207792207792 0.024390243902439025 0.03896103896103896
5 0.4603658536585366 0.2597402597402597 0.012195121951219513 0.012987012987012988
5 0.24695121951219512 0.2564935064935065 0.054878048780487805 0.05844155844155844
5 0.31402439024390244 0.23376623376623376 0.012195121951219513 0.025974025974025976
5 0.4679878048780488 0.14935064935064934 0.021341463414634148 0.025974025974025976
5 0.22103658536585366 0.14935064935064934 0.01524390243902439 0.025974025974025976
5 0.3307926829268293 0.08766233766233766 0.003048780487804878 0.006493506493506494
5 0.2759146341463415 0.06168831168831169 0.04573170731707317 0.09740259740259741
5 0.7195121951219512 0.5 0.5609756097560976 1.0
5 0.2621951219512195 0.012987012987012988 0.012195121951219513 0.025974025974025976
5 0.12195121951219512 0.21428571428571427 0.24390243902439024 0.42857142857142855