5 0.9641666666666666 0.8916666666666667 0.005 0.0033333333333333335
5 0.5158333333333334 0.6025 0.021666666666666667 0.005
5 0.49333333333333335 0.6025 0.013333333333333334 0.005
5 0.47833333333333333 0.6016666666666667 0.006666666666666667 0.0033333333333333335
5 0.45 0.6008333333333333 0.01 0.005
5 0.4325 0.6 0.018333333333333333 0.0033333333333333335
5 0.465 0.6 0.016666666666666666 0.013333333333333334
5 0.5591666666666667 0.5941666666666666 0.035 0.035
5 0.505 0.5416666666666666 0.07 0.013333333333333334
5 0.43916666666666665 0.5366666666666666 0.051666666666666666 0.013333333333333334
5 0.49583333333333335 0.5208333333333334 0.021666666666666667 0.008333333333333333
5 0.4625 0.5183333333333333 0.03166666666666667 0.006666666666666667
5 0.5025 0.4925 0.021666666666666667 0.005
5 0.46416666666666667 0.4925 0.045 0.008333333333333333
5 0.49416666666666664 0.47583333333333333 0.005 0.005
5 0.545 0.4791666666666667 0.03 0.015
5 0.5133333333333333 0.4791666666666667 0.03333333333333333 0.015
5 0.4775 0.4775 0.008333333333333333 0.011666666666666667
5 0.415 0.4775 0.01 0.011666666666666667
5 0.44416666666666665 0.4775 0.045 0.015
5 0.4008333333333333 0.4766666666666667 0.011666666666666667 0.013333333333333334
5 0.47833333333333333 0.4241666666666667 0.043333333333333335 0.055
5 0.5058333333333334 0.5066666666666667 0.985 0.30333333333333334
5 0.485 0.24833333333333332 0.20666666666666667 0.21