5 0.21973094170403587 0.995575221238938 0.017937219730941704 0.008849557522123894
5 0.10986547085201794 0.9623893805309734 0.004484304932735426 0.004424778761061947
5 0.5762331838565022 0.9292035398230089 0.09417040358744394 0.02654867256637168
5 0.5560538116591929 0.8893805309734514 0.017937219730941704 0.008849557522123894
5 0.16143497757847533 0.9402654867256637 0.08968609865470852 0.11946902654867257
5 0.7668161434977578 0.8473451327433629 0.07174887892376682 0.030973451327433628
5 0.4260089686098655 0.8451327433628318 0.08968609865470852 0.05309734513274336
5 0.5201793721973094 0.8008849557522124 0.017937219730941704 0.008849557522123894
5 0.06726457399103139 0.6836283185840708 0.13452914798206278 0.29646017699115046
5 0.6636771300448431 0.6415929203539823 0.14349775784753363 0.23893805309734514
5 0.4461883408071749 0.5265486725663717 0.03139013452914798 0.017699115044247787
5 0.0515695067264574 0.4247787610619469 0.03139013452914798 0.13274336283185842