5 0.4033333333333333 0.5325 0.023333333333333334 0.005
5 0.6566666666666666 0.5241666666666667 0.05 0.011666666666666667
5 0.30916666666666665 0.5075 0.005 0.008333333333333333
5 0.8875 0.51 0.018333333333333333 0.02
5 0.865 0.505 0.013333333333333334 0.01
5 0.29333333333333333 0.49333333333333335 0.0033333333333333335 0.0033333333333333335
5 0.425 0.5025 0.19 0.058333333333333334
5 0.6733333333333333 0.48583333333333334 0.13333333333333333 0.028333333333333332
5 0.8908333333333334 0.4633333333333333 0.005 0.006666666666666667
5 0.4775 0.45916666666666667 0.11166666666666666 0.028333333333333332
5 0.4741666666666667 0.43916666666666665 0.10166666666666667 0.011666666666666667
5 0.8741666666666666 0.44083333333333335 0.03833333333333333 0.028333333333333332
5 0.305 0.43 0.0033333333333333335 0.006666666666666667
5 0.3525 0.58 0.6716666666666666 0.30666666666666664
5 0.465 0.4266666666666667 0.08333333333333333 0.01
5 0.6808333333333333 0.44416666666666665 0.12166666666666667 0.04833333333333333
5 0.5825 0.43083333333333335 0.065 0.021666666666666667
5 0.79 0.45666666666666667 0.08666666666666667 0.08333333333333333
5 0.8458333333333333 0.4058333333333333 0.005 0.005
5 0.635 0.3875 0.01 0.008333333333333333
5 0.4275 0.38666666666666666 0.008333333333333333 0.006666666666666667
5 0.8691666666666666 0.37916666666666665 0.065 0.005
5 0.8091666666666667 0.37916666666666665 0.021666666666666667 0.005
5 0.7791666666666667 0.38 0.028333333333333332 0.006666666666666667
5 0.7466666666666667 0.37916666666666665 0.03333333333333333 0.005
5 0.7166666666666667 0.37916666666666665 0.02 0.005
5 0.6833333333333333 0.37916666666666665 0.043333333333333335 0.005
5 0.6183333333333333 0.37666666666666665 0.01 0.016666666666666666
5 0.5891666666666666 0.37916666666666665 0.045 0.025
5 0.5025 0.3775 0.125 0.028333333333333332
5 0.3383333333333333 0.38 0.14333333333333334 0.04