5 0.43333333333333335 0.7291666666666666 0.006666666666666667 0.005952380952380952
5 0.5316666666666666 0.6309523809523809 0.01 0.011904761904761904
5 0.44666666666666666 0.5833333333333334 0.006666666666666667 0.011904761904761904
5 0.6666666666666666 0.3869047619047619 0.4066666666666667 0.42857142857142855
5 0.48833333333333334 0.1488095238095238 0.0033333333333333335 0.011904761904761904
5 0.11333333333333333 0.08333333333333333 0.006666666666666667 0.011904761904761904
5 0.91 0.1636904761904762 0.18 0.3273809523809524
5 0.8133333333333334 0.050595238095238096 0.07333333333333333 0.10119047619047619
5 0.765 0.005952380952380952 0.01 0.011904761904761904
5 0.845 0.25297619047619047 0.31 0.5059523809523809
5 0.7016666666666667 0.3273809523809524 0.5966666666666667 0.6547619047619048
5 0.5 0.5 1.0 1.0
5 0.03166666666666667 0.07738095238095238 0.06333333333333334 0.15476190476190477