5 0.6 0.9044444444444445 0.044444444444444446 0.03111111111111111
5 0.8311111111111111 0.9177777777777778 0.3377777777777778 0.16444444444444445
5 0.98 0.8222222222222222 0.04 0.035555555555555556
5 0.8555555555555555 0.8088888888888889 0.06666666666666667 0.035555555555555556
5 0.6644444444444444 0.8244444444444444 0.04888888888888889 0.06666666666666667
5 0.7088888888888889 0.7888888888888889 0.013333333333333334 0.013333333333333334
5 0.3511111111111111 0.78 0.008888888888888889 0.0044444444444444444
5 0.08666666666666667 0.8266666666666667 0.17333333333333334 0.12444444444444444
5 0.21777777777777776 0.8711111111111111 0.43555555555555553 0.2577777777777778
5 0.03333333333333333 0.74 0.0044444444444444444 0.0044444444444444444
5 0.6644444444444444 0.7422222222222222 0.022222222222222223 0.02666666666666667
5 0.3844444444444444 0.7355555555555555 0.06666666666666667 0.013333333333333334
5 0.9955555555555555 0.7311111111111112 0.008888888888888889 0.022222222222222223
5 0.7733333333333333 0.7088888888888889 0.017777777777777778 0.022222222222222223
5 0.86 0.7177777777777777 0.14666666666666667 0.1288888888888889
5 0.013333333333333334 0.6622222222222223 0.02666666666666667 0.035555555555555556
5 0.10222222222222223 0.6533333333333333 0.07111111111111111 0.09777777777777778
5 0.5444444444444444 0.7777777777777778 0.3333333333333333 0.35555555555555557
5 0.042222222222222223 0.5333333333333333 0.03111111111111111 0.02666666666666667
5 0.38222222222222224 0.5333333333333333 0.02666666666666667 0.035555555555555556
5 0.2688888888888889 0.5888888888888889 0.24444444444444444 0.18222222222222223
5 0.7688888888888888 0.5577777777777778 0.20444444444444446 0.13777777777777778
5 0.4177777777777778 0.48444444444444446 0.06222222222222222 0.06222222222222222
5 0.18 0.4577777777777778 0.03111111111111111 0.02666666666666667
5 0.98 0.4444444444444444 0.04 0.06222222222222222
5 0.0022222222222222222 0.4111111111111111 0.0044444444444444444 0.0044444444444444444
5 0.9533333333333334 0.41333333333333333 0.03111111111111111 0.017777777777777778
5 0.4711111111111111 0.4066666666666667 0.017777777777777778 0.013333333333333334
5 0.9377777777777778 0.46444444444444444 0.12444444444444444 0.14666666666666667
5 0.8222222222222222 0.3977777777777778 0.017777777777777778 0.022222222222222223
5 0.5133333333333333 0.4 0.03111111111111111 0.035555555555555556
5 0.7333333333333333 0.36 0.008888888888888889 0.008888888888888889
5 0.5755555555555556 0.37333333333333335 0.04888888888888889 0.044444444444444446
5 0.4288888888888889 0.3688888888888889 0.04 0.035555555555555556
5 0.98 0.36 0.04 0.044444444444444446
5 0.7 0.34 0.04 0.013333333333333334
5 0.6377777777777778 0.3333333333333333 0.04 0.017777777777777778
5 0.9955555555555555 0.3244444444444444 0.008888888888888889 0.008888888888888889
5 0.10444444444444445 0.3466666666666667 0.2088888888888889 0.10666666666666667
5 0.5088888888888888 0.30666666666666664 0.12 0.08
5 0.25555555555555554 0.27111111111111114 0.013333333333333334 0.017777777777777778
5 0.13333333333333333 0.2822222222222222 0.06222222222222222 0.04
5 0.42 0.2577777777777778 0.04 0.017777777777777778
5 0.011111111111111112 0.2577777777777778 0.022222222222222223 0.017777777777777778
5 0.6133333333333333 0.23777777777777778 0.008888888888888889 0.013333333333333334
5 0.5777777777777777 0.2511111111111111 0.05333333333333334 0.06666666666666667
5 0.10666666666666667 0.23333333333333334 0.02666666666666667 0.03111111111111111
5 0.4311111111111111 0.15333333333333332 0.05333333333333334 0.04
5 0.10444444444444445 0.12 0.013333333333333334 0.008888888888888889
5 0.14 0.08888888888888889 0.022222222222222223 0.017777777777777778
5 0.03777777777777778 0.07111111111111111 0.07555555555555556 0.11555555555555555
5 0.6866666666666666 0.1511111111111111 0.6266666666666667 0.3022222222222222