5 0.38666666666666666 0.9022801302931596 0.0033333333333333335 0.006514657980456026
5 0.38916666666666666 0.8843648208469055 0.0033333333333333335 0.02280130293159609
5 0.3804166666666667 0.8908794788273615 0.0075 0.035830618892508145
5 0.3725 0.8859934853420195 0.006666666666666667 0.03908794788273615
5 0.3875 0.8599348534201955 0.0016666666666666668 0.006514657980456026
5 0.36541666666666667 0.8778501628664495 0.005833333333333334 0.04234527687296417
5 0.39416666666666667 0.8501628664495114 0.0016666666666666668 0.006514657980456026
5 0.39 0.8420195439739414 0.0033333333333333335 0.02280130293159609
5 0.38125 0.8485342019543974 0.0075 0.035830618892508145
5 0.37333333333333335 0.8436482084690554 0.006666666666666667 0.03908794788273615
5 0.39916666666666667 0.8387622149837134 0.0033333333333333335 0.04234527687296417
5 0.36625 0.8355048859934854 0.004166666666666667 0.035830618892508145
5 0.46791666666666665 0.8224755700325733 0.0075 0.035830618892508145
5 0.37875 0.7915309446254072 0.0125 0.03257328990228013
5 0.47625 0.7785016286644951 0.005833333333333334 0.03908794788273615
5 0.46625 0.742671009771987 0.004166666666666667 0.006514657980456026
5 0.5616666666666666 0.754071661237785 0.006666666666666667 0.035830618892508145
5 0.55375 0.755700325732899 0.0075 0.03908794788273615
5 0.54625 0.754071661237785 0.004166666666666667 0.035830618892508145
5 0.5391666666666667 0.747557003257329 0.006666666666666667 0.04234527687296417
5 0.5283333333333333 0.7280130293159609 0.0016666666666666668 0.016286644951140065
5 0.5108333333333334 0.742671009771987 0.028333333333333332 0.04560260586319218
5 0.48291666666666666 0.7198697068403909 0.005833333333333334 0.019543973941368076
5 0.47875 0.7149837133550488 0.0025 0.009771986970684038
5 0.5104166666666666 0.7052117263843648 0.009166666666666667 0.016286644951140065
5 0.56 0.7117263843648208 0.018333333333333333 0.04234527687296417
5 0.5466666666666666 0.7100977198697068 0.006666666666666667 0.03908794788273615
5 0.6429166666666667 0.7003257328990228 0.0025 0.026058631921824105
5 0.5395833333333333 0.7052117263843648 0.004166666666666667 0.035830618892508145
5 0.5679166666666666 0.6905537459283387 0.004166666666666667 0.013029315960912053
5 0.60875 0.6710097719869706 0.004166666666666667 0.013029315960912053
5 0.5970833333333333 0.6856677524429967 0.025833333333333333 0.04234527687296417
5 0.55375 0.6710097719869706 0.0075 0.013029315960912053
5 0.615 0.6661237785016286 0.0016666666666666668 0.009771986970684038
5 0.58125 0.6758957654723127 0.004166666666666667 0.035830618892508145
5 0.5720833333333334 0.6596091205211726 0.0008333333333333334 0.009771986970684038
5 0.6445833333333333 0.6596091205211726 0.009166666666666667 0.035830618892508145
5 0.6316666666666667 0.6612377850162866 0.015 0.03908794788273615
5 0.6208333333333333 0.6563517915309446 0.0033333333333333335 0.035830618892508145
5 0.5666666666666667 0.6465798045602605 0.006666666666666667 0.016286644951140065
5 0.5595833333333333 0.6400651465798045 0.0008333333333333334 0.003257328990228013
5 0.64875 0.6384364820846905 0.0025 0.006514657980456026
5 0.6016666666666667 0.6384364820846905 0.006666666666666667 0.013029315960912053
5 0.5933333333333334 0.6368078175895765 0.006666666666666667 0.016286644951140065
5 0.61 0.6335504885993485 0.005 0.016286644951140065
5 0.31625 0.6693811074918566 0.034166666666666665 0.09446254071661238
5 0.63375 0.6221498371335505 0.009166666666666667 0.013029315960912053
5 0.31958333333333333 0.6123778501628665 0.009166666666666667 0.013029315960912053
5 0.30875 0.5814332247557004 0.0008333333333333334 0.003257328990228013
5 0.3670833333333333 0.5537459283387622 0.005833333333333334 0.03908794788273615
5 0.36875 0.509771986970684 0.004166666666666667 0.016286644951140065
5 0.58375 0.4755700325732899 0.0008333333333333334 0.006514657980456026
5 0.2991666666666667 0.5407166123778502 0.021666666666666667 0.13680781758957655
5 0.355 0.49185667752442996 0.006666666666666667 0.05863192182410423
5 0.54125 0.44625407166123776 0.004166666666666667 0.013029315960912053
5 0.29541666666666666 0.4576547231270358 0.015833333333333335 0.035830618892508145
5 0.5158333333333334 0.5716612377850163 0.055 0.2703583061889251
5 0.5841666666666666 0.4364820846905538 0.0016666666666666668 0.006514657980456026
5 0.3904166666666667 0.4218241042345277 0.0025 0.016286644951140065
5 0.5841666666666666 0.41042345276872966 0.0016666666666666668 0.006514657980456026
5 0.5591666666666667 0.5374592833876222 0.051666666666666666 0.26058631921824105
5 0.4975 0.41368078175895767 0.0016666666666666668 0.013029315960912053
5 0.665 0.3990228013029316 0.0033333333333333335 0.009771986970684038
5 0.6229166666666667 0.39087947882736157 0.0025 0.026058631921824105
5 0.66625 0.3729641693811075 0.0025 0.003257328990228013
5 0.27875 0.40716612377850164 0.010833333333333334 0.0781758957654723
5 0.2945833333333333 0.3941368078175896 0.014166666666666666 0.05863192182410423
5 0.5783333333333334 0.38436482084690554 0.015 0.04560260586319218
5 0.2808333333333333 0.3501628664495114 0.01 0.029315960912052116
5 0.53 0.252442996742671 0.03333333333333333 0.24429967426710097
5 0.5704166666666667 0.24592833876221498 0.0325 0.23778501628664495
5 0.28541666666666665 0.22149837133550487 0.035833333333333335 0.2671009771986971
5 0.65625 0.20846905537459284 0.034166666666666665 0.28664495114006516
5 0.51375 0.503257328990228 0.5325 0.993485342019544