5 0.38063063063063063 0.8893805309734514 0.0045045045045045045 0.008849557522123894
5 0.42792792792792794 0.8495575221238938 0.0045045045045045045 0.017699115044247787
5 0.3716216216216216 0.8628318584070797 0.018018018018018018 0.061946902654867256
5 0.42117117117117114 0.8097345132743363 0.0045045045045045045 0.02654867256637168
5 0.4132882882882883 0.7964601769911505 0.0022522522522522522 0.017699115044247787
5 0.36599099099099097 0.7743362831858407 0.0022522522522522522 0.008849557522123894
5 0.42454954954954954 0.7610619469026548 0.006756756756756757 0.017699115044247787
5 0.5101351351351351 0.7035398230088495 0.0022522522522522522 0.008849557522123894
5 0.5495495495495496 0.7300884955752213 0.03153153153153153 0.07964601769911504
5 0.6430180180180181 0.6592920353982301 0.0022522522522522522 0.008849557522123894
5 0.5146396396396397 0.5707964601769911 0.0518018018018018 0.23893805309734514
5 0.5574324324324325 0.5398230088495575 0.0472972972972973 0.24778761061946902
5 0.2939189189189189 0.3938053097345133 0.015765765765765764 0.04424778761061947
5 0.27927927927927926 0.3893805309734513 0.009009009009009009 0.08849557522123894
5 0.5709459459459459 0.26548672566371684 0.033783783783783786 0.2831858407079646
5 0.5304054054054054 0.24778761061946902 0.033783783783783786 0.24778761061946902
5 0.28603603603603606 0.21238938053097345 0.036036036036036036 0.26548672566371684
5 0.6565315315315315 0.20353982300884957 0.033783783783783786 0.2831858407079646
5 0.5146396396396397 0.5 0.5292792792792793 1.0