5 0.49453125 0.841015625 0.078125 0.00546875
5 0.4765625 0.8265625 0.0015625 0.0015625
5 0.48828125 0.826953125 0.0078125 0.01015625
5 0.467578125 0.81171875 0.00234375 0.0015625
5 0.5109375 0.81171875 0.00625 0.003125
5 0.426171875 0.807421875 0.00078125 0.00078125
5 0.50546875 0.787890625 0.0046875 0.00234375
5 0.4703125 0.78671875 0.0015625 0.0015625
5 0.555859375 0.5515625 0.08203125 0.5640625
5 0.4203125 0.551953125 0.0796875 0.56484375
5 0.3671875 0.23125 0.015625 0.0578125
5 0.523046875 0.202734375 0.00390625 0.00390625
5 0.6125 0.22890625 0.0125 0.0625
5 0.373046875 0.194921875 0.00546875 0.01015625
5 0.605078125 0.19140625 0.00703125 0.0078125
5 0.43203125 0.170703125 0.0015625 0.00078125
5 0.444140625 0.169140625 0.00390625 0.00078125