5 0.7548828125 0.8367466354593329 0.001953125 0.003510825043885313
5 0.6955078125 0.8013458162668227 0.000390625 0.0005851375073142189
5 0.2990234375 0.7873025160912814 0.000390625 0.0005851375073142189
5 0.8986328125 0.641895845523698 0.012890625 0.012873025160912814
5 0.2404296875 0.6275599765944997 0.001171875 0.0005851375073142189
5 0.26484375 0.6117612638970158 0.0015625 0.0017554125219426564
5 0.282421875 0.6003510825043885 0.0015625 0.0011702750146284377
5 0.2857421875 0.5983031012287887 0.000390625 0.0005851375073142189
5 0.60390625 0.5629022820362786 0.0015625 0.0023405500292568754
5 0.6220703125 0.5386190754827385 0.000390625 0.0005851375073142189
5 0.687890625 0.5301345816266823 0.0015625 0.0023405500292568754
5 0.6904296875 0.5283791691047396 0.001171875 0.0011702750146284377
5 0.69375 0.5295494441193681 0.00546875 0.008191925102399064
5 0.6830078125 0.5251609128145114 0.002734375 0.004095962551199532
5 0.686328125 0.4970743124634289 0.0015625 0.004095962551199532
5 0.6876953125 0.49531889994148626 0.001171875 0.0017554125219426564
5 0.68359375 0.4941486249268578 0.00234375 0.002925687536571094
5 0.69375 0.49473376243417205 0.0015625 0.0052662375658279695
5 0.68671875 0.49268578115857226 0.00078125 0.0011702750146284377
5 0.680859375 0.4935634874195436 0.003125 0.006436512580456407
5 0.6837890625 0.4880046811000585 0.006640625 0.005851375073142188
5 0.684765625 0.48332358104154477 0.00234375 0.003510825043885313
5 0.677734375 0.4821533060269163 0.00078125 0.0011702750146284377
5 0.6828125 0.4803978935049737 0.00078125 0.0011702750146284377
5 0.689453125 0.4847864248098303 0.0078125 0.012287887653598596
5 0.67734375 0.47952018724400236 0.00078125 0.0017554125219426564
5 0.69765625 0.48303101228788764 0.0046875 0.00994733762434172
5 0.69140625 0.4809830310122879 0.00234375 0.007021650087770626
5 0.6841796875 0.478642480983031 0.001171875 0.0023405500292568754
5 0.6998046875 0.4771796372147455 0.001171875 0.0017554125219426564
5 0.6974609375 0.47688706846108836 0.000390625 0.0011702750146284377
5 0.677734375 0.47688706846108836 0.00078125 0.0011702750146284377
5 0.6953125 0.47659449970743123 0.00078125 0.0017554125219426564
5 0.6791015625 0.476009362200117 0.000390625 0.0005851375073142189
5 0.688671875 0.476009362200117 0.0015625 0.0017554125219426564
5 0.683984375 0.4757167934464599 0.00078125 0.0011702750146284377
5 0.6822265625 0.4757167934464599 0.001171875 0.0023405500292568754
5 0.6755859375 0.47366881217086015 0.002734375 0.0017554125219426564
5 0.69765625 0.4727911059098888 0.00234375 0.003510825043885313
5 0.6849609375 0.4722059684025746 0.002734375 0.0023405500292568754
5 0.6771484375 0.4692802808660035 0.001171875 0.0011702750146284377
5 0.6650390625 0.4686951433586893 0.003515625 0.003510825043885313
5 0.698046875 0.4669397308367466 0.00078125 0.0011702750146284377
5 0.6828125 0.46723229959040374 0.0015625 0.0017554125219426564
5 0.703125 0.4692802808660035 0.00625 0.007021650087770626
5 0.667578125 0.4669397308367466 0.00078125 0.0023405500292568754
5 0.7060546875 0.4654768870684611 0.000390625 0.0005851375073142189
5 0.6826171875 0.46401404330017554 0.001171875 0.0011702750146284377
5 0.679296875 0.46723229959040374 0.003125 0.0076067875950848445
5 0.670703125 0.4669397308367466 0.003125 0.007021650087770626
5 0.666796875 0.4631363370392042 0.00078125 0.0005851375073142189
5 0.6998046875 0.4637214745465184 0.002734375 0.002925687536571094
5 0.67265625 0.46255119953189 0.003125 0.002925687536571094
5 0.681640625 0.46108835576360446 0.00078125 0.0011702750146284377
5 0.688671875 0.46021064950263313 0.00078125 0.0005851375073142189
5 0.66796875 0.46108835576360446 0.0015625 0.0023405500292568754
5 0.6802734375 0.4596255119953189 0.000390625 0.0005851375073142189
5 0.6705078125 0.4593329432416618 0.001171875 0.0011702750146284377
5 0.7056640625 0.4587478057343476 0.001171875 0.0023405500292568754
5 0.6970703125 0.45845523698069046 0.001171875 0.0017554125219426564
5 0.709765625 0.4575775307197191 0.00078125 0.0011702750146284377
5 0.6767578125 0.45465184318314805 0.001953125 0.0011702750146284377
5 0.6728515625 0.45582211819777646 0.001171875 0.003510825043885313
5 0.66171875 0.4528964306612054 0.00078125 0.0011702750146284377
5 0.6638671875 0.45201872440023405 0.001171875 0.0017554125219426564
5 0.667578125 0.45143358689291985 0.0015625 0.0017554125219426564
5 0.673046875 0.45084844938560564 0.00078125 0.0017554125219426564
5 0.671875 0.4499707431246343 0.00078125 0.0011702750146284377
5 0.675 0.44880046811000585 0.00078125 0.0011702750146284377
5 0.666796875 0.44821533060269164 0.00078125 0.0011702750146284377
5 0.65546875 0.4470450555880632 0.00078125 0.0011702750146284377
5 0.666015625 0.4435342305441779 0.0015625 0.0023405500292568754
5 0.658203125 0.443826799297835 0.0015625 0.002925687536571094
5 0.6826171875 0.44207138677589236 0.000390625 0.0005851375073142189
5 0.675390625 0.4414862492685781 0.00078125 0.0017554125219426564
5 0.6646484375 0.441193680514921 0.000390625 0.0011702750146284377
5 0.6732421875 0.44002340550029256 0.001171875 0.0011702750146284377
5 0.6681640625 0.44060854300760677 0.001171875 0.0023405500292568754
5 0.6841796875 0.43943826799297836 0.000390625 0.0011702750146284377
5 0.6796875 0.43914569923932123 0.0015625 0.002925687536571094
5 0.6775390625 0.43943826799297836 0.002734375 0.003510825043885313
5 0.683203125 0.43739028671737856 0.00078125 0.0017554125219426564
5 0.6806640625 0.43622001170275015 0.001171875 0.0017554125219426564
5 0.696484375 0.4315389116442364 0.0015625 0.002925687536571094
5 0.6490234375 0.36775892334698657 0.000390625 0.0005851375073142189
5 0.6564453125 0.3671737858396723 0.000390625 0.0005851375073142189
5 0.6419921875 0.36307782328847277 0.000390625 0.0005851375073142189
5 0.48671875 0.5386190754827385 0.89609375 0.7179637214745466