5 0.48517241379310344 0.7562068965517241 0.000689655172413793 0.000689655172413793
5 0.48344827586206895 0.7555172413793103 0.001379310344827586 0.000689655172413793
5 0.4403448275862069 0.7631034482758621 0.04896551724137931 0.017241379310344827
5 0.4068965517241379 0.7593103448275862 0.011034482758620689 0.019310344827586208
5 0.40758620689655173 0.7455172413793103 0.004137931034482759 0.005517241379310344
5 0.4279310344827586 0.7313793103448276 0.000689655172413793 0.000689655172413793
5 0.47206896551724137 0.7424137931034482 0.018620689655172412 0.02413793103448276
5 0.4572413793103448 0.7282758620689656 0.006896551724137931 0.002758620689655172
5 0.54 0.7303448275862069 0.004137931034482759 0.015172413793103448
5 0.5351724137931034 0.7203448275862069 0.002758620689655172 0.0020689655172413794
5 0.3972413793103448 0.6796551724137931 0.001379310344827586 0.0020689655172413794
5 0.39655172413793105 0.6772413793103448 0.001379310344827586 0.001379310344827586
5 0.5244827586206896 0.6720689655172414 0.000689655172413793 0.000689655172413793
5 0.39689655172413796 0.6648275862068965 0.0020689655172413794 0.001379310344827586
5 0.39275862068965517 0.6644827586206896 0.000689655172413793 0.000689655172413793
5 0.3875862068965517 0.6486206896551724 0.001379310344827586 0.0020689655172413794
5 0.3917241379310345 0.6475862068965518 0.002758620689655172 0.004137931034482759
5 0.603103448275862 0.6396551724137931 0.000689655172413793 0.000689655172413793
5 0.40344827586206894 0.6389655172413793 0.001379310344827586 0.000689655172413793
5 0.5996551724137931 0.6382758620689655 0.004827586206896552 0.0020689655172413794
5 0.38482758620689655 0.6386206896551724 0.002758620689655172 0.002758620689655172
5 0.4144827586206897 0.636896551724138 0.001379310344827586 0.000689655172413793
5 0.42586206896551726 0.6372413793103449 0.0034482758620689655 0.002758620689655172
5 0.38862068965517244 0.6362068965517241 0.0020689655172413794 0.0020689655172413794
5 0.4131034482758621 0.6331034482758621 0.004137931034482759 0.004137931034482759
5 0.4006896551724138 0.6320689655172413 0.002758620689655172 0.0034482758620689655
5 0.4210344827586207 0.6272413793103448 0.000689655172413793 0.000689655172413793
5 0.4124137931034483 0.6272413793103448 0.001379310344827586 0.000689655172413793
5 0.5420689655172414 0.6244827586206897 0.001379310344827586 0.0020689655172413794
5 0.3803448275862069 0.6248275862068966 0.0020689655172413794 0.002758620689655172
5 0.383448275862069 0.6213793103448276 0.002758620689655172 0.004137931034482759
5 0.39620689655172414 0.6186206896551724 0.0020689655172413794 0.001379310344827586
5 0.39275862068965517 0.6120689655172413 0.000689655172413793 0.000689655172413793
5 0.3793103448275862 0.6072413793103448 0.002758620689655172 0.0020689655172413794
5 0.3758620689655172 0.6086206896551725 0.002758620689655172 0.004827586206896552
5 0.3793103448275862 0.6048275862068966 0.001379310344827586 0.001379310344827586
5 0.3913793103448276 0.6024137931034482 0.004827586206896552 0.0020689655172413794
5 0.38862068965517244 0.5993103448275862 0.000689655172413793 0.001379310344827586
5 0.51 0.5993103448275862 0.000689655172413793 0.002758620689655172
5 0.5093103448275862 0.596551724137931 0.000689655172413793 0.001379310344827586
5 0.3882758620689655 0.5968965517241379 0.002758620689655172 0.0020689655172413794
5 0.4003448275862069 0.5941379310344828 0.004827586206896552 0.0020689655172413794
5 0.4010344827586207 0.5910344827586207 0.0020689655172413794 0.001379310344827586
5 0.3737931034482759 0.5927586206896551 0.009655172413793104 0.006206896551724138
5 0.4113793103448276 0.59 0.0020689655172413794 0.0020689655172413794
5 0.3879310344827586 0.5913793103448276 0.0034482758620689655 0.004827586206896552
5 0.4089655172413793 0.5879310344827586 0.001379310344827586 0.0020689655172413794
5 0.3986206896551724 0.5879310344827586 0.004137931034482759 0.0034482758620689655
5 0.38620689655172413 0.5858620689655173 0.004137931034482759 0.0034482758620689655
5 0.4086206896551724 0.5848275862068966 0.0034482758620689655 0.002758620689655172
5 0.39827586206896554 0.5841379310344827 0.0020689655172413794 0.002758620689655172
5 0.3955172413793103 0.5837931034482758 0.0020689655172413794 0.0020689655172413794
5 0.593103448275862 0.5751724137931035 0.12413793103448276 0.10620689655172413
5 0.4289655172413793 0.5868965517241379 0.18620689655172415 0.14620689655172414
5 0.6393103448275862 0.47620689655172416 0.001379310344827586 0.000689655172413793
5 0.6417241379310344 0.47551724137931034 0.0020689655172413794 0.000689655172413793
5 0.6186206896551724 0.47793103448275864 0.037241379310344824 0.011034482758620689
5 0.5948275862068966 0.4710344827586207 0.0020689655172413794 0.001379310344827586
5 0.7313793103448276 0.4689655172413793 0.000689655172413793 0.001379310344827586
5 0.643448275862069 0.46482758620689657 0.015172413793103448 0.005517241379310344
5 0.5910344827586207 0.4572413793103448 0.013793103448275862 0.011034482758620689
5 0.5724137931034483 0.45482758620689656 0.016551724137931035 0.01310344827586207
5 0.6806896551724138 0.45655172413793105 0.027586206896551724 0.023448275862068966
5 0.5975862068965517 0.4520689655172414 0.025517241379310347 0.014482758620689656
5 0.7037931034482758 0.44517241379310346 0.0020689655172413794 0.0034482758620689655
5 0.593103448275862 0.44310344827586207 0.015172413793103448 0.011724137931034483
5 0.5948275862068966 0.43655172413793103 0.017241379310344827 0.012413793103448275
5 0.6337931034482759 0.42344827586206896 0.0896551724137931 0.027586206896551724
5 0.6786206896551724 0.4072413793103448 0.001379310344827586 0.0020689655172413794
5 0.2620689655172414 0.40586206896551724 0.001379310344827586 0.000689655172413793
5 0.2717241379310345 0.4031034482758621 0.016551724137931035 0.004827586206896552
5 0.2827586206896552 0.4 0.002758620689655172 0.001379310344827586
5 0.45 0.3317241379310345 0.0020689655172413794 0.001379310344827586
5 0.45689655172413796 0.3272413793103448 0.0034482758620689655 0.0034482758620689655
5 0.49 0.37655172413793103 0.6572413793103449 0.20551724137931035