5 0.785 0.885 0.001 0.0006666666666666666
5 0.49075 0.8516666666666667 0.0885 0.07
5 0.56675 0.8081666666666667 0.0005 0.0016666666666666668
5 0.36 0.7875 0.001 0.001
5 0.4425 0.753 0.001 0.0013333333333333333
5 0.47775 0.7453333333333333 0.0015 0.0033333333333333335
5 0.43525 0.7325 0.0005 0.0003333333333333333
5 0.42825 0.7108333333333333 0.0005 0.001
5 0.42525 0.7015 0.0005 0.0003333333333333333
5 0.42275 0.6936666666666667 0.0005 0.0006666666666666666
5 0.4225 0.6921666666666667 0.001 0.001
5 0.42025 0.6845 0.0005 0.001
5 0.41575 0.6688333333333333 0.0005 0.001
5 0.41425 0.6638333333333334 0.0005 0.001
5 0.41175 0.6548333333333334 0.0005 0.0003333333333333333
5 0.40825 0.6418333333333334 0.0005 0.0016666666666666668
5 0.40275 0.6211666666666666 0.0005 0.0003333333333333333
5 0.39975 0.6091666666666666 0.0005 0.0003333333333333333
5 0.3985 0.6033333333333334 0.001 0.0013333333333333333
5 0.39775 0.602 0.0005 0.0006666666666666666
5 0.39425 0.5861666666666666 0.0005 0.0003333333333333333
5 0.39325 0.5825 0.0005 0.001
5 0.39175 0.5748333333333333 0.0015 0.0023333333333333335
5 0.39 0.568 0.001 0.0033333333333333335
5 0.389 0.564 0.001 0.0033333333333333335
5 0.38825 0.5605 0.0005 0.0003333333333333333
5 0.3875 0.5581666666666667 0.001 0.0016666666666666668
5 0.38675 0.554 0.0015 0.004
5 0.3855 0.5473333333333333 0.001 0.004666666666666667
5 0.38425 0.5428333333333333 0.0005 0.0016666666666666668
5 0.3835 0.5393333333333333 0.001 0.0013333333333333333
5 0.38325 0.5376666666666666 0.0005 0.0006666666666666666
5 0.38225 0.5326666666666666 0.0025 0.007333333333333333
5 0.381 0.5263333333333333 0.001 0.0026666666666666666
5 0.3795 0.52 0.002 0.006
5 0.3785 0.514 0.001 0.002
5 0.3775 0.5106666666666667 0.001 0.0033333333333333335
5 0.36925 0.4666666666666667 0.0155 0.07666666666666666
5 0.355 0.38216666666666665 0.015 0.091
5 0.34475 0.316 0.0065 0.04066666666666666
5 0.34175 0.292 0.0015 0.006
5 0.22325 0.2865 0.0005 0.0003333333333333333
5 0.3405 0.2826666666666667 0.002 0.008
5 0.339 0.27066666666666667 0.002 0.012666666666666666
5 0.33825 0.263 0.0005 0.0006666666666666666
5 0.33725 0.25716666666666665 0.0005 0.001
5 0.33675 0.25366666666666665 0.0005 0.0006666666666666666
5 0.33625 0.248 0.0015 0.008666666666666666
5 0.3355 0.23966666666666667 0.001 0.005333333333333333
5 0.33475 0.235 0.0005 0.0006666666666666666
5 0.334 0.22816666666666666 0.001 0.0003333333333333333
5 0.3335 0.22416666666666665 0.001 0.0023333333333333335
5 0.33325 0.2215 0.0005 0.0023333333333333335
5 0.33225 0.21266666666666667 0.0005 0.0006666666666666666
5 0.33175 0.20883333333333334 0.0005 0.001
5 0.191 0.20133333333333334 0.002 0.002
5 0.19 0.1965 0.002 0.003
5 0.19525 0.19416666666666665 0.0035 0.0023333333333333335
5 0.32975 0.19133333333333333 0.0005 0.0006666666666666666
5 0.29925 0.19916666666666666 0.0665 0.01633333333333333
5 0.32975 0.18883333333333333 0.0005 0.0003333333333333333
5 0.19 0.19016666666666668 0.002 0.007666666666666666
5 0.205 0.19266666666666668 0.011 0.014666666666666666
5 0.32925 0.1845 0.0005 0.0003333333333333333
5 0.2145 0.18083333333333335 0.003 0.0023333333333333335
5 0.206 0.18 0.009 0.0033333333333333335
5 0.22 0.179 0.002 0.002
5 0.2175 0.178 0.001 0.0006666666666666666
5 0.328 0.1735 0.001 0.0023333333333333335
5 0.38975 0.067 0.0165 0.012
5 0.422 0.0135 0.02 0.027
5 0.41025 0.013666666666666667 0.0115 0.027333333333333334
5 0.38775 0.058333333333333334 0.0695 0.11666666666666667
5 0.35625 0.003 0.0185 0.006