5 0.7468117029257314 0.93375 0.0007501875468867217 0.0005
5 0.7563765941485371 0.932 0.0011252813203300824 0.001
5 0.7537509377344336 0.9305 0.00037509377344336085 0.001
5 0.7436234058514629 0.92975 0.0011252813203300824 0.0005
5 0.7456864216054013 0.9275 0.0007501875468867217 0.001
5 0.21699174793698425 0.9235 0.0011252813203300824 0.001
5 0.21605401350337583 0.92025 0.0015003750937734434 0.0015
5 0.21492873218304576 0.91575 0.0007501875468867217 0.0015
5 0.7381845461365342 0.90975 0.0015003750937734434 0.0015
5 0.7349962490622656 0.8955 0.0011252813203300824 0.002
5 0.7378094523630908 0.88875 0.0015003750937734434 0.0025
5 0.20142535633908476 0.887 0.0007501875468867217 0.001
5 0.7981995498874719 0.88225 0.0015003750937734434 0.0015
5 0.20067516879219804 0.882 0.0015003750937734434 0.002
5 0.1980495123780945 0.875 0.0015003750937734434 0.002
5 0.7346211552888222 0.87525 0.002625656414103526 0.0045
5 0.7394973743435859 0.86825 0.0011252813203300824 0.0015
5 0.722993248312078 0.861 0.002625656414103526 0.004
5 0.7426856714178545 0.858 0.003000750187546887 0.002
5 0.7462490622655664 0.85675 0.0033758439609902473 0.0015
5 0.7473743435858965 0.854 0.0011252813203300824 0.001
5 0.19786196549137283 0.8475 0.00037509377344336085 0.001
5 0.7428732183045762 0.84 0.005626406601650412 0.003
5 0.19579894973743436 0.83075 0.0015003750937734434 0.0025
5 0.8088897224306076 0.82025 0.00037509377344336085 0.0005
5 0.6460990247561891 0.4555 0.0011252813203300824 0.002
5 0.6483495873968492 0.453 0.0018754688672168042 0.001
5 0.24887471867966993 0.56575 0.1436609152288072 0.8135
5 0.7274943735933983 0.50925 0.1646661665416354 0.8545