5 0.273972602739726 0.802054794520548 0.01643835616438356 0.00410958904109589
5 0.9342465753424658 0.7780821917808219 0.0027397260273972603 0.0027397260273972603
5 0.05821917808219178 0.7445205479452055 0.0013698630136986301 0.0013698630136986301
5 0.21506849315068494 0.7301369863013699 0.005479452054794521 0.00821917808219178
5 0.9315068493150684 0.7205479452054795 0.0027397260273972603 0.0027397260273972603
5 0.576027397260274 0.7226027397260274 0.0589041095890411 0.026027397260273973
5 0.07671232876712329 0.7013698630136986 0.00821917808219178 0.0027397260273972603
5 0.2952054794520548 0.7 0.00410958904109589 0.0027397260273972603
5 0.08561643835616438 0.7 0.00410958904109589 0.0027397260273972603
5 0.2924657534246575 0.6876712328767123 0.00684931506849315 0.0136986301369863
5 0.11301369863013698 0.6883561643835616 0.028767123287671233 0.02054794520547945
5 0.4349315068493151 0.6486301369863013 0.00410958904109589 0.00410958904109589
5 0.33835616438356164 0.6404109589041096 0.0027397260273972603 0.00410958904109589
5 0.026027397260273973 0.6808219178082192 0.052054794520547946 0.1232876712328767
5 0.9924657534246575 0.6212328767123287 0.012328767123287671 0.00684931506849315
5 0.9671232876712329 0.6191780821917808 0.005479452054794521 0.005479452054794521
5 0.6801369863013699 0.613013698630137 0.0013698630136986301 0.0013698630136986301
5 0.6767123287671233 0.613013698630137 0.0027397260273972603 0.0013698630136986301
5 0.6595890410958904 0.6123287671232877 0.00410958904109589 0.0027397260273972603
5 0.323972602739726 0.6198630136986302 0.026027397260273973 0.03424657534246575
5 0.5349315068493151 0.5993150684931506 0.0013698630136986301 0.0013698630136986301
5 0.30753424657534245 0.5993150684931506 0.0013698630136986301 0.0013698630136986301
5 0.49931506849315066 0.5993150684931506 0.01780821917808219 0.00410958904109589
5 0.44246575342465755 0.6198630136986302 0.038356164383561646 0.050684931506849315
5 0.6342465753424658 0.626027397260274 0.11232876712328767 0.06575342465753424
5 0.4945205479452055 0.5931506849315068 0.0136986301369863 0.0027397260273972603
5 0.26438356164383564 0.6541095890410958 0.1589041095890411 0.14931506849315068
5 0.41506849315068495 0.5712328767123288 0.0027397260273972603 0.0027397260273972603
5 0.8609589041095891 0.5636986301369863 0.0013698630136986301 0.0013698630136986301
5 0.5595890410958904 0.5589041095890411 0.00410958904109589 0.0027397260273972603
5 0.8595890410958904 0.5575342465753425 0.0013698630136986301 0.0027397260273972603
5 0.9171232876712329 0.6513698630136986 0.16575342465753426 0.19863013698630136
5 0.852054794520548 0.5568493150684931 0.005479452054794521 0.015068493150684932
5 0.5006849315068493 0.49931506849315066 0.0013698630136986301 0.0013698630136986301
5 0.13561643835616438 0.4931506849315068 0.0027397260273972603 0.0027397260273972603
5 0.1273972602739726 0.4931506849315068 0.00821917808219178 0.0027397260273972603
5 0.12808219178082192 0.48561643835616436 0.00684931506849315 0.00684931506849315
5 0.13356164383561644 0.48013698630136986 0.0013698630136986301 0.0013698630136986301
5 0.7691780821917809 0.46986301369863015 0.0013698630136986301 0.0027397260273972603
5 0.10753424657534247 0.4657534246575342 0.0013698630136986301 0.0027397260273972603
5 0.14657534246575343 0.46164383561643835 0.0027397260273972603 0.0027397260273972603
5 0.9465753424657535 0.45821917808219176 0.005479452054794521 0.00410958904109589
5 0.958904109589041 0.5027397260273972 0.0821917808219178 0.10136986301369863
5 0.12534246575342467 0.4554794520547945 0.009589041095890411 0.00684931506849315
5 0.13972602739726028 0.4486301369863014 0.0027397260273972603 0.00410958904109589
5 0.37602739726027395 0.5863013698630137 0.21506849315068494 0.2876712328767123
5 0.7513698630136987 0.4397260273972603 0.00410958904109589 0.0027397260273972603
5 0.37123287671232874 0.43904109589041096 0.0027397260273972603 0.0013698630136986301
5 0.36575342465753424 0.43767123287671234 0.0027397260273972603 0.0013698630136986301
5 0.3589041095890411 0.4349315068493151 0.00821917808219178 0.00410958904109589
5 0.12397260273972603 0.43356164383561646 0.0013698630136986301 0.0013698630136986301
5 0.34315068493150686 0.4273972602739726 0.00410958904109589 0.0027397260273972603
5 0.10684931506849316 0.426027397260274 0.00821917808219178 0.0027397260273972603
5 0.0958904109589041 0.42534246575342466 0.0027397260273972603 0.0013698630136986301
5 0.3315068493150685 0.4232876712328767 0.010958904109589041 0.0027397260273972603
5 0.3198630136986301 0.4212328767123288 0.00410958904109589 0.0013698630136986301
5 0.28835616438356165 0.41712328767123286 0.0013698630136986301 0.0013698630136986301
5 0.6965753424657535 0.4986301369863014 0.2863013698630137 0.16712328767123288
5 0.6047945205479452 0.41506849315068495 0.00410958904109589 0.0027397260273972603
5 0.14589041095890412 0.41164383561643836 0.0013698630136986301 0.0013698630136986301
5 0.1589041095890411 0.5013698630136987 0.3095890410958904 0.1917808219178082
5 0.20068493150684932 0.40616438356164386 0.0013698630136986301 0.0013698630136986301
5 0.023287671232876714 0.4075342465753425 0.005479452054794521 0.00410958904109589
5 0.26438356164383564 0.4054794520547945 0.0027397260273972603 0.0027397260273972603
5 0.036986301369863014 0.4075342465753425 0.010958904109589041 0.00684931506849315
5 0.28698630136986303 0.40342465753424656 0.0013698630136986301 0.0013698630136986301
5 0.11301369863013698 0.4047945205479452 0.00410958904109589 0.00410958904109589
5 0.11712328767123288 0.4006849315068493 0.0013698630136986301 0.0013698630136986301
5 0.2513698630136986 0.39315068493150684 0.00684931506849315 0.0027397260273972603
5 0.26301369863013696 0.38904109589041097 0.0027397260273972603 0.0027397260273972603
5 0.336986301369863 0.38287671232876713 0.0027397260273972603 0.0013698630136986301
5 0.11712328767123288 0.3835616438356164 0.0013698630136986301 0.0027397260273972603
5 0.19657534246575342 0.3815068493150685 0.0013698630136986301 0.0013698630136986301
5 0.16095890410958905 0.3815068493150685 0.0013698630136986301 0.0013698630136986301
5 0.2089041095890411 0.3773972602739726 0.0013698630136986301 0.0013698630136986301
5 0.04178082191780822 0.3780821917808219 0.0013698630136986301 0.0027397260273972603
5 0.18424657534246575 0.37465753424657533 0.0013698630136986301 0.0013698630136986301
5 0.28698630136986303 0.3726027397260274 0.0013698630136986301 0.0027397260273972603
5 0.18287671232876712 0.37123287671232874 0.0013698630136986301 0.0027397260273972603
5 0.15616438356164383 0.37054794520547946 0.0027397260273972603 0.0013698630136986301
5 0.19383561643835617 0.36712328767123287 0.00410958904109589 0.0027397260273972603
5 0.3089041095890411 0.36232876712328765 0.0013698630136986301 0.0013698630136986301
5 0.2993150684931507 0.363013698630137 0.0013698630136986301 0.0027397260273972603
5 0.18287671232876712 0.363013698630137 0.0013698630136986301 0.0027397260273972603
5 0.19931506849315067 0.36232876712328765 0.00410958904109589 0.00410958904109589
5 0.1863013698630137 0.3561643835616438 0.0027397260273972603 0.0027397260273972603
5 0.09178082191780822 0.35136986301369866 0.0027397260273972603 0.0013698630136986301
5 0.3643835616438356 0.3506849315068493 0.0027397260273972603 0.0027397260273972603
5 0.023972602739726026 0.3506849315068493 0.00410958904109589 0.0027397260273972603
5 0.36232876712328765 0.34657534246575344 0.0013698630136986301 0.0027397260273972603
5 0.06575342465753424 0.3458904109589041 0.0027397260273972603 0.0013698630136986301
5 0.08082191780821918 0.3376712328767123 0.0027397260273972603 0.0013698630136986301
5 0.09315068493150686 0.336986301369863 0.0027397260273972603 0.0027397260273972603
5 0.36095890410958903 0.3363013698630137 0.0013698630136986301 0.00410958904109589
5 0.2054794520547945 0.33424657534246577 0.00821917808219178 0.0027397260273972603
5 0.06438356164383562 0.33424657534246577 0.005479452054794521 0.0027397260273972603
5 0.00684931506849315 0.323972602739726 0.0027397260273972603 0.0013698630136986301
5 0.10273972602739725 0.3232876712328767 0.0027397260273972603 0.0027397260273972603
5 0.012328767123287671 0.3219178082191781 0.0027397260273972603 0.0027397260273972603
5 0.07534246575342465 0.3198630136986301 0.0027397260273972603 0.0013698630136986301
5 0.005479452054794521 0.31917808219178084 0.0027397260273972603 0.0027397260273972603
5 0.12876712328767123 0.3184931506849315 0.005479452054794521 0.00410958904109589
5 0.39794520547945206 0.31438356164383563 0.0013698630136986301 0.0013698630136986301
5 0.8582191780821918 0.3643835616438356 0.18493150684931506 0.10410958904109589
5 0.5815068493150685 0.3178082191780822 0.012328767123287671 0.010958904109589041
5 0.1095890410958904 0.3136986301369863 0.0027397260273972603 0.0027397260273972603
5 0.07465753424657534 0.3116438356164384 0.0013698630136986301 0.0013698630136986301
5 0.007534246575342466 0.31232876712328766 0.00410958904109589 0.005479452054794521
5 0.3589041095890411 0.3102739726027397 0.0027397260273972603 0.00410958904109589
5 0.8794520547945206 0.3095890410958904 0.005479452054794521 0.005479452054794521
5 0.7938356164383562 0.3095890410958904 0.00410958904109589 0.005479452054794521
5 0.7835616438356164 0.3089041095890411 0.005479452054794521 0.00410958904109589
5 0.08150684931506849 0.31232876712328766 0.00684931506849315 0.010958904109589041
5 0.052054794520547946 0.3095890410958904 0.0027397260273972603 0.005479452054794521
5 0.8472602739726027 0.30684931506849317 0.0013698630136986301 0.0027397260273972603
5 0.1404109589041096 0.3047945205479452 0.00410958904109589 0.0013698630136986301
5 0.589041095890411 0.3047945205479452 0.005479452054794521 0.00684931506849315
5 0.19931506849315067 0.30205479452054795 0.0013698630136986301 0.0013698630136986301
5 0.007534246575342466 0.3047945205479452 0.00410958904109589 0.00684931506849315
5 0.12465753424657534 0.3013698630136986 0.0027397260273972603 0.0027397260273972603
5 0.8513698630136987 0.2979452054794521 0.0013698630136986301 0.0013698630136986301
5 0.836986301369863 0.30273972602739724 0.024657534246575342 0.0136986301369863
5 0.6438356164383562 0.29726027397260274 0.0027397260273972603 0.0027397260273972603
5 0.5602739726027397 0.29726027397260274 0.0027397260273972603 0.0027397260273972603
5 0.06643835616438357 0.2965753424657534 0.0013698630136986301 0.0013698630136986301
5 0.8232876712328767 0.2958904109589041 0.0027397260273972603 0.0027397260273972603
5 0.7616438356164383 0.2979452054794521 0.010958904109589041 0.00684931506849315
5 0.3178082191780822 0.2958904109589041 0.0027397260273972603 0.0027397260273972603
5 0.15684931506849314 0.2952054794520548 0.0013698630136986301 0.0013698630136986301
5 0.0589041095890411 0.2952054794520548 0.0027397260273972603 0.0013698630136986301
5 0.6136986301369863 0.2965753424657534 0.00821917808219178 0.00684931506849315
5 0.22808219178082192 0.29383561643835615 0.0013698630136986301 0.0013698630136986301
5 0.7301369863013699 0.2924657534246575 0.0027397260273972603 0.0013698630136986301
5 0.8438356164383561 0.2910958904109589 0.0027397260273972603 0.0013698630136986301
5 0.27808219178082194 0.29041095890410956 0.0027397260273972603 0.0027397260273972603
5 0.16095890410958905 0.29041095890410956 0.0013698630136986301 0.0027397260273972603
5 0.15 0.29041095890410956 0.0013698630136986301 0.0027397260273972603
5 0.29863013698630136 0.28835616438356165 0.0027397260273972603 0.00410958904109589
5 0.06232876712328767 0.28904109589041094 0.00410958904109589 0.005479452054794521
5 0.31575342465753425 0.2863013698630137 0.00410958904109589 0.0027397260273972603
5 0.13767123287671232 0.2876712328767123 0.00410958904109589 0.005479452054794521
5 0.04589041095890411 0.2842465753424658 0.0013698630136986301 0.0013698630136986301
5 0.0684931506849315 0.2842465753424658 0.005479452054794521 0.00410958904109589
5 0.0273972602739726 0.2828767123287671 0.0027397260273972603 0.0013698630136986301
5 0.36712328767123287 0.29315068493150687 0.021917808219178082 0.024657534246575342
5 0.7856164383561643 0.28013698630136985 0.0013698630136986301 0.0013698630136986301
5 0.07260273972602739 0.27945205479452057 0.0027397260273972603 0.0027397260273972603
5 0.050684931506849315 0.27945205479452057 0.005479452054794521 0.0027397260273972603
5 0.017123287671232876 0.28493150684931506 0.012328767123287671 0.0136986301369863
5 0.38493150684931504 0.2787671232876712 0.010958904109589041 0.00410958904109589
5 0.3938356164383562 0.27534246575342464 0.00410958904109589 0.0027397260273972603
5 0.12397260273972603 0.2787671232876712 0.00684931506849315 0.009589041095890411
5 0.4095890410958904 0.2732876712328767 0.0027397260273972603 0.0013698630136986301
5 0.4047945205479452 0.2732876712328767 0.0013698630136986301 0.0013698630136986301
5 0.08972602739726028 0.27534246575342464 0.00410958904109589 0.005479452054794521
5 0.5034246575342466 0.2719178082191781 0.00410958904109589 0.0013698630136986301
5 0.3047945205479452 0.2726027397260274 0.00410958904109589 0.0027397260273972603
5 0.0684931506849315 0.273972602739726 0.005479452054794521 0.005479452054794521
5 0.009589041095890411 0.2828767123287671 0.010958904109589041 0.023287671232876714
5 0.31575342465753425 0.2726027397260274 0.00410958904109589 0.00821917808219178
5 0.3321917808219178 0.2684931506849315 0.0013698630136986301 0.0027397260273972603
5 0.22465753424657534 0.2684931506849315 0.0027397260273972603 0.0027397260273972603
5 0.1226027397260274 0.2684931506849315 0.00410958904109589 0.0027397260273972603
5 0.08972602739726028 0.2678082191780822 0.0013698630136986301 0.0013698630136986301
5 0.036986301369863014 0.2684931506849315 0.0027397260273972603 0.0027397260273972603
5 0.014383561643835616 0.2684931506849315 0.0013698630136986301 0.0027397260273972603
5 0.29383561643835615 0.2671232876712329 0.0013698630136986301 0.0027397260273972603
5 0.24794520547945206 0.2671232876712329 0.0027397260273972603 0.0027397260273972603
5 0.10273972602739725 0.2684931506849315 0.005479452054794521 0.00821917808219178
5 0.32054794520547947 0.26438356164383564 0.0027397260273972603 0.0027397260273972603
5 0.26575342465753427 0.26438356164383564 0.0027397260273972603 0.0027397260273972603
5 0.12945205479452054 0.2636986301369863 0.0013698630136986301 0.0013698630136986301
5 0.06438356164383562 0.2650684931506849 0.005479452054794521 0.00410958904109589
5 0.026027397260273973 0.2691780821917808 0.01643835616438356 0.012328767123287671
5 0.1958904109589041 0.26095890410958905 0.0027397260273972603 0.0013698630136986301
5 0.21164383561643835 0.2589041095890411 0.0013698630136986301 0.0027397260273972603
5 0.34726027397260273 0.25753424657534246 0.0013698630136986301 0.0027397260273972603
5 0.2650684931506849 0.25753424657534246 0.0013698630136986301 0.0027397260273972603
5 0.2267123287671233 0.2568493150684932 0.0013698630136986301 0.0013698630136986301
5 0.17465753424657535 0.25753424657534246 0.00410958904109589 0.0027397260273972603
5 0.14794520547945206 0.2602739726027397 0.00821917808219178 0.00821917808219178
5 0.06917808219178082 0.25753424657534246 0.0013698630136986301 0.0027397260273972603
5 0.0547945205479452 0.26301369863013696 0.00821917808219178 0.0136986301369863
5 0.030136986301369864 0.25753424657534246 0.0027397260273972603 0.0027397260273972603
5 0.2184931506849315 0.25616438356164384 0.0013698630136986301 0.0027397260273972603
5 0.08698630136986302 0.2568493150684932 0.00410958904109589 0.00410958904109589
5 0.0636986301369863 0.2541095890410959 0.0013698630136986301 0.0013698630136986301
5 0.29863013698630136 0.2541095890410959 0.005479452054794521 0.00410958904109589
5 0.25273972602739725 0.2534246575342466 0.0013698630136986301 0.0027397260273972603
5 0.043835616438356165 0.2554794520547945 0.00821917808219178 0.00684931506849315
5 0.1178082191780822 0.25068493150684934 0.005479452054794521 0.0027397260273972603
5 0.06780821917808219 0.25 0.0013698630136986301 0.0013698630136986301
5 0.03424657534246575 0.25 0.005479452054794521 0.00684931506849315
5 0.02945205479452055 0.24794520547945206 0.0013698630136986301 0.0027397260273972603
5 0.10205479452054794 0.24863013698630138 0.009589041095890411 0.00684931506849315
5 0.36506849315068496 0.24452054794520547 0.0013698630136986301 0.0013698630136986301
5 0.04246575342465753 0.24726027397260275 0.005479452054794521 0.00684931506849315
5 0.27671232876712326 0.24452054794520547 0.0027397260273972603 0.00410958904109589
5 0.16643835616438357 0.2452054794520548 0.00410958904109589 0.005479452054794521
5 0.17534246575342466 0.24315068493150685 0.00821917808219178 0.00410958904109589
5 0.07808219178082192 0.2465753424657534 0.010958904109589041 0.010958904109589041
5 0.16164383561643836 0.23972602739726026 0.0027397260273972603 0.0027397260273972603
5 0.38424657534246576 0.2356164383561644 0.0013698630136986301 0.0027397260273972603
5 0.1917808219178082 0.23904109589041095 0.010958904109589041 0.009589041095890411
5 0.10684931506849316 0.23835616438356164 0.005479452054794521 0.00821917808219178
5 0.09383561643835617 0.2328767123287671 0.01780821917808219 0.00821917808219178
5 0.11164383561643836 0.22945205479452055 0.00410958904109589 0.00410958904109589
5 0.36917808219178083 0.22534246575342465 0.0013698630136986301 0.0013698630136986301
5 0.07876712328767123 0.22602739726027396 0.00410958904109589 0.0027397260273972603
5 0.2089041095890411 0.22465753424657534 0.00410958904109589 0.0027397260273972603
5 0.1863013698630137 0.22465753424657534 0.0027397260273972603 0.0027397260273972603
5 0.13150684931506848 0.22602739726027396 0.0027397260273972603 0.005479452054794521
5 0.1363013698630137 0.22465753424657534 0.0013698630136986301 0.005479452054794521
5 0.1178082191780822 0.22397260273972602 0.0027397260273972603 0.00410958904109589
5 0.26643835616438355 0.22123287671232877 0.0013698630136986301 0.0013698630136986301
5 0.22123287671232877 0.2226027397260274 0.00410958904109589 0.00410958904109589
5 0.08561643835616438 0.2219178082191781 0.0013698630136986301 0.0027397260273972603
5 0.3863013698630137 0.21986301369863015 0.0027397260273972603 0.0013698630136986301
5 0.3719178082191781 0.22054794520547946 0.0013698630136986301 0.0027397260273972603
5 0.32465753424657534 0.22465753424657534 0.0136986301369863 0.010958904109589041
5 0.10136986301369863 0.21986301369863015 0.005479452054794521 0.00410958904109589
5 0.13013698630136986 0.21643835616438356 0.0027397260273972603 0.0027397260273972603
5 0.10684931506849316 0.21506849315068494 0.005479452054794521 0.0027397260273972603
5 0.11986301369863013 0.21643835616438356 0.009589041095890411 0.00821917808219178
5 0.30753424657534245 0.21232876712328766 0.00410958904109589 0.0027397260273972603
5 0.26438356164383564 0.21232876712328766 0.0027397260273972603 0.0027397260273972603
5 0.10205479452054794 0.21095890410958903 0.00410958904109589 0.0027397260273972603
5 0.22602739726027396 0.2089041095890411 0.0027397260273972603 0.0013698630136986301
5 0.2054794520547945 0.21164383561643835 0.0136986301369863 0.009589041095890411
5 0.136986301369863 0.21095890410958903 0.010958904109589041 0.00821917808219178
5 0.10684931506849316 0.20821917808219179 0.0027397260273972603 0.0027397260273972603
5 0.16164383561643836 0.20616438356164385 0.0027397260273972603 0.0013698630136986301
5 0.1184931506849315 0.20616438356164385 0.0013698630136986301 0.0013698630136986301
5 0.37534246575342467 0.2054794520547945 0.0027397260273972603 0.005479452054794521
5 0.3184931506849315 0.20342465753424657 0.0013698630136986301 0.0013698630136986301
5 0.32465753424657534 0.20273972602739726 0.0027397260273972603 0.0027397260273972603
5 0.2047945205479452 0.20273972602739726 0.0013698630136986301 0.0027397260273972603
5 0.10068493150684932 0.20273972602739726 0.00410958904109589 0.0027397260273972603
5 0.22945205479452055 0.19931506849315067 0.0013698630136986301 0.0013698630136986301
5 0.15616438356164383 0.2 0.0027397260273972603 0.0027397260273972603
5 0.11917808219178082 0.19794520547945205 0.0027397260273972603 0.0013698630136986301
5 0.1095890410958904 0.2 0.00821917808219178 0.00821917808219178
5 0.09246575342465753 0.19452054794520549 0.0013698630136986301 0.0027397260273972603
5 0.08767123287671233 0.1952054794520548 0.0027397260273972603 0.00410958904109589
5 0.26095890410958905 0.19315068493150686 0.0013698630136986301 0.0027397260273972603
5 0.2993150684931507 0.1917808219178082 0.0013698630136986301 0.0027397260273972603
5 0.26986301369863014 0.1917808219178082 0.0027397260273972603 0.0027397260273972603
5 0.12534246575342467 0.1917808219178082 0.0013698630136986301 0.005479452054794521
5 0.11917808219178082 0.19246575342465752 0.005479452054794521 0.00684931506849315
5 0.09383561643835617 0.18972602739726027 0.0013698630136986301 0.0013698630136986301
5 0.26575342465753427 0.18698630136986302 0.0027397260273972603 0.0013698630136986301
5 0.17602739726027397 0.18561643835616437 0.0013698630136986301 0.0013698630136986301
5 0.14383561643835616 0.1910958904109589 0.0027397260273972603 0.012328767123287671
5 0.2547945205479452 0.1815068493150685 0.0027397260273972603 0.0013698630136986301
5 0.28698630136986303 0.18082191780821918 0.00410958904109589 0.0027397260273972603
5 0.2726027397260274 0.17876712328767122 0.0027397260273972603 0.00410958904109589
5 0.16301369863013698 0.17876712328767122 0.005479452054794521 0.00684931506849315
5 0.24246575342465754 0.17534246575342466 0.0027397260273972603 0.0027397260273972603
5 0.18287671232876712 0.1773972602739726 0.00684931506849315 0.00684931506849315
5 0.2602739726027397 0.17397260273972603 0.0027397260273972603 0.0027397260273972603
5 0.26986301369863014 0.1726027397260274 0.0027397260273972603 0.0027397260273972603
5 0.2321917808219178 0.17123287671232876 0.0013698630136986301 0.0027397260273972603
5 0.2863013698630137 0.1684931506849315 0.005479452054794521 0.0027397260273972603
5 0.2547945205479452 0.16986301369863013 0.0027397260273972603 0.005479452054794521
5 0.14863013698630137 0.16917808219178082 0.00410958904109589 0.00410958904109589
5 0.26095890410958905 0.16575342465753426 0.0013698630136986301 0.0027397260273972603
5 0.13561643835616438 0.16506849315068492 0.0027397260273972603 0.0013698630136986301
5 0.2554794520547945 0.1636986301369863 0.0013698630136986301 0.0013698630136986301
5 0.24726027397260275 0.16027397260273973 0.00410958904109589 0.005479452054794521
5 0.29315068493150687 0.15753424657534246 0.0027397260273972603 0.0027397260273972603
5 0.2602739726027397 0.1589041095890411 0.005479452054794521 0.00821917808219178
5 0.11232876712328767 0.15547945205479452 0.0027397260273972603 0.0013698630136986301
5 0.2547945205479452 0.15342465753424658 0.0027397260273972603 0.0027397260273972603
5 0.015753424657534248 0.14863013698630137 0.0013698630136986301 0.00410958904109589
5 0.2965753424657534 0.14726027397260275 0.00410958904109589 0.00410958904109589
5 0.34178082191780823 0.14383561643835616 0.00410958904109589 0.0027397260273972603
5 0.12191780821917808 0.14383561643835616 0.0027397260273972603 0.0027397260273972603
5 0.11712328767123288 0.14726027397260275 0.00684931506849315 0.012328767123287671
5 0.2863013698630137 0.13835616438356163 0.0027397260273972603 0.0027397260273972603
5 0.27808219178082194 0.136986301369863 0.0027397260273972603 0.0027397260273972603
5 0.10136986301369863 0.13904109589041097 0.0027397260273972603 0.00684931506849315
5 0.1184931506849315 0.13356164383561644 0.0013698630136986301 0.0013698630136986301
5 0.13219178082191782 0.13356164383561644 0.0013698630136986301 0.00410958904109589
5 0.1095890410958904 0.13493150684931507 0.00821917808219178 0.00684931506849315
5 0.09657534246575343 0.12945205479452054 0.00410958904109589 0.00410958904109589
5 0.2952054794520548 0.12602739726027398 0.0013698630136986301 0.0027397260273972603
5 0.06643835616438357 0.12534246575342467 0.0013698630136986301 0.0013698630136986301
5 0.004794520547945206 0.12397260273972603 0.0013698630136986301 0.0013698630136986301
5 0.2534246575342466 0.12465753424657534 0.005479452054794521 0.005479452054794521
5 0.0821917808219178 0.1226027397260274 0.005479452054794521 0.00410958904109589
5 0.2267123287671233 0.1184931506849315 0.0013698630136986301 0.0013698630136986301
5 0.13356164383561644 0.11917808219178082 0.00410958904109589 0.0027397260273972603
5 0.06095890410958904 0.1184931506849315 0.0013698630136986301 0.0013698630136986301
5 0.030821917808219176 0.1184931506849315 0.0013698630136986301 0.0013698630136986301
5 0.06575342465753424 0.1178082191780822 0.0027397260273972603 0.0027397260273972603
5 0.21986301369863015 0.11575342465753424 0.00410958904109589 0.0013698630136986301
5 0.13835616438356163 0.11643835616438356 0.0027397260273972603 0.0027397260273972603
5 0.009589041095890411 0.11712328767123288 0.00821917808219178 0.00684931506849315
5 0.024657534246575342 0.11506849315068493 0.0027397260273972603 0.005479452054794521
5 0.030821917808219176 0.11095890410958904 0.0013698630136986301 0.0027397260273972603
5 0.007534246575342466 0.1095890410958904 0.0013698630136986301 0.0027397260273972603
5 0.019178082191780823 0.10821917808219178 0.0027397260273972603 0.005479452054794521
5 0.1636986301369863 0.1047945205479452 0.0013698630136986301 0.0013698630136986301
5 0.14931506849315068 0.10342465753424658 0.0027397260273972603 0.0013698630136986301
5 0.014383561643835616 0.10273972602739725 0.00410958904109589 0.005479452054794521
5 0.018493150684931507 0.1 0.0013698630136986301 0.0027397260273972603
5 0.007534246575342466 0.10068493150684932 0.00410958904109589 0.00410958904109589
5 0.15342465753424658 0.09863013698630137 0.0027397260273972603 0.0027397260273972603
5 0.08835616438356164 0.09520547945205479 0.0013698630136986301 0.0013698630136986301
5 0.007534246575342466 0.09315068493150686 0.00684931506849315 0.005479452054794521
5 0.025342465753424658 0.09178082191780822 0.00684931506849315 0.005479452054794521
5 0.011643835616438357 0.08493150684931507 0.00410958904109589 0.0027397260273972603
5 0.1226027397260274 0.0773972602739726 0.0013698630136986301 0.0013698630136986301
5 0.009589041095890411 0.07876712328767123 0.010958904109589041 0.01780821917808219
5 0.13356164383561644 0.06712328767123288 0.00410958904109589 0.0027397260273972603
5 0.01986301369863014 0.06643835616438357 0.0013698630136986301 0.0013698630136986301
5 0.00684931506849315 0.06643835616438357 0.0027397260273972603 0.00410958904109589
5 0.0410958904109589 0.06301369863013699 0.0027397260273972603 0.0027397260273972603
5 0.011643835616438357 0.06232876712328767 0.0013698630136986301 0.0013698630136986301
5 0.00684931506849315 0.05821917808219178 0.0027397260273972603 0.00410958904109589
5 0.22808219178082192 0.0636986301369863 0.023287671232876714 0.023287671232876714
5 0.04726027397260274 0.05342465753424658 0.0013698630136986301 0.0027397260273972603
5 0.00821917808219178 0.04794520547945205 0.005479452054794521 0.00821917808219178
5 0.02945205479452055 0.03972602739726028 0.0013698630136986301 0.0027397260273972603
5 0.014383561643835616 0.03904109589041096 0.0013698630136986301 0.0013698630136986301
5 0.12397260273972603 0.15273972602739727 0.24794520547945206 0.23150684931506849
5 0.3219178082191781 0.036301369863013695 0.005479452054794521 0.00410958904109589
5 0.01643835616438356 0.024657534246575342 0.0027397260273972603 0.0027397260273972603