5 0.6958333333333333 0.8041666666666667 0.005 0.005
5 0.695 0.7975 0.01 0.005
5 0.7308333333333333 0.8075 0.058333333333333334 0.045
5 0.6966666666666667 0.7825 0.01 0.015
5 0.73 0.7783333333333333 0.02 0.016666666666666666
5 0.7116666666666667 0.77 0.0033333333333333335 0.0033333333333333335
5 0.695 0.7658333333333334 0.01 0.015
5 0.73 0.76 0.05 0.023333333333333334
5 0.695 0.7491666666666666 0.006666666666666667 0.011666666666666667
5 0.11083333333333334 0.7125 0.058333333333333334 0.028333333333333332
5 0.7791666666666667 0.6933333333333334 0.005 0.0033333333333333335
5 0.795 0.7691666666666667 0.05333333333333334 0.15833333333333333
5 0.7233333333333334 0.7208333333333333 0.07333333333333333 0.065
5 0.0675 0.69 0.018333333333333333 0.02
5 0.27416666666666667 0.7733333333333333 0.15833333333333333 0.21
5 0.3541666666666667 0.665 0.008333333333333333 0.01
5 0.41083333333333333 0.6491666666666667 0.005 0.0016666666666666668
5 0.10666666666666667 0.6875 0.11333333333333333 0.085
5 0.2825 0.6575 0.13833333333333334 0.041666666666666664
5 0.7783333333333333 0.6591666666666667 0.01 0.055
5 0.37916666666666665 0.6375 0.025 0.011666666666666667
5 0.8383333333333334 0.63 0.0033333333333333335 0.006666666666666667
5 0.79 0.6175 0.0033333333333333335 0.0016666666666666668
5 0.19416666666666665 0.6266666666666667 0.015 0.03
5 0.6741666666666667 0.6558333333333334 0.025 0.09166666666666666
5 0.7466666666666667 0.5975 0.03 0.011666666666666667
5 0.53 0.5791666666666667 0.0033333333333333335 0.005
5 0.08166666666666667 0.5525 0.0033333333333333335 0.0016666666666666668
5 0.06833333333333333 0.5491666666666667 0.013333333333333334 0.005
5 0.055 0.5816666666666667 0.08666666666666667 0.08
5 0.08166666666666667 0.525 0.0033333333333333335 0.0033333333333333335
5 0.15 0.51 0.006666666666666667 0.0033333333333333335
5 0.13416666666666666 0.5125 0.035 0.028333333333333332
5 0.58 0.48333333333333334 0.006666666666666667 0.006666666666666667
5 0.32166666666666666 0.475 0.01 0.016666666666666666
5 0.5975 0.4508333333333333 0.005 0.005
5 0.6041666666666666 0.46416666666666667 0.035 0.035
5 0.4875 0.615 0.31166666666666665 0.34
5 0.9333333333333333 0.44666666666666666 0.03666666666666667 0.006666666666666667
5 0.8991666666666667 0.4425 0.008333333333333333 0.0016666666666666668
5 0.46166666666666667 0.455 0.13666666666666666 0.02666666666666667
5 0.8741666666666666 0.44166666666666665 0.011666666666666667 0.0033333333333333335
5 0.8125 0.5825 0.33166666666666667 0.295
5 0.9875 0.44416666666666665 0.011666666666666667 0.025
5 0.9583333333333334 0.43833333333333335 0.006666666666666667 0.013333333333333334
5 0.8441666666666666 0.42583333333333334 0.0016666666666666668 0.0016666666666666668
5 0.7433333333333333 0.42333333333333334 0.01 0.0033333333333333335
5 0.7658333333333334 0.43 0.17833333333333334 0.023333333333333334
5 0.8316666666666667 0.41583333333333333 0.0033333333333333335 0.0016666666666666668
5 0.815 0.415 0.016666666666666666 0.0033333333333333335
5 0.89 0.4191666666666667 0.01 0.018333333333333333
5 0.8625 0.415 0.03833333333333333 0.016666666666666666
5 0.7375 0.4041666666666667 0.005 0.0016666666666666668
5 0.9375 0.4025 0.005 0.0016666666666666668
5 0.7733333333333333 0.4083333333333333 0.05333333333333334 0.013333333333333334
5 0.4175 0.4008333333333333 0.0016666666666666668 0.0016666666666666668
5 0.9175 0.4 0.028333333333333332 0.0033333333333333335
5 0.89 0.39916666666666667 0.0033333333333333335 0.0016666666666666668
5 0.7158333333333333 0.4066666666666667 0.008333333333333333 0.02
5 0.9483333333333334 0.41 0.013333333333333334 0.03333333333333333