0 0.78 0.9791666666666666 0.03333333333333333 0.041666666666666664
0 0.8933333333333333 0.9702380952380952 0.03333333333333333 0.05952380952380952
0 0.25 0.8869047619047619 0.02 0.023809523809523808
0 0.8683333333333333 0.875 0.0033333333333333335 0.011904761904761904
0 0.3516666666666667 0.8482142857142857 0.0033333333333333335 0.005952380952380952
0 0.7966666666666666 0.8541666666666666 0.02 0.06547619047619048
0 0.9516666666666667 0.7559523809523809 0.09666666666666666 0.4880952380952381
0 0.765 0.6696428571428571 0.09666666666666666 0.39880952380952384
0 0.8916666666666667 0.45535714285714285 0.01 0.017857142857142856
0 0.8716666666666667 0.4255952380952381 0.0033333333333333335 0.005952380952380952
0 0.34 0.4642857142857143 0.02 0.09523809523809523
0 0.7416666666666667 0.37797619047619047 0.0033333333333333335 0.005952380952380952
0 0.8116666666666666 0.35714285714285715 0.07666666666666666 0.16666666666666666
0 0.37833333333333335 0.5119047619047619 0.7566666666666667 0.9761904761904762