0 0.433984375 0.850390625 0.00703125 0.01171875
0 0.593359375 0.830078125 0.00078125 0.00078125
0 0.590234375 0.810546875 0.00078125 0.00078125
0 0.589453125 0.8046875 0.00234375 0.0078125
0 0.399609375 0.806640625 0.00390625 0.01171875
0 0.584375 0.628125 0.0015625 0.0046875
0 0.575 0.59375 0.0046875 0.0125
0 0.383984375 0.469140625 0.00234375 0.00546875
0 0.573828125 0.5234375 0.02265625 0.115625
0 0.56171875 0.46640625 0.0015625 0.0015625
0 0.380859375 0.46171875 0.00078125 0.0015625
0 0.384375 0.4609375 0.0015625 0.003125
0 0.380078125 0.459765625 0.00078125 0.00078125
0 0.391796875 0.4578125 0.00078125 0.0015625
0 0.3859375 0.45078125 0.0015625 0.0015625
0 0.38046875 0.453125 0.003125 0.00625
0 0.390625 0.448046875 0.0015625 0.00078125
0 0.383203125 0.448046875 0.00078125 0.00078125
0 0.559765625 0.441796875 0.00078125 0.00078125
0 0.564453125 0.439453125 0.00234375 0.00234375
0 0.58671875 0.437109375 0.003125 0.00390625
0 0.387890625 0.435546875 0.00078125 0.00078125
0 0.5765625 0.434375 0.0015625 0.0015625
0 0.589453125 0.432421875 0.00078125 0.00078125
0 0.5828125 0.43125 0.0015625 0.0015625
0 0.585546875 0.427734375 0.00078125 0.00078125
0 0.585546875 0.42578125 0.00078125 0.0015625
0 0.58984375 0.425 0.0015625 0.0015625
0 0.578125 0.425 0.0015625 0.0015625
0 0.595703125 0.421875 0.00078125 0.0015625
0 0.593359375 0.414453125 0.00078125 0.00078125
0 0.58515625 0.413671875 0.0015625 0.00234375
0 0.591796875 0.409375 0.00078125 0.0015625
0 0.58828125 0.408203125 0.0015625 0.00234375
0 0.38046875 0.40390625 0.0015625 0.0015625
0 0.577734375 0.396875 0.00078125 0.0015625
0 0.3828125 0.393359375 0.003125 0.00234375
0 0.575 0.389453125 0.0015625 0.00234375
0 0.390234375 0.387109375 0.00078125 0.00078125
0 0.5734375 0.380078125 0.0015625 0.00390625
0 0.387109375 0.37890625 0.00234375 0.0046875
0 0.57265625 0.375 0.0015625 0.003125
0 0.57421875 0.364453125 0.003125 0.00546875
0 0.391015625 0.356640625 0.00234375 0.00234375
0 0.3921875 0.34765625 0.003125 0.003125
0 0.392578125 0.343359375 0.00234375 0.00234375
0 0.571484375 0.33046875 0.00078125 0.0015625
0 0.569921875 0.313671875 0.00390625 0.00234375
0 0.56953125 0.308984375 0.0015625 0.00234375
0 0.56875 0.3015625 0.0015625 0.0015625
0 0.3984375 0.29921875 0.0015625 0.0046875
0 0.403125 0.283984375 0.0015625 0.00234375
0 0.402734375 0.277734375 0.00078125 0.00078125
0 0.562890625 0.275 0.00078125 0.0015625
0 0.404296875 0.268359375 0.00234375 0.00234375
0 0.398828125 0.2765625 0.00859375 0.0328125
0 0.401953125 0.25703125 0.00390625 0.003125
0 0.405078125 0.241796875 0.00859375 0.02421875
0 0.5546875 0.230078125 0.0015625 0.00234375
0 0.48515625 0.5671875 0.2390625 0.6828125
0 0.406640625 0.223828125 0.00234375 0.01015625
0 0.559765625 0.221484375 0.00546875 0.00859375
0 0.412109375 0.2140625 0.00078125 0.0015625
0 0.55859375 0.2140625 0.0046875 0.0046875
0 0.5046875 0.20078125 0.0078125 0.0015625
0 0.516015625 0.19921875 0.00703125 0.0015625
0 0.411328125 0.209765625 0.00859375 0.02265625
0 0.556640625 0.203515625 0.00703125 0.01328125
0 0.552734375 0.197265625 0.00078125 0.00234375
0 0.485546875 0.195703125 0.01484375 0.00234375
0 0.5015625 0.19453125 0.00625 0.0015625
0 0.460546875 0.194140625 0.00078125 0.00078125
0 0.5109375 0.19375 0.0078125 0.0015625
0 0.51953125 0.19296875 0.0015625 0.0015625
0 0.444140625 0.191796875 0.00078125 0.00078125
0 0.45390625 0.1828125 0.0921875 0.0390625
0 0.423046875 0.155078125 0.01171875 0.01484375
0 0.54765625 0.169921875 0.0265625 0.05546875
0 0.543359375 0.141015625 0.00078125 0.00078125
0 0.4265625 0.13828125 0.0046875 0.0109375
0 0.54140625 0.1328125 0.0046875 0.00625
0 0.535546875 0.121875 0.00390625 0.003125
0 0.484375 0.127734375 0.1109375 0.02578125