0 0.82 0.683125 0.02 0.02625
0 0.82 0.6525 0.02 0.0275
0 0.8225 0.6275 0.0275 0.02
0 0.8125 0.6125 0.005 0.005
0 0.8225 0.596875 0.0275 0.01875
0 0.8225 0.575625 0.0275 0.01875
0 0.8225 0.555625 0.0275 0.01875
0 0.769375 0.63625 0.05375 0.5725
0 0.4025 0.63375 0.5825 0.5825
0 0.231875 0.330625 0.10125 0.01875
0 0.273125 0.298125 0.02375 0.01625
0 0.248125 0.298125 0.02375 0.01625
0 0.225625 0.29625 0.01625 0.0225
0 0.208125 0.295625 0.00875 0.02125
0 0.19125 0.295625 0.015 0.02125
0 0.161875 0.29625 0.04375 0.0225
0 0.2375 0.20375 0.005 0.005
0 0.2375 0.19125 0.005 0.005
0 0.205 0.198125 0.015 0.01875
0 0.1925 0.1975 0.005 0.0175
0 0.3875 0.196875 0.025 0.01875
0 0.36 0.196875 0.025 0.01875
0 0.2225 0.1975 0.0175 0.02
0 0.180625 0.1975 0.01625 0.02
0 0.1375 0.1975 0.035 0.02
0 0.110625 0.196875 0.01625 0.01875
0 0.33625 0.195 0.0175 0.025
0 0.31625 0.194375 0.01 0.02375
0 0.29875 0.194375 0.0175 0.02375
0 0.275625 0.195 0.02875 0.025
0 0.25125 0.195 0.0175 0.025
0 0.193125 0.184375 0.00375 0.00375
0 0.16375 0.194375 0.015 0.02375
0 0.27 0.15625 0.005 0.005
0 0.20375 0.15625 0.005 0.005
0 0.3025 0.153125 0.0175 0.02625
0 0.20375 0.1425 0.005 0.005
0 0.160625 0.153125 0.01625 0.02625
0 0.1475 0.149375 0.005 0.01875
0 0.13375 0.15 0.0175 0.02
0 0.113125 0.149375 0.02375 0.01875
0 0.19375 0.1475 0.01 0.0225
0 0.28375 0.1475 0.0175 0.025
0 0.25375 0.146875 0.01 0.02375
0 0.236875 0.146875 0.01625 0.02375
0 0.21625 0.146875 0.01 0.02375
0 0.179375 0.146875 0.01625 0.02375
0 0.1475 0.13625 0.005 0.005
0 0.23 0.10875 0.005 0.005
0 0.32375 0.10125 0.025 0.0175
0 0.23 0.095 0.005 0.005
0 0.216875 0.105 0.01625 0.025
0 0.195 0.10125 0.005 0.0175
0 0.181875 0.101875 0.01625 0.01875
0 0.14625 0.105 0.0175 0.025
0 0.165 0.10125 0.0175 0.02
0 0.11875 0.10125 0.035 0.02
0 0.203125 0.099375 0.00875 0.02375
0 0.34125 0.098125 0.005 0.02375
0 0.29125 0.09875 0.0375 0.025
0 0.25375 0.09875 0.0375 0.025
0 0.195 0.08875 0.005 0.005