0 0.595 0.975 0.0025 0.0075
0 0.521875 0.958125 0.00125 0.00125
0 0.015 0.868125 0.0025 0.00375
0 0.02625 0.865 0.005 0.0025
0 0.020625 0.860625 0.00375 0.00375
0 0.19875 0.858125 0.0025 0.00375
0 0.220625 0.853125 0.00125 0.00125
0 0.2125 0.855625 0.0075 0.00875
0 0.204375 0.850625 0.00125 0.00125
0 0.799375 0.691875 0.00125 0.00125
0 0.4725 0.659375 0.0025 0.00125
0 0.31125 0.538125 0.0025 0.00125
0 0.27125 0.513125 0.005 0.00625
0 0.241875 0.494375 0.00375 0.00875
0 0.16875 0.469375 0.0025 0.00125
0 0.185 0.468125 0.01 0.00375
0 0.161875 0.465 0.00375 0.0025
0 0.17 0.456875 0.0175 0.00625
0 0.5 0.71125 1.0 0.53
0 0.081875 0.441875 0.00375 0.00375
0 0.059375 0.44 0.00375 0.0025
0 0.039375 0.438125 0.02625 0.00625
0 0.021875 0.4375 0.00375 0.005
0 0.065 0.435 0.0025 0.0025
0 0.62625 0.25125 0.155 0.155