0 0.31833333333333336 0.9283333333333333 0.0022222222222222222 0.0022222222222222222
0 0.73 0.9266666666666666 0.0011111111111111111 0.0011111111111111111
0 0.7755555555555556 0.9272222222222222 0.0011111111111111111 0.0033333333333333335
0 0.7561111111111111 0.9263888888888889 0.0011111111111111111 0.0016666666666666668
0 0.3194444444444444 0.9261111111111111 0.0011111111111111111 0.0011111111111111111
0 0.7180555555555556 0.9252777777777778 0.0005555555555555556 0.0005555555555555556
0 0.31277777777777777 0.9258333333333333 0.0033333333333333335 0.002777777777777778
0 0.7466666666666667 0.9244444444444444 0.0011111111111111111 0.0011111111111111111
0 0.31722222222222224 0.925 0.0022222222222222222 0.0022222222222222222
0 0.78 0.9247222222222222 0.005555555555555556 0.002777777777777778
0 0.7277777777777777 0.9236111111111112 0.0011111111111111111 0.0005555555555555556
0 0.32944444444444443 0.9241666666666667 0.0044444444444444444 0.0016666666666666668
0 0.3233333333333333 0.9255555555555556 0.0033333333333333335 0.0044444444444444444
0 0.7186111111111111 0.9233333333333333 0.0005555555555555556 0.0011111111111111111
0 0.6925 0.9230555555555555 0.0016666666666666668 0.0005555555555555556
0 0.6361111111111111 0.9230555555555555 0.0011111111111111111 0.0005555555555555556
0 0.6202777777777778 0.925 0.002777777777777778 0.0044444444444444444
0 0.7311111111111112 0.9227777777777778 0.0033333333333333335 0.0011111111111111111
0 0.7102777777777778 0.9225 0.0005555555555555556 0.0005555555555555556
0 0.7080555555555555 0.9225 0.0005555555555555556 0.0005555555555555556
0 0.7511111111111111 0.9222222222222223 0.0022222222222222222 0.0011111111111111111
0 0.6727777777777778 0.9222222222222223 0.0022222222222222222 0.0011111111111111111
0 0.6422222222222222 0.9233333333333333 0.008888888888888889 0.0033333333333333335
0 0.35083333333333333 0.9236111111111112 0.0038888888888888888 0.0038888888888888888
0 0.3413888888888889 0.9233333333333333 0.0038888888888888888 0.0033333333333333335
0 0.29944444444444446 0.9225 0.0022222222222222222 0.0016666666666666668
0 0.6288888888888889 0.9213888888888889 0.0011111111111111111 0.0005555555555555556
0 0.6186111111111111 0.9213888888888889 0.0005555555555555556 0.0005555555555555556
0 0.6161111111111112 0.9227777777777778 0.0044444444444444444 0.0033333333333333335
0 0.6872222222222222 0.9208333333333333 0.0011111111111111111 0.0005555555555555556
0 0.31805555555555554 0.9211111111111111 0.0016666666666666668 0.0011111111111111111
0 0.3047222222222222 0.9236111111111112 0.006111111111111111 0.006111111111111111
0 0.2425 0.9213888888888889 0.0016666666666666668 0.0016666666666666668
0 0.2263888888888889 0.9227777777777778 0.0038888888888888888 0.0044444444444444444
0 0.32083333333333336 0.9202777777777778 0.0005555555555555556 0.0005555555555555556
0 0.31472222222222224 0.9213888888888889 0.002777777777777778 0.002777777777777778
0 0.23222222222222222 0.9208333333333333 0.0011111111111111111 0.0016666666666666668
0 0.22972222222222222 0.9219444444444445 0.002777777777777778 0.0038888888888888888
0 0.7077777777777777 0.9202777777777778 0.0022222222222222222 0.0016666666666666668
0 0.6961111111111111 0.9202777777777778 0.0022222222222222222 0.0016666666666666668
0 0.6938888888888889 0.9197222222222222 0.0011111111111111111 0.0005555555555555556
0 0.6844444444444444 0.92 0.0011111111111111111 0.0011111111111111111
0 0.6694444444444444 0.9197222222222222 0.0011111111111111111 0.0005555555555555556
0 0.6452777777777777 0.9197222222222222 0.0005555555555555556 0.0005555555555555556
0 0.6338888888888888 0.9211111111111111 0.0044444444444444444 0.0033333333333333335
0 0.6236111111111111 0.9213888888888889 0.005 0.0038888888888888888
0 0.41555555555555557 0.9205555555555556 0.005555555555555556 0.0022222222222222222
0 0.3416666666666667 0.92 0.0011111111111111111 0.0011111111111111111
0 0.3372222222222222 0.9202777777777778 0.0022222222222222222 0.0016666666666666668
0 0.6497222222222222 0.92 0.005 0.0022222222222222222
0 0.6119444444444444 0.9191666666666667 0.0005555555555555556 0.0005555555555555556
0 0.3283333333333333 0.9197222222222222 0.0022222222222222222 0.0016666666666666668
0 0.31055555555555553 0.9194444444444444 0.0011111111111111111 0.0011111111111111111
0 0.30333333333333334 0.9202777777777778 0.0022222222222222222 0.002777777777777778
0 0.2911111111111111 0.9197222222222222 0.0033333333333333335 0.0016666666666666668
0 0.2663888888888889 0.9197222222222222 0.0016666666666666668 0.0016666666666666668
0 0.6680555555555555 0.9186111111111112 0.0005555555555555556 0.0005555555555555556
0 0.6655555555555556 0.9186111111111112 0.0011111111111111111 0.0005555555555555556
0 0.6538888888888889 0.9188888888888889 0.0022222222222222222 0.0011111111111111111
0 0.6372222222222222 0.9191666666666667 0.0011111111111111111 0.0016666666666666668
0 0.6202777777777778 0.9186111111111112 0.0005555555555555556 0.0005555555555555556
0 0.2225 0.9197222222222222 0.0016666666666666668 0.002777777777777778
0 0.7091666666666666 0.9180555555555555 0.0005555555555555556 0.0005555555555555556
0 0.6294444444444445 0.9180555555555555 0.0011111111111111111 0.0005555555555555556
0 0.3497222222222222 0.9183333333333333 0.0016666666666666668 0.0011111111111111111
0 0.3458333333333333 0.9191666666666667 0.0038888888888888888 0.002777777777777778
0 0.23472222222222222 0.9197222222222222 0.002777777777777778 0.0038888888888888888
0 0.6744444444444444 0.9177777777777778 0.0022222222222222222 0.0011111111111111111
0 0.6480555555555556 0.9177777777777778 0.0016666666666666668 0.0011111111111111111
0 0.3605555555555556 0.9180555555555555 0.0011111111111111111 0.0016666666666666668
0 0.35583333333333333 0.9191666666666667 0.005 0.0038888888888888888
0 0.3225 0.9180555555555555 0.0016666666666666668 0.0016666666666666668
0 0.30916666666666665 0.9177777777777778 0.0016666666666666668 0.0011111111111111111
0 0.23833333333333334 0.9186111111111112 0.0033333333333333335 0.002777777777777778
0 0.6580555555555555 0.9175 0.0016666666666666668 0.0016666666666666668
0 0.6013888888888889 0.9177777777777778 0.0038888888888888888 0.0022222222222222222
0 0.5822222222222222 0.9175 0.0033333333333333335 0.0016666666666666668
0 0.38555555555555554 0.9183333333333333 0.0044444444444444444 0.0033333333333333335
0 0.37416666666666665 0.9172222222222223 0.0005555555555555556 0.0011111111111111111
0 0.29944444444444446 0.9175 0.0011111111111111111 0.0016666666666666668
0 0.2688888888888889 0.9175 0.0011111111111111111 0.0016666666666666668
0 0.22833333333333333 0.9180555555555555 0.0022222222222222222 0.002777777777777778
0 0.6813888888888889 0.9166666666666666 0.002777777777777778 0.0011111111111111111
0 0.6769444444444445 0.9169444444444445 0.0016666666666666668 0.0016666666666666668
0 0.6438888888888888 0.9166666666666666 0.0011111111111111111 0.0011111111111111111
0 0.6163888888888889 0.9169444444444445 0.0016666666666666668 0.0016666666666666668
0 0.3338888888888889 0.9166666666666666 0.0022222222222222222 0.0011111111111111111
0 0.2811111111111111 0.9169444444444445 0.0022222222222222222 0.0016666666666666668
0 0.2461111111111111 0.9175 0.0033333333333333335 0.002777777777777778
0 0.5947222222222223 0.9180555555555555 0.008333333333333333 0.005
0 0.5875 0.9177777777777778 0.007222222222222222 0.0044444444444444444
0 0.4102777777777778 0.9169444444444445 0.005 0.002777777777777778
0 0.35777777777777775 0.9166666666666666 0.0022222222222222222 0.0022222222222222222
0 0.3463888888888889 0.9161111111111111 0.0016666666666666668 0.0011111111111111111
0 0.32555555555555554 0.9172222222222223 0.0022222222222222222 0.0033333333333333335
0 0.3925 0.9161111111111111 0.0038888888888888888 0.0022222222222222222
0 0.3786111111111111 0.9158333333333334 0.0016666666666666668 0.0016666666666666668
0 0.30194444444444446 0.9158333333333334 0.0016666666666666668 0.0016666666666666668
0 0.2538888888888889 0.9163888888888889 0.0033333333333333335 0.002777777777777778
0 0.25 0.9158333333333334 0.0011111111111111111 0.0016666666666666668
0 0.22416666666666665 0.9175 0.002777777777777778 0.005
0 0.6338888888888888 0.915 0.0011111111111111111 0.0011111111111111111
0 0.6305555555555555 0.9152777777777777 0.0022222222222222222 0.0016666666666666668
0 0.3388888888888889 0.9158333333333334 0.0022222222222222222 0.002777777777777778
0 0.22083333333333333 0.915 0.0005555555555555556 0.0011111111111111111
0 0.6691666666666667 0.9152777777777777 0.002777777777777778 0.002777777777777778
0 0.6427777777777778 0.9144444444444444 0.0022222222222222222 0.0011111111111111111
0 0.5713888888888888 0.9158333333333334 0.010555555555555556 0.0038888888888888888
0 0.3877777777777778 0.9158333333333334 0.0044444444444444444 0.0038888888888888888
0 0.2891666666666667 0.9147222222222222 0.0016666666666666668 0.0016666666666666668
0 0.2836111111111111 0.9144444444444444 0.0016666666666666668 0.0011111111111111111
0 0.2752777777777778 0.915 0.002777777777777778 0.0022222222222222222
0 0.2658333333333333 0.9152777777777777 0.002777777777777778 0.002777777777777778
0 0.24083333333333334 0.9152777777777777 0.0038888888888888888 0.002777777777777778
0 0.23305555555555554 0.9152777777777777 0.0016666666666666668 0.002777777777777778
0 0.5805555555555556 0.9141666666666667 0.005555555555555556 0.0016666666666666668
0 0.42916666666666664 0.9144444444444444 0.0038888888888888888 0.0022222222222222222
0 0.40055555555555555 0.9147222222222222 0.006666666666666667 0.002777777777777778
0 0.24888888888888888 0.9138888888888889 0.0011111111111111111 0.0011111111111111111
0 0.22972222222222222 0.9144444444444444 0.0016666666666666668 0.0022222222222222222
0 0.6002777777777778 0.9141666666666667 0.0016666666666666668 0.002777777777777778
0 0.43416666666666665 0.9136111111111112 0.0038888888888888888 0.0016666666666666668
0 0.4166666666666667 0.9136111111111112 0.0033333333333333335 0.0016666666666666668
0 0.395 0.9136111111111112 0.0022222222222222222 0.0016666666666666668
0 0.3811111111111111 0.9144444444444444 0.0033333333333333335 0.0033333333333333335
0 0.3433333333333333 0.9133333333333333 0.0011111111111111111 0.0011111111111111111
0 0.31555555555555553 0.9133333333333333 0.0011111111111111111 0.0011111111111111111
0 0.2386111111111111 0.9136111111111112 0.0016666666666666668 0.0016666666666666668
0 0.42333333333333334 0.9144444444444444 0.0077777777777777776 0.0044444444444444444
0 0.4061111111111111 0.9141666666666667 0.0033333333333333335 0.0038888888888888888
0 0.3497222222222222 0.9130555555555555 0.002777777777777778 0.0016666666666666668
0 0.2788888888888889 0.9133333333333333 0.0033333333333333335 0.0022222222222222222
0 0.2683333333333333 0.9130555555555555 0.0022222222222222222 0.0016666666666666668
0 0.22555555555555556 0.9130555555555555 0.0011111111111111111 0.0016666666666666668
0 0.5972222222222222 0.9125 0.0022222222222222222 0.0016666666666666668
0 0.5886111111111111 0.9127777777777778 0.002777777777777778 0.0022222222222222222
0 0.5858333333333333 0.9119444444444444 0.0005555555555555556 0.0005555555555555556
0 0.5722222222222222 0.9125 0.0044444444444444444 0.0016666666666666668
0 0.5647222222222222 0.9136111111111112 0.006111111111111111 0.0038888888888888888
0 0.41083333333333333 0.9127777777777778 0.0038888888888888888 0.0022222222222222222
0 0.35833333333333334 0.9127777777777778 0.0022222222222222222 0.0022222222222222222
0 0.3113888888888889 0.9119444444444444 0.0005555555555555556 0.0005555555555555556
0 0.25277777777777777 0.9119444444444444 0.0011111111111111111 0.0005555555555555556
0 0.2336111111111111 0.9119444444444444 0.0005555555555555556 0.0005555555555555556
0 0.38972222222222225 0.9125 0.002777777777777778 0.002777777777777778
0 0.27194444444444443 0.9113888888888889 0.0005555555555555556 0.0005555555555555556
0 0.25972222222222224 0.9158333333333334 0.009444444444444445 0.009444444444444445
0 0.6397222222222222 0.9108333333333334 0.0005555555555555556 0.0005555555555555556
0 0.5816666666666667 0.9108333333333334 0.0011111111111111111 0.0005555555555555556
0 0.5583333333333333 0.9125 0.012222222222222223 0.0038888888888888888
0 0.5494444444444444 0.9113888888888889 0.0033333333333333335 0.0016666666666666668
0 0.42583333333333334 0.9116666666666666 0.0038888888888888888 0.0022222222222222222
0 0.4008333333333333 0.9113888888888889 0.005 0.0016666666666666668
0 0.38333333333333336 0.9116666666666666 0.0022222222222222222 0.0022222222222222222
0 0.35388888888888886 0.9119444444444444 0.0022222222222222222 0.002777777777777778
0 0.26 0.9111111111111111 0.0011111111111111111 0.0011111111111111111
0 0.25027777777777777 0.9108333333333334 0.0005555555555555556 0.0005555555555555556
0 0.6372222222222222 0.9102777777777777 0.0011111111111111111 0.0005555555555555556
0 0.6336111111111111 0.9111111111111111 0.002777777777777778 0.0022222222222222222
0 0.5933333333333334 0.9125 0.0033333333333333335 0.005
0 0.4305555555555556 0.9111111111111111 0.0033333333333333335 0.0022222222222222222
0 0.4186111111111111 0.9102777777777777 0.0005555555555555556 0.0005555555555555556
0 0.265 0.9116666666666666 0.0022222222222222222 0.0033333333333333335
0 0.23694444444444446 0.9108333333333334 0.0016666666666666668 0.0016666666666666668
0 0.22694444444444445 0.9105555555555556 0.0005555555555555556 0.0011111111111111111
0 0.5705555555555556 0.9097222222222222 0.0011111111111111111 0.0005555555555555556
0 0.4147222222222222 0.9102777777777777 0.002777777777777778 0.0016666666666666668
0 0.37194444444444447 0.9127777777777778 0.0038888888888888888 0.006666666666666667
0 0.3605555555555556 0.9111111111111111 0.0022222222222222222 0.0033333333333333335
0 0.34944444444444445 0.91 0.0011111111111111111 0.0011111111111111111
0 0.275 0.91 0.0011111111111111111 0.0011111111111111111
0 0.27 0.91 0.0011111111111111111 0.0011111111111111111
0 0.24166666666666667 0.9102777777777777 0.0011111111111111111 0.0016666666666666668
0 0.23055555555555557 0.9102777777777777 0.0011111111111111111 0.0016666666666666668
0 0.2247222222222222 0.9102777777777777 0.0005555555555555556 0.0016666666666666668
0 0.21916666666666668 0.9108333333333334 0.002777777777777778 0.002777777777777778
0 0.5994444444444444 0.9091666666666667 0.0011111111111111111 0.0005555555555555556
0 0.5538888888888889 0.9097222222222222 0.0044444444444444444 0.0016666666666666668
0 0.545 0.9094444444444445 0.0011111111111111111 0.0011111111111111111
0 0.44805555555555554 0.91 0.0038888888888888888 0.0022222222222222222
0 0.4122222222222222 0.9091666666666667 0.0011111111111111111 0.0005555555555555556
0 0.4063888888888889 0.91 0.005 0.0022222222222222222
0 0.3522222222222222 0.9094444444444445 0.0011111111111111111 0.0011111111111111111
0 0.26694444444444443 0.9091666666666667 0.0005555555555555556 0.0005555555555555556
0 0.5872222222222222 0.9088888888888889 0.0011111111111111111 0.0011111111111111111
0 0.5755555555555556 0.9088888888888889 0.0011111111111111111 0.0011111111111111111
0 0.24916666666666668 0.9086111111111111 0.0005555555555555556 0.0005555555555555556
0 0.5591666666666667 0.9088888888888889 0.005 0.0022222222222222222
0 0.5494444444444444 0.9083333333333333 0.0033333333333333335 0.0011111111111111111
0 0.45166666666666666 0.9080555555555555 0.0011111111111111111 0.0005555555555555556
0 0.39111111111111113 0.9091666666666667 0.0033333333333333335 0.002777777777777778
0 0.26305555555555554 0.9083333333333333 0.0005555555555555556 0.0011111111111111111
0 0.25333333333333335 0.9083333333333333 0.0011111111111111111 0.0011111111111111111
0 0.21583333333333332 0.9083333333333333 0.0016666666666666668 0.0011111111111111111
0 0.5666666666666667 0.9083333333333333 0.0044444444444444444 0.0022222222222222222
0 0.4436111111111111 0.9083333333333333 0.0038888888888888888 0.0022222222222222222
0 0.4261111111111111 0.9077777777777778 0.0011111111111111111 0.0011111111111111111
0 0.4216666666666667 0.9080555555555555 0.0033333333333333335 0.0016666666666666668
0 0.4025 0.9077777777777778 0.0016666666666666668 0.0011111111111111111
0 0.38416666666666666 0.9075 0.0005555555555555556 0.0005555555555555556
0 0.35694444444444445 0.9075 0.0005555555555555556 0.0005555555555555556
0 0.3416666666666667 0.9077777777777778 0.0011111111111111111 0.0011111111111111111
0 0.2722222222222222 0.9077777777777778 0.0011111111111111111 0.0011111111111111111
0 0.24472222222222223 0.9083333333333333 0.0016666666666666668 0.0022222222222222222
0 0.2238888888888889 0.9080555555555555 0.0011111111111111111 0.0016666666666666668
0 0.4477777777777778 0.9072222222222223 0.0022222222222222222 0.0011111111111111111
0 0.43777777777777777 0.9077777777777778 0.0044444444444444444 0.0022222222222222222
0 0.4288888888888889 0.9072222222222223 0.0011111111111111111 0.0011111111111111111
0 0.3786111111111111 0.9094444444444445 0.0038888888888888888 0.005555555555555556
0 0.37444444444444447 0.9094444444444445 0.0022222222222222222 0.005555555555555556
0 0.36277777777777775 0.9091666666666667 0.0033333333333333335 0.005
0 0.35944444444444446 0.9075 0.0011111111111111111 0.0016666666666666668
0 0.2891666666666667 0.9075 0.0016666666666666668 0.0016666666666666668
0 0.23805555555555555 0.9075 0.0005555555555555556 0.0016666666666666668
0 0.20944444444444443 0.9080555555555555 0.0022222222222222222 0.002777777777777778
0 0.5972222222222222 0.9066666666666666 0.0022222222222222222 0.0011111111111111111
0 0.53 0.9069444444444444 0.0033333333333333335 0.0016666666666666668
0 0.43194444444444446 0.9066666666666666 0.0016666666666666668 0.0011111111111111111
0 0.3536111111111111 0.9066666666666666 0.0016666666666666668 0.0011111111111111111
0 0.2586111111111111 0.9066666666666666 0.0016666666666666668 0.0011111111111111111
0 0.23222222222222222 0.9066666666666666 0.0011111111111111111 0.0011111111111111111
0 0.5538888888888889 0.9058333333333334 0.0011111111111111111 0.0005555555555555556
0 0.38222222222222224 0.9058333333333334 0.0011111111111111111 0.0005555555555555556
0 0.22055555555555556 0.9075 0.0022222222222222222 0.0038888888888888888
0 0.21638888888888888 0.9058333333333334 0.0005555555555555556 0.0005555555555555556
0 0.4116666666666667 0.9052777777777777 0.0011111111111111111 0.0005555555555555556
0 0.3927777777777778 0.9058333333333334 0.0033333333333333335 0.0016666666666666668
0 0.36916666666666664 0.9066666666666666 0.0016666666666666668 0.0033333333333333335
0 0.3438888888888889 0.9055555555555556 0.0011111111111111111 0.0011111111111111111
0 0.25166666666666665 0.9055555555555556 0.0011111111111111111 0.0011111111111111111
0 0.6283333333333333 0.905 0.0011111111111111111 0.0011111111111111111
0 0.37277777777777776 0.9052777777777777 0.0022222222222222222 0.0016666666666666668
0 0.3661111111111111 0.9069444444444444 0.0033333333333333335 0.005
0 0.3525 0.9047222222222222 0.0005555555555555556 0.0005555555555555556
0 0.33916666666666667 0.9047222222222222 0.0005555555555555556 0.0005555555555555556
0 0.2752777777777778 0.9047222222222222 0.0005555555555555556 0.0005555555555555556
0 0.25472222222222224 0.905 0.0005555555555555556 0.0011111111111111111
0 0.22666666666666666 0.9052777777777777 0.0011111111111111111 0.0016666666666666668
0 0.5483333333333333 0.9047222222222222 0.0022222222222222222 0.0016666666666666668
0 0.44277777777777777 0.9047222222222222 0.0033333333333333335 0.0016666666666666668
0 0.2697222222222222 0.9044444444444445 0.0005555555555555556 0.0011111111111111111
0 0.2475 0.9058333333333334 0.0016666666666666668 0.0038888888888888888
0 0.2063888888888889 0.9077777777777778 0.0038888888888888888 0.0077777777777777776
0 0.5833333333333334 0.9038888888888889 0.0011111111111111111 0.0011111111111111111
0 0.5397222222222222 0.9052777777777777 0.011666666666666667 0.0038888888888888888
0 0.5236111111111111 0.9036111111111111 0.0005555555555555556 0.0005555555555555556
0 0.42916666666666664 0.9036111111111111 0.0005555555555555556 0.0005555555555555556
0 0.37694444444444447 0.9036111111111111 0.0005555555555555556 0.0005555555555555556
0 0.36138888888888887 0.9036111111111111 0.0005555555555555556 0.0005555555555555556
0 0.2652777777777778 0.9036111111111111 0.0005555555555555556 0.0005555555555555556
0 0.5952777777777778 0.9030555555555555 0.0005555555555555556 0.0005555555555555556
0 0.44916666666666666 0.9036111111111111 0.002777777777777778 0.0016666666666666668
0 0.3672222222222222 0.9033333333333333 0.0011111111111111111 0.0011111111111111111
0 0.21 0.9041666666666667 0.0022222222222222222 0.002777777777777778
0 0.545 0.9027777777777778 0.0011111111111111111 0.0011111111111111111
0 0.5288888888888889 0.9036111111111111 0.0044444444444444444 0.002777777777777778
0 0.4577777777777778 0.9041666666666667 0.012222222222222223 0.0038888888888888888
0 0.21333333333333335 0.9036111111111111 0.0011111111111111111 0.002777777777777778
0 0.37 0.9030555555555555 0.0011111111111111111 0.002777777777777778
0 0.5325 0.9019444444444444 0.0016666666666666668 0.0016666666666666668
0 0.5205555555555555 0.9016666666666666 0.0011111111111111111 0.0011111111111111111
0 0.45222222222222225 0.9016666666666666 0.0011111111111111111 0.0011111111111111111
0 0.35805555555555557 0.9016666666666666 0.0005555555555555556 0.0011111111111111111
0 0.21666666666666667 0.9022222222222223 0.0011111111111111111 0.0022222222222222222
0 0.5375 0.9011111111111111 0.0038888888888888888 0.0011111111111111111
0 0.37277777777777776 0.9013888888888889 0.0011111111111111111 0.0016666666666666668
0 0.365 0.9011111111111111 0.0011111111111111111 0.0011111111111111111
0 0.35388888888888886 0.9016666666666666 0.0022222222222222222 0.0022222222222222222
0 0.2633333333333333 0.9011111111111111 0.0011111111111111111 0.0011111111111111111
0 0.2061111111111111 0.9016666666666666 0.0011111111111111111 0.0022222222222222222
0 0.5880555555555556 0.9002777777777777 0.0005555555555555556 0.0005555555555555556
0 0.21083333333333334 0.9002777777777777 0.0005555555555555556 0.0005555555555555556
0 0.2025 0.9013888888888889 0.0016666666666666668 0.002777777777777778
0 0.5238888888888888 0.9 0.0011111111111111111 0.0011111111111111111
0 0.4672222222222222 0.9016666666666666 0.0077777777777777776 0.0044444444444444444
0 0.2677777777777778 0.9 0.0011111111111111111 0.0011111111111111111
0 0.22777777777777777 0.9002777777777777 0.0011111111111111111 0.0016666666666666668
0 0.5175 0.8991666666666667 0.0016666666666666668 0.0005555555555555556
0 0.25083333333333335 0.8991666666666667 0.0005555555555555556 0.0005555555555555556
0 0.26555555555555554 0.8988888888888888 0.0011111111111111111 0.0011111111111111111
0 0.2588888888888889 0.8988888888888888 0.0011111111111111111 0.0011111111111111111
0 0.5130555555555556 0.9008333333333334 0.011666666666666667 0.006111111111111111
0 0.46055555555555555 0.8994444444444445 0.005555555555555556 0.0033333333333333335
0 0.36666666666666664 0.8977777777777778 0.0011111111111111111 0.0011111111111111111
0 0.355 0.8977777777777778 0.0011111111111111111 0.0011111111111111111
0 0.20777777777777778 0.8977777777777778 0.0011111111111111111 0.0011111111111111111
0 0.8163888888888889 0.8975 0.002777777777777778 0.0016666666666666668
0 0.205 0.8983333333333333 0.0011111111111111111 0.0033333333333333335
0 0.5113888888888889 0.8963888888888889 0.005 0.0016666666666666668
0 0.48 0.8963888888888889 0.0033333333333333335 0.0016666666666666668
0 0.4672222222222222 0.8969444444444444 0.005555555555555556 0.002777777777777778
0 0.46055555555555555 0.8963888888888889 0.0033333333333333335 0.0016666666666666668
0 0.37305555555555553 0.8963888888888889 0.0016666666666666668 0.0016666666666666668
0 0.2436111111111111 0.8961111111111111 0.0005555555555555556 0.0011111111111111111
0 0.24055555555555555 0.8966666666666666 0.0011111111111111111 0.0022222222222222222
0 0.5058333333333334 0.8961111111111111 0.0038888888888888888 0.0022222222222222222
0 0.3775 0.8952777777777777 0.0005555555555555556 0.0005555555555555556
0 0.21138888888888888 0.8963888888888889 0.0016666666666666668 0.002777777777777778
0 0.25916666666666666 0.8947222222222222 0.0005555555555555556 0.0005555555555555556
0 0.2063888888888889 0.8947222222222222 0.0005555555555555556 0.0016666666666666668
0 0.49944444444444447 0.8947222222222222 0.005555555555555556 0.002777777777777778
0 0.1922222222222222 0.8947222222222222 0.0011111111111111111 0.002777777777777778
0 0.4597222222222222 0.8930555555555556 0.0005555555555555556 0.0005555555555555556
0 0.24888888888888888 0.8947222222222222 0.0011111111111111111 0.0038888888888888888
0 0.5108333333333334 0.8927777777777778 0.0005555555555555556 0.0011111111111111111
0 0.4738888888888889 0.8941666666666667 0.006666666666666667 0.0038888888888888888
0 0.4688888888888889 0.8930555555555556 0.0022222222222222222 0.0016666666666666668
0 0.37444444444444447 0.8927777777777778 0.0011111111111111111 0.0011111111111111111
0 0.20166666666666666 0.8958333333333334 0.0033333333333333335 0.007222222222222222
0 0.5047222222222222 0.8925 0.0016666666666666668 0.0016666666666666668
0 0.49194444444444446 0.8930555555555556 0.0038888888888888888 0.002777777777777778
0 0.21416666666666667 0.8919444444444444 0.0005555555555555556 0.0005555555555555556
0 0.4875 0.8911111111111111 0.002777777777777778 0.0011111111111111111
0 0.37 0.8911111111111111 0.0011111111111111111 0.0011111111111111111
0 0.19666666666666666 0.8958333333333334 0.0077777777777777776 0.010555555555555556
0 0.4841666666666667 0.8908333333333334 0.0016666666666666668 0.0016666666666666668
0 0.1975 0.8916666666666667 0.0016666666666666668 0.0033333333333333335
0 0.4627777777777778 0.8902777777777777 0.0022222222222222222 0.0016666666666666668
0 0.36138888888888887 0.8897222222222222 0.0005555555555555556 0.0005555555555555556
0 0.4722222222222222 0.89 0.0022222222222222222 0.0022222222222222222
0 0.20333333333333334 0.8908333333333334 0.0011111111111111111 0.0038888888888888888
0 0.19527777777777777 0.8891666666666667 0.0005555555555555556 0.0005555555555555556
0 0.48083333333333333 0.8894444444444445 0.0038888888888888888 0.0022222222222222222
0 0.36583333333333334 0.8891666666666667 0.0005555555555555556 0.0016666666666666668
0 0.47638888888888886 0.8880555555555556 0.0016666666666666668 0.0016666666666666668
0 0.2425 0.8869444444444444 0.0005555555555555556 0.0005555555555555556
0 0.5038888888888889 0.8863888888888889 0.0022222222222222222 0.0005555555555555556
0 0.19833333333333333 0.8869444444444444 0.0011111111111111111 0.0016666666666666668
0 0.4936111111111111 0.8883333333333333 0.019444444444444445 0.005555555555555556
0 0.4938888888888889 0.8852777777777778 0.0011111111111111111 0.0005555555555555556
0 0.20972222222222223 0.8858333333333334 0.0005555555555555556 0.0016666666666666668
0 0.8238888888888889 0.885 0.0011111111111111111 0.0011111111111111111
0 0.47833333333333333 0.885 0.0022222222222222222 0.0011111111111111111
0 0.19555555555555557 0.8847222222222222 0.0011111111111111111 0.0016666666666666668
0 0.1913888888888889 0.8861111111111111 0.002777777777777778 0.0044444444444444444
0 0.1897222222222222 0.8833333333333333 0.0005555555555555556 0.0011111111111111111
0 0.37722222222222224 0.8819444444444444 0.0011111111111111111 0.0016666666666666668
0 0.36916666666666664 0.8808333333333334 0.0005555555555555556 0.0005555555555555556
0 0.1963888888888889 0.88 0.0005555555555555556 0.0011111111111111111
0 0.37722222222222224 0.8791666666666667 0.0011111111111111111 0.0016666666666666668
0 0.18666666666666668 0.8802777777777778 0.0022222222222222222 0.0038888888888888888
0 0.1922222222222222 0.8786111111111111 0.0011111111111111111 0.002777777777777778
0 0.18944444444444444 0.8775 0.0011111111111111111 0.0016666666666666668
0 0.19611111111111112 0.8752777777777778 0.0011111111111111111 0.0005555555555555556
0 0.18444444444444444 0.8758333333333334 0.0022222222222222222 0.0038888888888888888
0 0.18805555555555556 0.8738888888888889 0.0016666666666666668 0.0022222222222222222
0 0.185 0.8722222222222222 0.0011111111111111111 0.0022222222222222222
0 0.18166666666666667 0.8716666666666667 0.0011111111111111111 0.0033333333333333335
0 0.18333333333333332 0.8677777777777778 0.0011111111111111111 0.0011111111111111111
0 0.17972222222222223 0.8683333333333333 0.0016666666666666668 0.0033333333333333335
0 0.18861111111111112 0.8663888888888889 0.0005555555555555556 0.0005555555555555556
0 0.18333333333333332 0.8655555555555555 0.0011111111111111111 0.0022222222222222222
0 0.1802777777777778 0.8636111111111111 0.0016666666666666668 0.002777777777777778
0 0.18638888888888888 0.8627777777777778 0.0016666666666666668 0.0022222222222222222
0 0.8325 0.8613888888888889 0.0005555555555555556 0.0005555555555555556
0 0.1827777777777778 0.8608333333333333 0.0011111111111111111 0.002777777777777778
0 0.17916666666666667 0.8602777777777778 0.0005555555555555556 0.0016666666666666668
0 0.18 0.8580555555555556 0.0011111111111111111 0.0016666666666666668
0 0.17777777777777778 0.8541666666666666 0.0011111111111111111 0.0016666666666666668
0 0.1736111111111111 0.8533333333333334 0.0016666666666666668 0.0044444444444444444
0 0.18583333333333332 0.8502777777777778 0.0005555555555555556 0.0005555555555555556
0 0.17305555555555555 0.8502777777777778 0.0005555555555555556 0.0005555555555555556
0 0.17916666666666667 0.8488888888888889 0.0005555555555555556 0.0011111111111111111
0 0.175 0.8477777777777777 0.0011111111111111111 0.0011111111111111111
0 0.17194444444444446 0.845 0.0005555555555555556 0.0011111111111111111
0 0.17972222222222223 0.8425 0.0005555555555555556 0.0005555555555555556
0 0.1738888888888889 0.8411111111111111 0.0011111111111111111 0.0011111111111111111
0 0.17972222222222223 0.8405555555555555 0.0005555555555555556 0.0011111111111111111
0 0.17694444444444443 0.8377777777777777 0.0005555555555555556 0.0011111111111111111
0 0.17055555555555554 0.84 0.0022222222222222222 0.006666666666666667
0 0.17277777777777778 0.8338888888888889 0.0011111111111111111 0.0022222222222222222
0 0.17555555555555555 0.8308333333333333 0.0011111111111111111 0.0016666666666666668
0 0.1688888888888889 0.8327777777777777 0.0022222222222222222 0.005555555555555556
0 0.16972222222222222 0.8280555555555555 0.0005555555555555556 0.0016666666666666668
0 0.1725 0.8272222222222222 0.0005555555555555556 0.0011111111111111111
0 0.1736111111111111 0.8236111111111111 0.0005555555555555556 0.0016666666666666668
0 0.16527777777777777 0.8172222222222222 0.0005555555555555556 0.0022222222222222222
0 0.16444444444444445 0.7322222222222222 0.0011111111111111111 0.0011111111111111111
0 0.6708333333333333 0.49194444444444446 0.0005555555555555556 0.0005555555555555556
0 0.7233333333333334 0.4822222222222222 0.0011111111111111111 0.0011111111111111111
0 0.6561111111111111 0.48194444444444445 0.0011111111111111111 0.0016666666666666668
0 0.6538888888888889 0.4752777777777778 0.0011111111111111111 0.0016666666666666668
0 0.6516666666666666 0.4686111111111111 0.0011111111111111111 0.0038888888888888888
0 0.6619444444444444 0.47055555555555556 0.0038888888888888888 0.011111111111111112
0 0.6502777777777777 0.46416666666666667 0.0005555555555555556 0.0016666666666666668
0 0.7438888888888889 0.4716666666666667 0.027777777777777776 0.025555555555555557
0 0.7580555555555556 0.455 0.0005555555555555556 0.0011111111111111111
0 0.7586111111111111 0.45222222222222225 0.0005555555555555556 0.0022222222222222222
0 0.6475 0.45472222222222225 0.005 0.015
0 0.6427777777777778 0.4388888888888889 0.0033333333333333335 0.01
0 0.6691666666666667 0.4222222222222222 0.0005555555555555556 0.0011111111111111111
0 0.6536111111111111 0.4411111111111111 0.013888888888888888 0.04666666666666667
0 0.6719444444444445 0.41333333333333333 0.0005555555555555556 0.0011111111111111111
0 0.6386111111111111 0.4222222222222222 0.006111111111111111 0.021111111111111112
0 0.6352777777777778 0.4088888888888889 0.0016666666666666668 0.0022222222222222222
0 0.6336111111111111 0.4033333333333333 0.0016666666666666668 0.005555555555555556
0 0.6658333333333334 0.3997222222222222 0.0005555555555555556 0.0005555555555555556
0 0.6316666666666667 0.39666666666666667 0.0011111111111111111 0.0033333333333333335
0 0.6605555555555556 0.3925 0.0022222222222222222 0.0016666666666666668
0 0.6302777777777778 0.39055555555555554 0.002777777777777778 0.0077777777777777776
0 0.6608333333333334 0.38027777777777777 0.0005555555555555556 0.0005555555555555556
0 0.6286111111111111 0.3825 0.002777777777777778 0.005
0 0.6272222222222222 0.37722222222222224 0.0011111111111111111 0.0011111111111111111
0 0.6588888888888889 0.37694444444444447 0.0011111111111111111 0.0016666666666666668
0 0.6261111111111111 0.37333333333333335 0.0011111111111111111 0.0022222222222222222
0 0.6244444444444445 0.36527777777777776 0.0022222222222222222 0.006111111111111111
0 0.6394444444444445 0.38805555555555554 0.014444444444444444 0.05722222222222222
0 0.6233333333333333 0.3591666666666667 0.0011111111111111111 0.0016666666666666668
0 0.6230555555555556 0.35694444444444445 0.0005555555555555556 0.0005555555555555556
0 0.6519444444444444 0.3502777777777778 0.0005555555555555556 0.0005555555555555556
0 0.6555555555555556 0.35 0.0011111111111111111 0.0033333333333333335
0 0.6211111111111111 0.3488888888888889 0.0011111111111111111 0.0044444444444444444
0 0.6536111111111111 0.3447222222222222 0.0005555555555555556 0.0005555555555555556
0 0.6202777777777778 0.3452777777777778 0.0005555555555555556 0.0016666666666666668
0 0.6194444444444445 0.3411111111111111 0.0011111111111111111 0.0022222222222222222
0 0.6519444444444444 0.3397222222222222 0.0005555555555555556 0.0005555555555555556
0 0.6497222222222222 0.3397222222222222 0.0016666666666666668 0.0016666666666666668
0 0.6186111111111111 0.33611111111111114 0.0005555555555555556 0.0022222222222222222
0 0.6519444444444444 0.3338888888888889 0.0005555555555555556 0.0011111111111111111
0 0.6486111111111111 0.3313888888888889 0.0005555555555555556 0.0005555555555555556
0 0.8008333333333333 0.3313888888888889 0.0005555555555555556 0.0016666666666666668
0 0.8002777777777778 0.32972222222222225 0.0005555555555555556 0.0005555555555555556
0 0.6175 0.3308333333333333 0.0005555555555555556 0.002777777777777778
0 0.7997222222222222 0.3275 0.0005555555555555556 0.0005555555555555556
0 0.6166666666666667 0.325 0.0011111111111111111 0.0022222222222222222
0 0.7988888888888889 0.325 0.0011111111111111111 0.0033333333333333335
0 0.6486111111111111 0.3233333333333333 0.0005555555555555556 0.0011111111111111111
0 0.7980555555555555 0.3219444444444444 0.0005555555555555556 0.0005555555555555556
0 0.6425 0.31972222222222224 0.0005555555555555556 0.0005555555555555556
0 0.6458333333333334 0.3194444444444444 0.0005555555555555556 0.0011111111111111111
0 0.7969444444444445 0.31805555555555554 0.0005555555555555556 0.0005555555555555556
0 0.6475 0.3175 0.0005555555555555556 0.0005555555555555556
0 0.6147222222222222 0.31666666666666665 0.0005555555555555556 0.0022222222222222222
0 0.24666666666666667 0.3161111111111111 0.0011111111111111111 0.0011111111111111111
0 0.7958333333333333 0.31472222222222224 0.0016666666666666668 0.005
0 0.6447222222222222 0.3136111111111111 0.002777777777777778 0.002777777777777778
0 0.6138888888888889 0.31083333333333335 0.0011111111111111111 0.0016666666666666668
0 0.6272222222222222 0.33416666666666667 0.011111111111111112 0.049444444444444444
0 0.7944444444444444 0.30972222222222223 0.0011111111111111111 0.0016666666666666668
0 0.6411111111111111 0.30777777777777776 0.0011111111111111111 0.0011111111111111111
0 0.7913888888888889 0.30083333333333334 0.0005555555555555556 0.0016666666666666668
0 0.6436111111111111 0.30194444444444446 0.0016666666666666668 0.0038888888888888888
0 0.6388888888888888 0.2997222222222222 0.0011111111111111111 0.0005555555555555556
0 0.6122222222222222 0.30083333333333334 0.0011111111111111111 0.002777777777777778
0 0.6211111111111111 0.30277777777777776 0.0033333333333333335 0.012222222222222223
0 0.7891666666666667 0.29444444444444445 0.0005555555555555556 0.0011111111111111111
0 0.6411111111111111 0.2941666666666667 0.0011111111111111111 0.0005555555555555556
0 0.7883333333333333 0.29194444444444445 0.0011111111111111111 0.002777777777777778
0 0.6413888888888889 0.2902777777777778 0.0005555555555555556 0.0005555555555555556
0 0.7875 0.28944444444444445 0.0005555555555555556 0.0011111111111111111
0 0.6191666666666666 0.29194444444444445 0.002777777777777778 0.008333333333333333
0 0.6369444444444444 0.28833333333333333 0.002777777777777778 0.0022222222222222222
0 0.6105555555555555 0.2925 0.0022222222222222222 0.010555555555555556
0 0.6183333333333333 0.28583333333333333 0.0011111111111111111 0.002777777777777778
0 0.6097222222222223 0.28444444444444444 0.0005555555555555556 0.0011111111111111111
0 0.6388888888888888 0.2847222222222222 0.0022222222222222222 0.002777777777777778
0 0.7855555555555556 0.2838888888888889 0.0022222222222222222 0.005555555555555556
0 0.7838888888888889 0.2797222222222222 0.0011111111111111111 0.0016666666666666668
0 0.6086111111111111 0.2797222222222222 0.0005555555555555556 0.0016666666666666668
0 0.6172222222222222 0.28 0.0022222222222222222 0.006666666666666667
0 0.6375 0.2788888888888889 0.002777777777777778 0.005555555555555556
0 0.6341666666666667 0.2747222222222222 0.0005555555555555556 0.0005555555555555556
0 0.7822222222222223 0.275 0.0011111111111111111 0.0022222222222222222
0 0.6077777777777778 0.27416666666666667 0.0011111111111111111 0.0016666666666666668
0 0.6072222222222222 0.27055555555555555 0.0011111111111111111 0.0033333333333333335
0 0.78 0.26944444444444443 0.0011111111111111111 0.0022222222222222222
0 0.6319444444444444 0.2683333333333333 0.0005555555555555556 0.0011111111111111111
0 0.6347222222222222 0.2658333333333333 0.0016666666666666668 0.0016666666666666668
0 0.7783333333333333 0.2652777777777778 0.0022222222222222222 0.005
0 0.6061111111111112 0.26472222222222225 0.0011111111111111111 0.005
0 0.7766666666666666 0.2613888888888889 0.0011111111111111111 0.0016666666666666668
0 0.7747222222222222 0.2569444444444444 0.0005555555555555556 0.0005555555555555556
0 0.6327777777777778 0.25722222222222224 0.0011111111111111111 0.0022222222222222222
0 0.7741666666666667 0.25555555555555554 0.0005555555555555556 0.0011111111111111111
0 0.7733333333333333 0.2536111111111111 0.0011111111111111111 0.0016666666666666668
0 0.6291666666666667 0.25277777777777777 0.0005555555555555556 0.0011111111111111111
0 0.7719444444444444 0.25055555555555553 0.0005555555555555556 0.0011111111111111111
0 0.6141666666666666 0.26166666666666666 0.005 0.02666666666666667
0 0.7711111111111111 0.24861111111111112 0.0011111111111111111 0.0016666666666666668
0 0.6280555555555556 0.24805555555555556 0.0005555555555555556 0.0005555555555555556
0 0.7702777777777777 0.24694444444444444 0.0005555555555555556 0.0005555555555555556
0 0.7691666666666667 0.24444444444444444 0.0016666666666666668 0.0033333333333333335
0 0.7680555555555556 0.24194444444444443 0.0005555555555555556 0.0005555555555555556
0 0.6302777777777778 0.24027777777777778 0.0005555555555555556 0.0005555555555555556
0 0.6030555555555556 0.24055555555555555 0.0005555555555555556 0.0011111111111111111
0 0.7652777777777777 0.2363888888888889 0.0005555555555555556 0.0005555555555555556
0 0.6294444444444445 0.23527777777777778 0.0011111111111111111 0.0005555555555555556
0 0.7641666666666667 0.23416666666666666 0.0016666666666666668 0.002777777777777778
0 0.7625 0.23055555555555557 0.0005555555555555556 0.0011111111111111111
0 0.6280555555555556 0.22972222222222222 0.0005555555555555556 0.0016666666666666668
0 0.6258333333333334 0.22916666666666666 0.0005555555555555556 0.0005555555555555556
0 0.7608333333333334 0.2275 0.0005555555555555556 0.0005555555555555556
0 0.6108333333333333 0.23666666666666666 0.0038888888888888888 0.01888888888888889
0 0.76 0.22583333333333333 0.0011111111111111111 0.0016666666666666668
0 0.6894444444444444 0.225 0.0011111111111111111 0.0011111111111111111
0 0.7588888888888888 0.22361111111111112 0.0011111111111111111 0.0016666666666666668
0 0.6880555555555555 0.22305555555555556 0.0005555555555555556 0.0005555555555555556
0 0.6227777777777778 0.21888888888888888 0.0022222222222222222 0.0022222222222222222
0 0.6008333333333333 0.2152777777777778 0.0005555555555555556 0.0005555555555555556
0 0.6311111111111111 0.21388888888888888 0.0011111111111111111 0.0011111111111111111
0 0.6091666666666666 0.21833333333333332 0.002777777777777778 0.014444444444444444
0 0.7522222222222222 0.21083333333333334 0.0011111111111111111 0.0016666666666666668
0 0.6347222222222222 0.2125 0.002777777777777778 0.005
0 0.6336111111111111 0.20972222222222223 0.0005555555555555556 0.0005555555555555556
0 0.6311111111111111 0.20916666666666667 0.0011111111111111111 0.0016666666666666668
0 0.6005555555555555 0.2088888888888889 0.0011111111111111111 0.0022222222222222222
0 0.6561111111111111 0.21972222222222224 0.06222222222222222 0.026111111111111113
0 0.6411111111111111 0.20722222222222222 0.0022222222222222222 0.0022222222222222222
0 0.6463888888888889 0.20583333333333334 0.0005555555555555556 0.0005555555555555556
0 0.6513888888888889 0.20527777777777778 0.0016666666666666668 0.0016666666666666668
0 0.75 0.20666666666666667 0.0033333333333333335 0.005555555555555556
0 0.6086111111111111 0.20555555555555555 0.002777777777777778 0.008888888888888889
0 0.7463888888888889 0.20027777777777778 0.0005555555555555556 0.0005555555555555556
0 0.5997222222222223 0.1947222222222222 0.0005555555555555556 0.0005555555555555556
0 0.5997222222222223 0.19027777777777777 0.0005555555555555556 0.0005555555555555556
0 0.7425 0.19361111111111112 0.005 0.008333333333333333
0 0.7394444444444445 0.18833333333333332 0.0011111111111111111 0.0011111111111111111
0 0.7377777777777778 0.18555555555555556 0.0011111111111111111 0.0011111111111111111
0 0.7363888888888889 0.1836111111111111 0.0005555555555555556 0.0005555555555555556
0 0.6 0.1811111111111111 0.0011111111111111111 0.0011111111111111111
0 0.6061111111111112 0.18055555555555555 0.0011111111111111111 0.0011111111111111111
0 0.6008333333333333 0.17416666666666666 0.0005555555555555556 0.0005555555555555556
0 0.6094444444444445 0.18583333333333332 0.005555555555555556 0.02722222222222222
0 0.6011111111111112 0.17027777777777778 0.0011111111111111111 0.0016666666666666668
0 0.7305555555555555 0.175 0.008888888888888889 0.012222222222222223
0 0.6016666666666667 0.16583333333333333 0.0011111111111111111 0.0016666666666666668
0 0.6130555555555556 0.16416666666666666 0.0005555555555555556 0.002777777777777778
0 0.7191666666666666 0.1613888888888889 0.0005555555555555556 0.0005555555555555556
0 0.6127777777777778 0.16027777777777777 0.0033333333333333335 0.0038888888888888888
0 0.7158333333333333 0.15833333333333333 0.005 0.0044444444444444444
0 0.7105555555555556 0.15361111111111111 0.0022222222222222222 0.0016666666666666668
0 0.6141666666666666 0.15333333333333332 0.005 0.0044444444444444444
0 0.7072222222222222 0.1511111111111111 0.0011111111111111111 0.0011111111111111111
0 0.6175 0.1502777777777778 0.0016666666666666668 0.0016666666666666668
0 0.7030555555555555 0.14805555555555555 0.0005555555555555556 0.0005555555555555556
0 0.7002777777777778 0.1463888888888889 0.002777777777777778 0.0016666666666666668
0 0.6963888888888888 0.1438888888888889 0.002777777777777778 0.0022222222222222222
0 0.49972222222222223 0.5686111111111111 0.6916666666666667 0.8627777777777778
0 0.33111111111111113 0.13555555555555557 0.0033333333333333335 0.0033333333333333335
0 0.335 0.13333333333333333 0.0022222222222222222 0.0033333333333333335
0 0.5775 0.07388888888888889 0.0016666666666666668 0.0011111111111111111
0 0.6366666666666667 0.1075 0.11555555555555555 0.07055555555555555
0 0.3825 0.10138888888888889 0.09166666666666666 0.06166666666666667
0 0.4363888888888889 0.07083333333333333 0.002777777777777778 0.002777777777777778
0 0.44277777777777777 0.06527777777777778 0.0033333333333333335 0.005
0 0.5891666666666666 0.06527777777777778 0.01611111111111111 0.010555555555555556
0 0.5791666666666667 0.04555555555555556 0.009444444444444445 0.0044444444444444444
0 0.4263888888888889 0.05611111111111111 0.021666666666666667 0.027777777777777776
0 0.5686111111111111 0.03722222222222222 0.009444444444444445 0.01
0 0.5658333333333333 0.016944444444444446 0.025 0.028333333333333332
0 0.4502777777777778 0.021944444444444444 0.029444444444444443 0.04055555555555555
0 0.4702777777777778 0.0002777777777777778 0.0016666666666666668 0.0005555555555555556
0 0.4666666666666667 0.0005555555555555556 0.0033333333333333335 0.0011111111111111111