0 0.655625 0.760625 0.00125 0.00125
0 0.6475 0.756875 0.0025 0.00125
0 0.62875 0.749375 0.0175 0.00875
0 0.580625 0.723125 0.00375 0.00125
0 0.171875 0.718125 0.00125 0.00125
0 0.56625 0.716875 0.0025 0.00125
0 0.74375 0.56625 0.0025 0.0025
0 0.486875 0.540625 0.00125 0.00125
0 0.68125 0.54 0.0075 0.005
0 0.668125 0.535 0.00875 0.005
0 0.499375 0.519375 0.02125 0.03375
0 0.51125 0.5 0.0025 0.0025
0 0.514375 0.495625 0.00125 0.00125
0 0.519375 0.489375 0.00125 0.00125
0 0.524375 0.4825 0.00625 0.0075
0 0.531875 0.474375 0.00375 0.00375
0 0.553125 0.458125 0.03125 0.02125
0 0.5575 0.43375 0.01 0.0025
0 0.325625 0.2275 0.19625 0.105
0 0.0925 0.09125 0.1325 0.1325
0 0.5 0.5 1.0 1.0