0 0.07818930041152264 0.2648533950617284 0.00102880658436214 0.00038580246913580245
0 0.07047325102880658 0.2644675925925926 0.00102880658436214 0.00038580246913580245
0 0.0684156378600823 0.26427469135802467 0.00205761316872428 0.0015432098765432098
0 0.06430041152263374 0.2640817901234568 0.00102880658436214 0.0011574074074074073
0 0.06044238683127572 0.26350308641975306 0.00257201646090535 0.0015432098765432098
0 0.05298353909465021 0.2534722222222222 0.00102880658436214 0.0015432098765432098
0 0.004886831275720165 0.21547067901234568 0.0015432098765432098 0.0011574074074074073
0 0.00823045267489712 0.21508487654320987 0.0030864197530864196 0.0019290123456790122
0 0.2708333333333333 0.20756172839506173 0.0015432098765432098 0.0038580246913580245
0 0.0007716049382716049 0.17746913580246915 0.0015432098765432098 0.0030864197530864196
0 0.00051440329218107 0.14872685185185186 0.00102880658436214 0.0011574074074074073
0 0.00051440329218107 0.1404320987654321 0.00102880658436214 0.0030864197530864196
0 0.00051440329218107 0.11786265432098765 0.00102880658436214 0.0011574074074074073
0 0.00051440329218107 0.01273148148148148 0.00102880658436214 0.0015432098765432098
0 0.5 0.5 1.0 1.0
0 0.002829218106995885 0.004629629629629629 0.00565843621399177 0.009259259259259259