0 0.029015240328253224 0.84765625 0.05803048065650645 0.0390625
0 0.03751465416178194 0.788671875 0.05158264947245018 0.01484375
0 0.10082063305978899 0.671484375 0.0035169988276670576 0.00234375
0 0.0955451348182884 0.64375 0.0011723329425556857 0.0125
0 0.09525205158264947 0.623046875 0.0017584994138335288 0.00390625
0 0.0984759671746776 0.619140625 0.0023446658851113715 0.01171875
0 0.09466588511137163 0.6109375 0.0029308323563892145 0.0109375
0 0.21072684642438452 0.2671875 0.0005861664712778429 0.0015625
0 0.23798358733880423 0.2484375 0.0011723329425556857 0.0046875
0 0.40650644783118406 0.230859375 0.0005861664712778429 0.00078125
0 0.18698710433763188 0.24296875 0.005861664712778429 0.0453125
0 0.22186400937866355 0.2203125 0.0005861664712778429 0.0015625
0 0.19900351699882768 0.220703125 0.0005861664712778429 0.00234375
0 0.19665885111371628 0.221875 0.0005861664712778429 0.0046875
0 0.223915592028136 0.2203125 0.0011723329425556857 0.003125
0 0.24237983587338804 0.21953125 0.013481828839390387 0.0078125
0 0.2256740914419695 0.214453125 0.017584994138335287 0.00390625
0 0.21365767878077374 0.212109375 0.005275498241500586 0.00078125
0 0.20691676436107856 0.211328125 0.0023446658851113715 0.00078125
0 0.5 0.5 1.0 1.0