0 0.015294117647058824 0.5674686192468619 0.009411764705882352 0.015690376569037656
0 0.02 0.5538702928870293 0.002352941176470588 0.0031380753138075313
0 0.020588235294117647 0.547071129707113 0.0035294117647058825 0.006276150627615063
0 0.03529411764705882 0.5214435146443515 0.002352941176470588 0.0031380753138075313
0 0.04294117647058823 0.520397489539749 0.001176470588235294 0.0031380753138075313
0 0.03823529411764706 0.516213389121339 0.0035294117647058825 0.005230125523012552
0 0.17588235294117646 0.5057531380753139 0.0035294117647058825 0.007322175732217573
0 0.03588235294117647 0.5036610878661087 0.001176470588235294 0.0031380753138075313
0 0.051176470588235295 0.4932008368200837 0.0035294117647058825 0.0031380753138075313
0 0.039411764705882354 0.49215481171548114 0.0035294117647058825 0.0031380753138075313
0 0.058823529411764705 0.48901673640167365 0.002352941176470588 0.0031380753138075313
0 0.04058823529411765 0.4848326359832636 0.001176470588235294 0.0031380753138075313
0 0.05411764705882353 0.48326359832635984 0.002352941176470588 0.0041841004184100415
0 0.041176470588235294 0.4769874476987448 0.004705882352941176 0.008368200836820083
0 0.06235294117647059 0.473326359832636 0.002352941176470588 0.005230125523012552
0 0.05352941176470588 0.46338912133891214 0.0035294117647058825 0.0041841004184100415
0 0.012352941176470587 0.5172594142259415 0.024705882352941175 0.12447698744769875
0 0.03 0.45188284518828453 0.0035294117647058825 0.0041841004184100415
0 0.05823529411764706 0.44926778242677823 0.001176470588235294 0.0031380753138075313
0 0.13588235294117648 0.4408995815899582 0.001176470588235294 0.0010460251046025104
0 0.04823529411764706 0.45292887029288703 0.018823529411764704 0.027196652719665274
0 0.0611764705882353 0.4393305439330544 0.004705882352941176 0.008368200836820083
0 0.05411764705882353 0.4341004184100418 0.002352941176470588 0.0020920502092050207
0 0.14352941176470588 0.4314853556485356 0.002352941176470588 0.0010460251046025104
0 0.058823529411764705 0.4304393305439331 0.002352941176470588 0.0010460251046025104
0 0.06764705882352941 0.4299163179916318 0.0035294117647058825 0.0041841004184100415
0 0.15176470588235294 0.42311715481171547 0.002352941176470588 0.0010460251046025104
0 0.14882352941176472 0.42311715481171547 0.001176470588235294 0.0010460251046025104
0 0.05823529411764706 0.42102510460251047 0.0035294117647058825 0.0031380753138075313
0 0.06823529411764706 0.42207112970711297 0.004705882352941176 0.009414225941422594
0 0.06647058823529411 0.41370292887029286 0.001176470588235294 0.0031380753138075313
0 0.07941176470588235 0.3880753138075314 0.001176470588235294 0.0020920502092050207
0 0.07588235294117647 0.3807531380753138 0.0035294117647058825 0.0041841004184100415
0 0.17176470588235293 0.3985355648535565 0.06352941176470588 0.04184100418410042
0 0.07823529411764706 0.3713389121338912 0.001176470588235294 0.0020920502092050207
0 0.17588235294117646 0.37081589958158995 0.0058823529411764705 0.0031380753138075313
0 0.18941176470588236 0.36715481171548114 0.002352941176470588 0.0020920502092050207
0 0.0811764705882353 0.36140167364016734 0.002352941176470588 0.005230125523012552
0 0.06529411764705882 0.3389121338912134 0.0035294117647058825 0.0041841004184100415
0 0.10470588235294118 0.3305439330543933 0.002352941176470588 0.0020920502092050207
0 0.06823529411764706 0.3305439330543933 0.01647058823529412 0.008368200836820083
0 0.17 0.24790794979079497 0.0035294117647058825 0.0041841004184100415
0 0.07176470588235294 0.22123430962343096 0.02823529411764706 0.02615062761506276
0 0.18764705882352942 0.17154811715481172 0.001176470588235294 0.0020920502092050207
0 0.5 0.5 1.0 1.0