0 0.4578408195429472 0.95625 0.0015760441292356187 0.003125
0 0.466903073286052 0.95390625 0.01024428684003152 0.0140625
0 0.458628841607565 0.94375 0.0015760441292356187 0.015625
0 0.4838455476753349 0.927734375 0.0015760441292356187 0.00234375
0 0.19936958234830576 0.89921875 0.0015760441292356187 0.0015625
0 0.19700551615445233 0.89609375 0.0031520882584712374 0.0015625
0 0.18833727344365642 0.896484375 0.0031520882584712374 0.00234375
0 0.17966903073286053 0.89609375 0.0015760441292356187 0.0015625
0 0.20961386918833727 0.8921875 0.0031520882584712374 0.0015625
0 0.14814814814814814 0.89375 0.02206461780929866 0.0171875
0 0.23364854215918046 0.876953125 0.0007880220646178094 0.00078125
0 0.12568951930654057 0.884375 0.02127659574468085 0.0203125
0 0.21394799054373523 0.870703125 0.0007880220646178094 0.00078125
0 0.23128447596532703 0.8703125 0.003940110323089046 0.003125
0 0.22419227738376674 0.86875 0.0007880220646178094 0.0015625
0 0.2285263987391647 0.8671875 0.0015760441292356187 0.0015625
0 0.26713947990543735 0.86484375 0.0031520882584712374 0.0015625
0 0.23286052009456265 0.863671875 0.0007880220646178094 0.00078125
0 0.2923561859732072 0.86328125 0.0031520882584712374 0.003125
0 0.2860520094562648 0.86171875 0.0015760441292356187 0.0015625
0 0.2635933806146572 0.86015625 0.0007880220646178094 0.0015625
0 0.2568951930654058 0.859375 0.0015760441292356187 0.0015625
0 0.24074074074074073 0.85546875 0.002364066193853428 0.0015625
0 0.32860520094562645 0.84375 0.0031520882584712374 0.0015625
0 0.33451536643026003 0.841796875 0.0007880220646178094 0.00078125
0 0.330575256107171 0.838671875 0.002364066193853428 0.00234375
0 0.26556343577620173 0.849609375 0.07407407407407407 0.03203125
0 0.2214342001576044 0.8375 0.007880220646178092 0.009375
0 0.3037825059101655 0.8328125 0.0007880220646178094 0.0015625
0 0.17927501970055162 0.84375 0.09062253743104808 0.04375
0 0.11583924349881797 0.823046875 0.0015760441292356187 0.00234375
0 0.1284475965327029 0.82578125 0.007880220646178092 0.0140625
0 0.10520094562647754 0.822265625 0.026004728132387706 0.01328125
0 0.1773049645390071 0.823046875 0.07407407407407407 0.03515625
0 0.12174940898345153 0.807421875 0.03546099290780142 0.01484375
0 0.2214342001576044 0.80859375 0.07880220646178093 0.034375
0 0.6225374310480694 0.78046875 0.0015760441292356187 0.0015625
0 0.13711583924349882 0.784765625 0.08668242710795902 0.04140625
0 0.6686367218282112 0.761328125 0.0007880220646178094 0.00078125
0 0.6769109535066982 0.762890625 0.007880220646178092 0.00546875
0 0.6926713947990544 0.761328125 0.004728132387706856 0.00390625
0 0.6883372734436565 0.76015625 0.002364066193853428 0.0015625
0 0.6828211189913318 0.7609375 0.002364066193853428 0.003125
0 0.6910953506698188 0.756640625 0.0015760441292356187 0.00078125
0 0.661150512214342 0.75859375 0.004728132387706856 0.0046875
0 0.653270291568164 0.7578125 0.0031520882584712374 0.003125
0 0.6769109535066982 0.75625 0.0015760441292356187 0.0015625
0 0.6847911741528763 0.75625 0.006304176516942475 0.003125
0 0.6572104018912529 0.75390625 0.0015760441292356187 0.0015625
0 0.6698187549251379 0.753515625 0.0015760441292356187 0.00234375
0 0.6516942474389283 0.75234375 0.0015760441292356187 0.0015625
0 0.6308116627265563 0.75234375 0.002364066193853428 0.0015625
0 0.6627265563435776 0.752734375 0.004728132387706856 0.00390625
0 0.6071710007880221 0.741015625 0.002364066193853428 0.00078125
0 0.5929866036249015 0.740625 0.0007880220646178094 0.0015625
0 0.7048857368006304 0.737890625 0.003940110323089046 0.00234375
0 0.6840031520882585 0.737109375 0.0015760441292356187 0.00078125
0 0.6449960598896769 0.734765625 0.0007880220646178094 0.00078125
0 0.7119779353821907 0.73515625 0.003940110323089046 0.003125
0 0.6993695823483057 0.73359375 0.0007880220646178094 0.0015625
0 0.6773049645390071 0.733203125 0.0007880220646178094 0.00078125
0 0.6646966115051222 0.7328125 0.002364066193853428 0.003125
0 0.6453900709219859 0.73046875 0.0015760441292356187 0.0015625
0 0.7655634357762018 0.730078125 0.005516154452324665 0.00234375
0 0.7781717888100866 0.724609375 0.003940110323089046 0.00234375
0 0.772655634357762 0.722265625 0.002364066193853428 0.00078125
0 0.6040189125295509 0.72109375 0.0007880220646178094 0.0015625
0 0.7939322301024428 0.7203125 0.005516154452324665 0.003125
0 0.7785657998423956 0.71875 0.0031520882584712374 0.0015625
0 0.7501970055161544 0.71875 0.0015760441292356187 0.0015625
0 0.6059889676910953 0.72890625 0.0425531914893617 0.021875
0 0.768715524034673 0.718359375 0.002364066193853428 0.00234375
0 0.7730496453900709 0.716015625 0.0031520882584712374 0.00234375
0 0.5843183609141056 0.714453125 0.0007880220646178094 0.00078125
0 0.7474389282899921 0.714453125 0.002364066193853428 0.00234375
0 0.6800630417651694 0.71640625 0.009456264775413711 0.0078125
0 0.5894405043341213 0.712109375 0.0015760441292356187 0.00078125
0 0.7431048069345941 0.710546875 0.0015760441292356187 0.00234375
0 0.7174940898345153 0.707421875 0.0007880220646178094 0.00078125
0 0.7253743104806935 0.707421875 0.002364066193853428 0.00234375
0 0.6977935382190701 0.70390625 0.0007880220646178094 0.0015625
0 0.7509850275807722 0.69765625 0.0015760441292356187 0.0015625
0 0.7698975571315997 0.69140625 0.0015760441292356187 0.0015625
0 0.8266351457840819 0.68984375 0.0031520882584712374 0.0015625
0 0.7639873916469662 0.68984375 0.002364066193853428 0.0015625
0 0.7171000788022065 0.682421875 0.0015760441292356187 0.00078125
0 0.3739164696611505 0.680859375 0.0007880220646178094 0.00078125
0 0.6079590228526399 0.675 0.0070921985815602835 0.0078125
0 0.6788810086682427 0.687890625 0.13317572892040977 0.04140625
0 0.4022852639873917 0.666015625 0.002364066193853428 0.00546875
0 0.7454688731284476 0.75859375 0.3640661938534279 0.2015625
0 0.91725768321513 0.655078125 0.0015760441292356187 0.00234375
0 0.6359338061465721 0.658203125 0.007880220646178092 0.00859375
0 0.7186761229314421 0.66796875 0.152876280535855 0.040625
0 0.36524822695035464 0.647265625 0.005516154452324665 0.00234375
0 0.36485421591804573 0.642578125 0.0015760441292356187 0.00234375
0 0.38573680063041765 0.630078125 0.005516154452324665 0.00546875
0 0.37943262411347517 0.626171875 0.002364066193853428 0.00234375
0 0.913317572892041 0.623828125 0.006304176516942475 0.01015625
0 0.9066193853427896 0.617578125 0.0007880220646178094 0.00078125
0 0.9062253743104807 0.608984375 0.0031520882584712374 0.00703125
0 0.36485421591804573 0.5984375 0.0031520882584712374 0.0015625
0 0.36524822695035464 0.58984375 0.002364066193853428 0.0015625
0 0.3644602048857368 0.584375 0.0007880220646178094 0.0015625
0 0.9125295508274232 0.597265625 0.004728132387706856 0.03046875
0 0.4389282899921198 0.580859375 0.0015760441292356187 0.00390625
0 0.29511426319936956 0.773828125 0.33648542159180456 0.39296875
0 0.4148936170212766 0.578125 0.002364066193853428 0.0046875
0 0.9105594956658787 0.573828125 0.003940110323089046 0.01484375
0 0.42001576044129235 0.566015625 0.0031520882584712374 0.00546875
0 0.9058313632781718 0.56796875 0.002364066193853428 0.0109375
0 0.9093774625689519 0.560546875 0.0015760441292356187 0.00390625
0 0.4385342789598109 0.548828125 0.0007880220646178094 0.00078125
0 0.2545311268715524 0.541796875 0.1355397951142632 0.02109375
0 0.9070133963750985 0.525390625 0.0015760441292356187 0.00703125
0 0.7076438140267928 0.5640625 0.06304176516942474 0.146875
0 0.9026792750197006 0.462109375 0.0007880220646178094 0.00078125
0 0.7403467297084318 0.4625 0.013396375098502758 0.0234375
0 0.7040977147360126 0.46171875 0.04176516942474389 0.025
0 0.7706855791962175 0.46015625 0.04885736800630418 0.0265625
0 0.900709219858156 0.44453125 0.0015760441292356187 0.003125
0 0.6579984239558707 0.455078125 0.04097714736012608 0.03046875
0 0.128053585500394 0.435546875 0.0007880220646178094 0.00078125
0 0.25059101654846333 0.59453125 0.26792750197005516 0.3296875
0 0.7060677698975572 0.42890625 0.018912529550827423 0.0234375
0 0.764775413711584 0.427734375 0.08431836091410559 0.02734375
0 0.6733648542159181 0.425390625 0.04964539007092199 0.03046875
0 0.6379038613081166 0.418359375 0.018124507486209612 0.02265625
0 0.3656422379826635 0.41015625 0.004728132387706856 0.00625
0 0.8865248226950354 0.409375 0.0031520882584712374 0.00625
0 0.8687943262411347 0.4 0.002364066193853428 0.003125
0 0.8975571315996848 0.3953125 0.0031520882584712374 0.0078125
0 0.7281323877068558 0.395703125 0.061465721040189124 0.02421875
0 0.6780929866036249 0.39375 0.026004728132387706 0.0265625
0 0.38652482269503546 0.404296875 0.0338849487785658 0.05390625
0 0.3628841607565012 0.3765625 0.002364066193853428 0.0015625
0 0.6973995271867612 0.3640625 0.0015760441292356187 0.0015625
0 0.735618597320725 0.362109375 0.04176516942474389 0.02421875
0 0.7092198581560284 0.362109375 0.014184397163120567 0.02421875
0 0.6804570527974784 0.360546875 0.027580772261623327 0.02578125
0 0.1359338061465721 0.3375 0.003940110323089046 0.0109375
0 0.13435776201733649 0.328125 0.0007880220646178094 0.003125
0 0.13987391646966116 0.328125 0.002364066193853428 0.00625
0 0.772655634357762 0.30703125 0.002364066193853428 0.0015625
0 0.7911741528762806 0.30546875 0.0015760441292356187 0.0015625
0 0.43498817966903075 0.303125 0.0015760441292356187 0.00625
0 0.15090622537431048 0.2671875 0.0007880220646178094 0.0015625
0 0.8309692671394799 0.246875 0.002364066193853428 0.00625
0 0.15721040189125296 0.226171875 0.0007880220646178094 0.00234375
0 0.8289992119779354 0.2234375 0.004728132387706856 0.0140625
0 0.6335697399527187 0.157421875 0.004728132387706856 0.00234375
0 0.3750985027580772 0.146875 0.004728132387706856 0.0015625
0 0.12332545311268715 0.194921875 0.09219858156028368 0.12421875
0 0.3971631205673759 0.261328125 0.10717100078802207 0.30234375
0 0.6276595744680851 0.104296875 0.09062253743104808 0.09921875
0 0.834909377462569 0.2125 0.12529550827423167 0.3546875