0 0.7240420271940667 0.9409400123685838 0.001854140914709518 0.0006184291898577613
0 0.7008652657601978 0.9393939393939394 0.00865265760197775 0.004947433518862091
0 0.7147713226205191 0.9316635745207174 0.001854140914709518 0.0018552875695732839
0 0.7005562422744128 0.9341372912801484 0.006798516687268232 0.008039579468150896
0 0.7042645241038319 0.9304267161410018 0.0006180469715698393 0.0018552875695732839
0 0.6980840543881335 0.9291898577612864 0.0006180469715698393 0.0006184291898577613
0 0.7092088998763906 0.9307359307359307 0.005562422744128554 0.004947433518862091
0 0.7017923362175525 0.9276437847866419 0.0006180469715698393 0.0012368583797155227
0 0.6977750309023486 0.9217687074829932 0.0012360939431396785 0.0018552875695732839
0 0.45859085290482077 0.904143475572047 0.002472187886279357 0.0024737167594310453
0 0.6022867737948084 0.9032158317872604 0.008034610630407911 0.0018552875695732839
0 0.4215080346106304 0.8908472479901052 0.007416563658838072 0.008039579468150896
0 0.5954882571075402 0.8865182436611008 0.0006180469715698393 0.0006184291898577613
0 0.4131644004944376 0.8824984539270253 0.006798516687268232 0.012368583797155226
0 0.6418417799752781 0.87569573283859 0.0006180469715698393 0.0012368583797155227
0 0.6402966625463535 0.8707482993197279 0.0012360939431396785 0.004947433518862091
0 0.33930778739184175 0.8710575139146568 0.004944375772558714 0.00927643784786642
0 0.3318912237330037 0.8713667285095856 0.00865265760197775 0.009894867037724181
0 0.3507416563658838 0.8698206555349413 0.015451174289245983 0.010513296227581941
0 0.3621755253399258 0.8577612863327149 0.016069221260815822 0.009894867037724181
0 0.34023485784919655 0.8583797155225726 0.02533992583436341 0.011131725417439703
0 0.39029666254635353 0.8555967841682127 0.0377008652657602 0.011750154607297465
0 0.4184177997527812 0.8534322820037106 0.011124845488257108 0.011131725417439703
0 0.4326328800988875 0.852195423623995 0.014833127317676144 0.011131725417439703
0 0.44932014833127315 0.8506493506493507 0.014833127317676144 0.011750154607297465
0 0.36248454882571074 0.8450834879406308 0.001854140914709518 0.0018552875695732839
0 0.4656983930778739 0.8487940630797773 0.01668726823238566 0.010513296227581941
0 0.4947466007416564 0.847247990105133 0.006798516687268232 0.009894867037724181
0 0.4830037082818294 0.8478664192949907 0.015451174289245983 0.011131725417439703
0 0.36495673671199014 0.8429189857761287 0.0006180469715698393 0.0012368583797155227
0 0.33559950556242274 0.8466295609152752 0.018541409147095178 0.009894867037724181
0 0.3572311495673671 0.8416821273964131 0.0012360939431396785 0.0012368583797155227
0 0.3504326328800989 0.8453927025355596 0.009888751545117428 0.008658008658008658
0 0.5095797280593325 0.8463203463203464 0.021631644004944377 0.011750154607297465
0 0.35939431396786153 0.844465058750773 0.008034610630407911 0.00927643784786642
0 0.3742274412855377 0.8438466295609153 0.010506798516687269 0.010513296227581941
0 0.3930778739184178 0.8423005565862709 0.023485784919653894 0.011131725417439703
0 0.6591470951792336 0.8385899814471243 0.024103831891223733 0.008658008658008658
0 0.5315203955500618 0.8410636982065554 0.021013597033374538 0.013605442176870748
0 0.4227441285537701 0.8401360544217688 0.032138442521631644 0.012987012987012988
0 0.44561186650185414 0.8379715522572665 0.009888751545117428 0.011131725417439703
0 0.5939431396786156 0.83426097711812 0.014833127317676144 0.008658008658008658
0 0.5636588380716935 0.8354978354978355 0.04326328800988875 0.011131725417439703
0 0.4780593325092707 0.8354978354978355 0.051297898640296664 0.013605442176870748
0 0.511742892459827 0.8333333333333334 0.013597033374536464 0.010513296227581941
0 0.6168108776266996 0.8320964749536178 0.02843016069221261 0.010513296227581941
0 0.5210135970333746 0.83147804576376 0.004944375772558714 0.00927643784786642
0 0.6322620519159456 0.8308596165739023 0.013597033374536464 0.010513296227581941
0 0.8315822002472187 0.8246753246753247 0.004326328800988875 0.0018552875695732839
0 0.5333745364647713 0.8277674706246135 0.0173053152039555 0.011750154607297465
0 0.5534610630407911 0.8246753246753247 0.019159456118665017 0.00927643784786642
0 0.5686032138442522 0.8240568954854669 0.009888751545117428 0.00927643784786642
0 0.5840543881334982 0.8231292517006803 0.016069221260815822 0.009894867037724181
0 0.5964153275648949 0.8191094619666048 0.002472187886279357 0.0030921459492888066
0 0.6053770086526576 0.8184910327767471 0.001854140914709518 0.0030921459492888066
0 0.6050679851668727 0.8215831787260359 0.021013597033374538 0.00927643784786642
0 0.723114956736712 0.8163265306122449 0.0012360939431396785 0.0037105751391465678
0 0.6276266996291718 0.8191094619666048 0.0203955500618047 0.011750154607297465
0 0.6582200247218789 0.8225108225108225 0.02843016069221261 0.025974025974025976
0 0.7061186650185414 0.8153988868274582 0.04511742892459827 0.06246134817563389
0 0.372991347342398 0.7946815089672232 0.01668726823238566 0.032158317872603585
0 0.3853522867737948 0.7934446505875077 0.015451174289245983 0.032158317872603585
0 0.4119283065512979 0.7918985776128633 0.01668726823238566 0.03277674706246135
0 0.4354140914709518 0.7897340754483612 0.014215080346106305 0.032158317872603585
0 0.4514833127317676 0.7884972170686456 0.01668726823238566 0.032158317872603585
0 0.46817058096415326 0.7872603586889301 0.01668726823238566 0.032158317872603585
0 0.4820766378244747 0.7850958565244279 0.014833127317676144 0.03277674706246135
0 0.5219406674907293 0.7841682127396413 0.011742892459826947 0.032158317872603585
0 0.5129789864029666 0.7841682127396413 0.003708281829419036 0.032158317872603585
0 0.4938195302843016 0.7844774273345702 0.004944375772558714 0.03277674706246135
0 0.5370828182941904 0.7835497835497836 0.016069221260815822 0.032158317872603585
0 0.5037082818294191 0.7844774273345702 0.012360939431396786 0.034013605442176874
0 0.3532138442521632 0.7677798392084106 0.0006180469715698393 0.0006184291898577613
0 0.5605686032138443 0.7810760667903525 0.006180469715698393 0.030921459492888066
0 0.5478986402966626 0.7816944959802102 0.014215080346106305 0.032158317872603585
0 0.572929542645241 0.779839208410637 0.0173053152039555 0.030921459492888066
0 0.369283065512979 0.7640692640692641 0.0006180469715698393 0.0006184291898577613
0 0.5902348578491965 0.7782931354359925 0.0173053152039555 0.030303030303030304
0 0.6140296662546354 0.7761286332714904 0.015451174289245983 0.029684601113172542
0 0.6263906056860321 0.7736549165120594 0.012978986402966625 0.029684601113172542
0 0.36279357231149567 0.7585034013605442 0.0012360939431396785 0.0006184291898577613
0 0.6610012360939431 0.7714904143475572 0.01792336217552534 0.027829313543599257
0 0.6430778739184178 0.7714904143475572 0.015451174289245983 0.02906617192331478
0 0.384734239802225 0.7578849721706865 0.004326328800988875 0.0018552875695732839
0 0.3600123609394314 0.7572665429808287 0.001854140914709518 0.0018552875695732839
0 0.6764524103831892 0.7708719851576994 0.014215080346106305 0.030303030303030304
0 0.30562422744128553 0.7612863327149041 0.014215080346106305 0.03339517625231911
0 0.3220024721878863 0.7597402597402597 0.014833127317676144 0.03277674706246135
0 0.34487021013597036 0.7581941867656153 0.030902348578491966 0.03463203463203463
0 0.3674289245982695 0.7557204700061843 0.015451174289245983 0.03339517625231911
0 0.3831891223733004 0.7547928262213977 0.013597033374536464 0.03277674706246135
0 0.40605686032138444 0.7532467532467533 0.016069221260815822 0.032158317872603585
0 0.42243510506798515 0.7517006802721088 0.014215080346106305 0.03277674706246135
0 0.43819530284301605 0.7504638218923934 0.016069221260815822 0.03277674706246135
0 0.45550061804697156 0.7489177489177489 0.014833127317676144 0.03339517625231911
0 0.47095179233621753 0.7473716759431045 0.013597033374536464 0.03277674706246135
0 0.526885043263288 0.7452071737786023 0.015451174289245983 0.032158317872603585
0 0.5089616810877626 0.7448979591836735 0.011742892459826947 0.03277674706246135
0 0.4935105067985167 0.7452071737786023 0.015451174289245983 0.03339517625231911
0 0.542027194066749 0.7439703153988868 0.014833127317676144 0.032158317872603585
0 0.5562422744128553 0.7430426716141002 0.014833127317676144 0.03153988868274583
0 0.5701483312731768 0.7418058132343847 0.015451174289245983 0.03153988868274583
0 0.6029048207663782 0.7402597402597403 0.015451174289245983 0.030921459492888066
0 0.5874536464771323 0.7408781694495981 0.014215080346106305 0.032158317872603585
0 0.6165018541409147 0.7387136672850959 0.014215080346106305 0.03153988868274583
0 0.6353522867737948 0.7365491651205937 0.014833127317676144 0.030921459492888066
0 0.6523485784919654 0.7350030921459493 0.01668726823238566 0.03153988868274583
0 0.6647095179233622 0.7343846629560915 0.006798516687268232 0.03153988868274583
0 0.6764524103831892 0.733147804576376 0.015451174289245983 0.03277674706246135
0 0.6980840543881335 0.730674087816945 0.01668726823238566 0.03277674706246135
0 0.7160074165636588 0.7294372294372294 0.015451174289245983 0.03277674706246135
0 0.73053152039555 0.7275819418676561 0.0173053152039555 0.03153988868274583
0 0.2376390605686032 0.6614100185528757 0.0006180469715698393 0.0006184291898577613
0 0.242274412855377 0.650278293135436 0.0012360939431396785 0.0006184291898577613
0 0.25401730531520395 0.6499690785405071 0.003708281829419036 0.0012368583797155227
0 0.24320148331273178 0.6437847866419295 0.015451174289245983 0.011131725417439703
0 0.5367737948084055 0.6453308596165739 0.014215080346106305 0.016697588126159554
0 0.5546971569839307 0.6447124304267161 0.015451174289245983 0.017934446505875078
0 0.5225587144622992 0.645021645021645 0.010506798516687269 0.01855287569573284
0 0.23640296662546353 0.6326530612244898 0.001854140914709518 0.0024737167594310453
0 0.5822002472187886 0.6410018552875696 0.019777503090234856 0.022881880024737167
0 0.5080346106304079 0.6413110698824984 0.016069221260815822 0.02350030921459493
0 0.6368974042027195 0.637291280148423 0.014215080346106305 0.017934446505875078
0 0.711372064276885 0.6385281385281385 0.009888751545117428 0.022881880024737167
0 0.6090852904820766 0.6382189239332097 0.019159456118665017 0.02350030921459493
0 0.65389369592089 0.634817563388992 0.016069221260815822 0.017934446505875078
0 0.7005562422744128 0.6338899196042053 0.012978986402966625 0.017316017316017316
0 0.6239184177997528 0.6360544217687075 0.006798516687268232 0.022881880024737167
0 0.6820148331273177 0.6298701298701299 0.01792336217552534 0.021645021645021644
0 0.7778121137206427 0.6175015460729747 0.0006180469715698393 0.0006184291898577613
0 0.7741038318912238 0.6175015460729747 0.0006180469715698393 0.0006184291898577613
0 0.261433868974042 0.6175015460729747 0.0012360939431396785 0.0006184291898577613
0 0.2598887515451174 0.6175015460729747 0.0006180469715698393 0.0006184291898577613
0 0.26668726823238564 0.6168831168831169 0.0006180469715698393 0.0006184291898577613
0 0.7710135970333746 0.601113172541744 0.0006180469715698393 0.0012368583797155227
0 0.29326328800988877 0.5717377860235003 0.0006180469715698393 0.0006184291898577613
0 0.2605067985166873 0.5640074211502782 0.0030902348578491965 0.0012368583797155227
0 0.2880098887515451 0.5624613481756339 0.013597033374536464 0.006802721088435374
0 0.2700865265760198 0.5500927643784786 0.0012360939431396785 0.0018552875695732839
0 0.5302843016069221 0.5745207173778603 0.05315203955500618 0.07297464440321583
0 0.4261433868974042 0.5791589363017935 0.16872682323856614 0.08225108225108226
0 0.5893077873918418 0.5701917130488559 0.0550061804697157 0.07544836116264687
0 0.6872682323856613 0.5674087816944959 0.04326328800988875 0.07235621521335807
0 0.6412237330037083 0.5652442795299938 0.05377008652657602 0.07421150278293136
0 0.22280593325092707 0.5284477427334571 0.0006180469715698393 0.0006184291898577613
0 0.1603831891223733 0.5287569573283859 0.004326328800988875 0.0012368583797155227
0 0.3303461063040791 0.5278293135435993 0.0006180469715698393 0.0018552875695732839
0 0.0911619283065513 0.5238095238095238 0.001854140914709518 0.0012368583797155227
0 0.7546353522867738 0.4867037724180581 0.002472187886279357 0.0037105751391465678
0 0.4437577255871446 0.4780457637600495 0.0012360939431396785 0.0012368583797155227
0 0.47404202719406674 0.45701917130488556 0.0012360939431396785 0.0012368583797155227
0 0.6736711990111248 0.4873222016079159 0.04449938195302843 0.07050092764378478
0 0.5222496909765142 0.4867037724180581 0.054388133498145856 0.07173778602350031
0 0.7067367119901112 0.4483611626468769 0.0006180469715698393 0.0012368583797155227
0 0.5818912237330037 0.4836116264687693 0.05377008652657602 0.07421150278293136
0 0.6313349814585909 0.47959183673469385 0.050061804697156986 0.06988249845392702
0 0.15636588380716934 0.42424242424242425 0.0012360939431396785 0.0012368583797155227
0 0.07200247218788627 0.4294990723562152 0.005562422744128554 0.027829313543599257
0 0.17119901112484548 0.41620284477427333 0.003708281829419036 0.0037105751391465678
0 0.15636588380716934 0.4044526901669759 0.0012360939431396785 0.0012368583797155227
0 0.5645859085290482 0.4010513296227582 0.0006180469715698393 0.0006184291898577613
0 0.5618046971569839 0.4004329004329004 0.0012360939431396785 0.0006184291898577613
0 0.3995673671199011 0.39981447124304265 0.0006180469715698393 0.0006184291898577613
0 0.5559332509270705 0.39888682745825604 0.008034610630407911 0.0024737167594310453
0 0.5488257107540173 0.3973407544836116 0.0012360939431396785 0.0006184291898577613
0 0.5426452410383189 0.3961038961038961 0.0012360939431396785 0.0006184291898577613
0 0.07045735475896168 0.40321583178726034 0.0012360939431396785 0.014842300556586271
0 0.14060568603213844 0.3852813852813853 0.001854140914709518 0.0012368583797155227
0 0.43510506798516685 0.3843537414965986 0.0012360939431396785 0.0006184291898577613
0 0.5349196538936959 0.38249845392702536 0.001854140914709518 0.0006184291898577613
0 0.4388133498145859 0.383426097711812 0.004944375772558714 0.0024737167594310453
0 0.3127317676143387 0.38311688311688313 0.002472187886279357 0.0018552875695732839
0 0.5478986402966626 0.38064316635745205 0.0006180469715698393 0.0006184291898577613
0 0.3130407911001236 0.37971552257266544 0.001854140914709518 0.0024737167594310453
0 0.2938813349814586 0.37569573283859 0.0006180469715698393 0.0006184291898577613
0 0.17027194066749074 0.3778602350030921 0.001854140914709518 0.0074211502782931356
0 0.2778121137206428 0.3719851576994434 0.001854140914709518 0.0018552875695732839
0 0.16749072929542647 0.3719851576994434 0.0012360939431396785 0.0018552875695732839
0 0.6739802224969098 0.37043908472479903 0.0030902348578491965 0.0012368583797155227
0 0.0865265760197775 0.37043908472479903 0.003708281829419036 0.0012368583797155227
0 0.2985166872682324 0.3692022263450835 0.002472187886279357 0.0012368583797155227
0 0.2812113720642769 0.37012987012987014 0.002472187886279357 0.004329004329004329
0 0.2864647713226205 0.3688930117501546 0.006798516687268232 0.0055658627087198514
0 0.3068603213844252 0.3676561533704391 0.004326328800988875 0.004329004329004329
0 0.27657601977750307 0.36641929499072357 0.001854140914709518 0.0018552875695732839
0 0.5726205191594561 0.36641929499072357 0.008034610630407911 0.0030921459492888066
0 0.5791100123609394 0.3645640074211503 0.006180469715698393 0.0018552875695732839
0 0.5176143386897404 0.3995052566481138 0.05253399258343634 0.07173778602350031
0 0.5590234857849197 0.36332714904143476 0.0006180469715698393 0.0006184291898577613
0 0.2938813349814586 0.3673469387755102 0.008034610630407911 0.008658008658008658
0 0.32014833127317677 0.362708719851577 0.0012360939431396785 0.0006184291898577613
0 0.28059332509270707 0.36332714904143476 0.0012360939431396785 0.0018552875695732839
0 0.31860321384425216 0.36178107606679033 0.0006180469715698393 0.0012368583797155227
0 0.3031520395550062 0.36394557823129253 0.005562422744128554 0.0055658627087198514
0 0.07663782447466007 0.37600494743351887 0.014833127317676144 0.029684601113172542
0 0.3136588380716934 0.3611626468769326 0.001854140914709518 0.0024737167594310453
0 0.16872682323856614 0.3630179344465059 0.003708281829419036 0.006184291898577613
0 0.3303461063040791 0.35745207173778604 0.001854140914709518 0.0012368583797155227
0 0.6365883807169345 0.35992578849721707 0.018541409147095178 0.0074211502782931356
0 0.1619283065512979 0.3546691403834261 0.0012360939431396785 0.0006184291898577613
0 0.33405438813349814 0.354978354978355 0.0030902348578491965 0.0037105751391465678
0 0.15049443757725586 0.35064935064935066 0.001854140914709518 0.0012368583797155227
0 0.37917181705809644 0.3466295609152752 0.0006180469715698393 0.0006184291898577613
0 0.37978986402966625 0.3438466295609153 0.001854140914709518 0.0024737167594310453
0 0.6226823238566132 0.341991341991342 0.001854140914709518 0.0012368583797155227
0 0.6189740420271941 0.3416821273964131 0.0030902348578491965 0.0018552875695732839
0 0.3946229913473424 0.34106369820655535 0.0006180469715698393 0.0006184291898577613
0 0.38936959208899874 0.34137291280148424 0.0012360939431396785 0.0012368583797155227
0 0.3396168108776267 0.3364254792826221 0.001854140914709518 0.0012368583797155227
0 0.38813349814585907 0.3358070500927644 0.0012360939431396785 0.0012368583797155227
0 0.3522867737948084 0.336734693877551 0.002472187886279357 0.0030921459492888066
0 0.5707663782447466 0.3308596165739023 0.012978986402966625 0.008658008658008658
0 0.6223733003708282 0.3259121830550402 0.0012360939431396785 0.0012368583797155227
0 0.38133498145859085 0.3209647495361781 0.0012360939431396785 0.0012368583797155227
0 0.38504326328800986 0.31910946196660483 0.0012360939431396785 0.0012368583797155227
0 0.7904820766378244 0.3163265306122449 0.002472187886279357 0.0030921459492888066
0 0.7935723114956736 0.31539888682745826 0.0012360939431396785 0.0024737167594310453
0 0.7978986402966626 0.3141620284477427 0.0012360939431396785 0.0024737167594310453
0 0.6134116192830655 0.3116883116883117 0.0030902348578491965 0.0024737167594310453
0 0.792336217552534 0.3113790970933828 0.003708281829419036 0.0030921459492888066
0 0.7855377008652658 0.31880024737167595 0.003708281829419036 0.017934446505875078
0 0.8071693448702101 0.310760667903525 0.003708281829419036 0.0030921459492888066
0 0.19715698393077874 0.3070500927643785 0.0012360939431396785 0.0006184291898577613
0 0.8056242274412856 0.30643166357452073 0.0006180469715698393 0.0006184291898577613
0 0.7867737948084055 0.3076685219542362 0.004944375772558714 0.0030921459492888066
0 0.8006798516687268 0.308286951144094 0.005562422744128554 0.008039579468150896
0 0.796044499381953 0.3042671614100185 0.0012360939431396785 0.0012368583797155227
0 0.8016069221260815 0.3017934446505875 0.002472187886279357 0.0024737167594310453
0 0.7982076637824475 0.300556586270872 0.0030902348578491965 0.0024737167594310453
0 0.784610630407911 0.3014842300556586 0.0030902348578491965 0.004329004329004329
0 0.7907911001236094 0.29962894248608535 0.001854140914709518 0.0030921459492888066
0 0.7830655129789864 0.2983920841063698 0.0012360939431396785 0.0018552875695732839
0 0.7877008652657602 0.29684601113172543 0.0006180469715698393 0.0012368583797155227
0 0.20642768850432633 0.29653679653679654 0.0012360939431396785 0.0006184291898577613
0 0.157601977750309 0.2974644403215832 0.004944375772558714 0.0024737167594310453
0 0.25092707045735474 0.29591836734693877 0.0012360939431396785 0.0006184291898577613
0 0.7855377008652658 0.29591836734693877 0.0012360939431396785 0.0018552875695732839
0 0.7957354758961681 0.2974644403215832 0.005562422744128554 0.0074211502782931356
0 0.19870210135970334 0.29344465058750774 0.001854140914709518 0.0018552875695732839
0 0.21322620519159455 0.2925170068027211 0.0012360939431396785 0.0012368583797155227
0 0.2107540173053152 0.29344465058750774 0.002472187886279357 0.0030921459492888066
0 0.7941903584672435 0.2918985776128633 0.0012360939431396785 0.0012368583797155227
0 0.20519159456118666 0.2918985776128633 0.0012360939431396785 0.0012368583797155227
0 0.7867737948084055 0.2912801484230056 0.003708281829419036 0.0012368583797155227
0 0.1965389369592089 0.2918985776128633 0.0012360939431396785 0.0024737167594310453
0 0.3396168108776267 0.2906617192331478 0.001854140914709518 0.0012368583797155227
0 0.22033374536464773 0.28973407544836116 0.001854140914709518 0.0018552875695732839
0 0.19901112484548825 0.2884972170686456 0.002472187886279357 0.0018552875695732839
0 0.2184796044499382 0.2850958565244279 0.001854140914709518 0.0012368583797155227
0 0.20982694684796044 0.2850958565244279 0.0006180469715698393 0.0012368583797155227
0 0.2326946847960445 0.25757575757575757 0.001854140914709518 0.0018552875695732839
0 0.7901730531520396 0.2554112554112554 0.001854140914709518 0.0012368583797155227
0 0.7877008652657602 0.253865182436611 0.0006180469715698393 0.0006184291898577613
0 0.24011124845488258 0.25510204081632654 0.004326328800988875 0.0030921459492888066
0 0.7929542645241038 0.2541743970315399 0.002472187886279357 0.0037105751391465678
0 0.5899258343634116 0.2523191094619666 0.001854140914709518 0.0012368583797155227
0 0.2360939431396786 0.2532467532467532 0.002472187886279357 0.0030921459492888066
0 0.24412855377008652 0.25170068027210885 0.0012360939431396785 0.0012368583797155227
0 0.23980222496909764 0.25170068027210885 0.0012360939431396785 0.0012368583797155227
0 0.792336217552534 0.24984539270253556 0.0012360939431396785 0.0012368583797155227
0 0.25556242274412855 0.24953617810760667 0.0006180469715698393 0.0006184291898577613
0 0.8062422744128553 0.2501546072974644 0.0030902348578491965 0.0030921459492888066
0 0.8028430160692213 0.24891774891774893 0.002472187886279357 0.0018552875695732839
0 0.7978986402966626 0.2507730364873222 0.004944375772558714 0.0055658627087198514
0 0.24381953028430162 0.24737167594310452 0.001854140914709518 0.0024737167594310453
0 0.8050061804697157 0.24613481756338898 0.0006180469715698393 0.0012368583797155227
0 0.8068603213844252 0.24335188620902906 0.0006180469715698393 0.0006184291898577613
0 0.2583436341161928 0.24242424242424243 0.0012360939431396785 0.0024737167594310453
0 0.8121137206427689 0.24273345701917132 0.006180469715698393 0.0055658627087198514
0 0.2530902348578492 0.24242424242424243 0.008034610630407911 0.006184291898577613
0 0.2642150803461063 0.23995052566481137 0.0030902348578491965 0.0024737167594310453
0 0.819221260815822 0.23933209647495363 0.004326328800988875 0.0024737167594310453
0 0.8300370828182941 0.23562152133580705 0.0012360939431396785 0.0012368583797155227
0 0.2342398022249691 0.23500309214594928 0.0012360939431396785 0.0012368583797155227
0 0.8359085290482077 0.23345701917130487 0.0006180469715698393 0.0006184291898577613
0 0.2376390605686032 0.23283858998144713 0.0006180469715698393 0.0006184291898577613
0 0.6217552533992583 0.23191094619666047 0.0012360939431396785 0.0012368583797155227
0 0.23949320148331274 0.23098330241187384 0.0006180469715698393 0.0006184291898577613
0 0.24907292954264523 0.22943722943722944 0.0012360939431396785 0.0012368583797155227
0 0.8405438813349815 0.2300556586270872 0.009888751545117428 0.006184291898577613
0 0.24567367119901112 0.22665429808286952 0.0006180469715698393 0.0006184291898577613
0 0.25339925834363414 0.22634508348794063 0.003708281829419036 0.0024737167594310453
0 0.8442521631644005 0.22418058132343846 0.0012360939431396785 0.0018552875695732839
0 0.11897404202719407 0.22294372294372294 0.0006180469715698393 0.0006184291898577613
0 0.8485784919653894 0.2220160791589363 0.0012360939431396785 0.0012368583797155227
0 0.11711990111248455 0.22139764996907854 0.001854140914709518 0.0012368583797155227
0 0.26668726823238564 0.2204700061842919 0.0006180469715698393 0.0006184291898577613
0 0.26637824474660077 0.21799628942486085 0.0012360939431396785 0.0018552875695732839
0 0.11495673671199011 0.22016079158936303 0.007416563658838072 0.006184291898577613
0 0.1776885043263288 0.21706864564007422 0.001854140914709518 0.0024737167594310453
0 0.8785537700865266 0.21397649969078542 0.0006180469715698393 0.0012368583797155227
0 0.8733003708281829 0.21583178726035868 0.007416563658838072 0.004947433518862091
0 0.8637206427688504 0.21335807050092764 0.001854140914709518 0.0012368583797155227
0 0.12793572311495674 0.21799628942486085 0.013597033374536464 0.010513296227581941
0 0.10105067985166873 0.21366728509585653 0.001854140914709518 0.0018552875695732839
0 0.8606304079110012 0.21366728509585653 0.001854140914709518 0.0030921459492888066
0 0.8902966625463535 0.21212121212121213 0.0030902348578491965 0.0024737167594310453
0 0.17367119901112485 0.21335807050092764 0.004944375772558714 0.004947433518862091
0 0.20148331273176762 0.21119356833642547 0.004944375772558714 0.0030921459492888066
0 0.1980840543881335 0.20964749536178107 0.0030902348578491965 0.0012368583797155227
0 0.1699629171817058 0.20841063698206555 0.0012360939431396785 0.0012368583797155227
0 0.09826946847960445 0.20902906617192332 0.003708281829419036 0.0024737167594310453
0 0.845797280593325 0.2077922077922078 0.001854140914709518 0.0012368583797155227
0 0.8785537700865266 0.2077922077922078 0.005562422744128554 0.0024737167594310453
0 0.09888751545117429 0.20470006184291897 0.002472187886279357 0.0012368583797155227
0 0.8841161928306551 0.20006184291898577 0.0006180469715698393 0.0006184291898577613
0 0.8658838071693449 0.20098948670377242 0.012360939431396786 0.004947433518862091
0 0.9144004944375772 0.19727891156462585 0.001854140914709518 0.0012368583797155227
0 0.8915327564894932 0.19696969696969696 0.0006180469715698393 0.0006184291898577613
0 0.10166872682323856 0.19727891156462585 0.0006180469715698393 0.0012368583797155227
0 0.08220024721878863 0.19449598021026593 0.0012360939431396785 0.0018552875695732839
0 0.907601977750309 0.19264069264069264 0.0006180469715698393 0.0006184291898577613
0 0.9017305315203955 0.1932591218305504 0.003708281829419036 0.0018552875695732839
0 0.10259579728059333 0.19387755102040816 0.004944375772558714 0.0055658627087198514
0 0.24258343634116192 0.1901669758812616 0.0006180469715698393 0.0006184291898577613
0 0.915327564894932 0.1870748299319728 0.0012360939431396785 0.0018552875695732839
0 0.9082200247218789 0.18893011750154606 0.005562422744128554 0.0055658627087198514
0 0.23640296662546353 0.18645640074211503 0.0030902348578491965 0.0018552875695732839
0 0.24412855377008652 0.18521954236239951 0.011124845488257108 0.004329004329004329
0 0.09301606922126082 0.18305504019789734 0.001854140914709518 0.0012368583797155227
0 0.2521631644004944 0.17965367965367965 0.0012360939431396785 0.0018552875695732839
0 0.315203955500618 0.18181818181818182 0.011124845488257108 0.008658008658008658
0 0.2391841779975278 0.1790352504638219 0.013597033374536464 0.006802721088435374
0 0.3046971569839308 0.17439703153988867 0.003708281829419036 0.0024737167594310453
0 0.30067985166872685 0.17223252937538652 0.0006180469715698393 0.0006184291898577613
0 0.2938813349814586 0.1694495980210266 0.010506798516687269 0.0037105751391465678
0 0.6588380716934487 0.16666666666666666 0.0012360939431396785 0.0006184291898577613
0 0.8912237330037083 0.16481137909709337 0.0012360939431396785 0.0006184291898577613
0 0.13473423980222496 0.16512059369202226 0.0012360939431396785 0.0012368583797155227
0 0.6399876390605687 0.1645021645021645 0.006798516687268232 0.0024737167594310453
0 0.22836835599505562 0.16233766233766234 0.0006180469715698393 0.0006184291898577613
0 0.2265142150803461 0.16233766233766234 0.001854140914709518 0.0006184291898577613
0 0.12700865265760197 0.16171923314780456 0.0006180469715698393 0.0006184291898577613
0 0.2323856613102596 0.16017316017316016 0.002472187886279357 0.0012368583797155227
0 0.9202719406674907 0.1598639455782313 0.002472187886279357 0.0030921459492888066
0 0.8720642768850433 0.15862708719851576 0.0012360939431396785 0.0006184291898577613
0 0.7790482076637825 0.15862708719851576 0.0006180469715698393 0.0006184291898577613
0 0.6480222496909765 0.16048237476808905 0.006798516687268232 0.0055658627087198514
0 0.9177997527812114 0.15584415584415584 0.0012360939431396785 0.0012368583797155227
0 0.2957354758961681 0.16017316017316016 0.012978986402966625 0.013605442176870748
0 0.2326946847960445 0.15553494124922695 0.012978986402966625 0.0055658627087198514
0 0.7753399258343634 0.15213358070500926 0.001854140914709518 0.0024737167594310453
0 0.2753399258343634 0.15924551638837353 0.033992583436341164 0.016697588126159554
0 0.11063040791100123 0.15058750773036486 0.002472187886279357 0.0030921459492888066
0 0.24876390605686033 0.14780457637600494 0.001854140914709518 0.0012368583797155227
0 0.2453646477132262 0.14749536178107606 0.002472187886279357 0.0006184291898577613
0 0.30871446229913474 0.14904143475572046 0.009270704573547589 0.0074211502782931356
0 0.542027194066749 0.14440321583178725 0.0012360939431396785 0.0006184291898577613
0 0.09765142150803462 0.14656771799628943 0.006180469715698393 0.004947433518862091
0 0.2530902348578492 0.1453308596165739 0.009270704573547589 0.0037105751391465678
0 0.24196538936959208 0.14440321583178725 0.005562422744128554 0.0018552875695732839
0 0.22836835599505562 0.14285714285714285 0.001854140914709518 0.0012368583797155227
0 0.9196538936959209 0.1422387136672851 0.0012360939431396785 0.0012368583797155227
0 0.2138442521631644 0.14131106988249845 0.002472187886279357 0.0018552875695732839
0 0.9196538936959209 0.13821892393320964 0.002472187886279357 0.0030921459492888066
0 0.511742892459827 0.13636363636363635 0.00865265760197775 0.0030921459492888066
0 0.10197775030902348 0.14007421150278293 0.007416563658838072 0.011750154607297465
0 0.5157601977750309 0.13141620284477426 0.001854140914709518 0.0006184291898577613
0 0.24011124845488258 0.13636363636363635 0.022867737948084055 0.010513296227581941
0 0.0911619283065513 0.13141620284477426 0.0006180469715698393 0.0006184291898577613
0 0.5587144622991347 0.13079777365491652 0.0012360939431396785 0.0006184291898577613
0 0.5058714462299134 0.13141620284477426 0.001854140914709518 0.0018552875695732839
0 0.5287391841779975 0.13017934446505874 0.0006180469715698393 0.0006184291898577613
0 0.5 0.13048855905998763 0.0012360939431396785 0.0012368583797155227
0 0.5543881334981459 0.12987012987012986 0.004944375772558714 0.0024737167594310453
0 0.5120519159456118 0.12894248608534323 0.0006180469715698393 0.0006184291898577613
0 0.5163782447466008 0.12832405689548546 0.001854140914709518 0.0006184291898577613
0 0.5256489493201484 0.12863327149041434 0.005562422744128554 0.0024737167594310453
0 0.10784919653893696 0.12894248608534323 0.014215080346106305 0.0030921459492888066
0 0.1180469715698393 0.12832405689548546 0.002472187886279357 0.0030921459492888066
0 0.5794190358467244 0.12275819418676562 0.0006180469715698393 0.0006184291898577613
0 0.484548825710754 0.12337662337662338 0.003708281829419036 0.0018552875695732839
0 0.8714462299134734 0.1261595547309833 0.014833127317676144 0.008658008658008658
0 0.4721878862793572 0.12213976499690786 0.016069221260815822 0.006802721088435374
0 0.8668108776266996 0.11997526283240569 0.0030902348578491965 0.0037105751391465678
0 0.48640296662546356 0.12059369202226346 0.018541409147095178 0.011131725417439703
0 0.9029666254635352 0.11440940012368583 0.002472187886279357 0.0012368583797155227
0 0.14740420271940669 0.11533704390847248 0.0030902348578491965 0.0030921459492888066
0 0.5349196538936959 0.11348175633889919 0.0006180469715698393 0.0006184291898577613
0 0.8865883807169345 0.10760667903525047 0.0006180469715698393 0.0012368583797155227
0 0.1226823238566131 0.10946196660482375 0.006798516687268232 0.004947433518862091
0 0.4641532756489493 0.11193568336425479 0.027194066749072928 0.011131725417439703
0 0.5296662546353523 0.1054421768707483 0.0012360939431396785 0.0006184291898577613
0 0.17336217552533992 0.10575139146567718 0.005562422744128554 0.0037105751391465678
0 0.8862793572311496 0.10296846011131726 0.003708281829419036 0.0055658627087198514
0 0.12855377008652658 0.10235003092145949 0.003708281829419036 0.0055658627087198514
0 0.8912237330037083 0.10018552875695733 0.004944375772558714 0.0037105751391465678
0 0.5244128553770087 0.09925788497217068 0.005562422744128554 0.006802721088435374
0 0.530902348578492 0.0943104514533086 0.0012360939431396785 0.0018552875695732839
0 0.5033992583436341 0.10760667903525047 0.05377008652657602 0.030921459492888066
0 0.1508034610630408 0.09245516388373531 0.0012360939431396785 0.0018552875695732839
0 0.48702101359703337 0.09059987631416203 0.0012360939431396785 0.0006184291898577613
0 0.48393077873918416 0.09059987631416203 0.0012360939431396785 0.0006184291898577613
0 0.5364647713226205 0.09059987631416203 0.0012360939431396785 0.0018552875695732839
0 0.34703337453646477 0.10420531849103278 0.20333745364647712 0.02906617192331478
0 0.215389369592089 0.10791589363017934 0.06736711990111248 0.036487322201607914
0 0.8312731767614339 0.08874458874458875 0.002472187886279357 0.0018552875695732839
0 0.5290482076637825 0.08967223252937538 0.002472187886279357 0.0037105751391465678
0 0.15203955500618047 0.08874458874458875 0.0012360939431396785 0.0018552875695732839
0 0.9202719406674907 0.08565244279529993 0.0012360939431396785 0.0006184291898577613
0 0.8349814585908529 0.08688930117501546 0.002472187886279357 0.0030921459492888066
0 0.4805315203955501 0.0831787260358689 0.001854140914709518 0.0018552875695732839
0 0.6362793572311496 0.09554730983302412 0.2058096415327565 0.02906617192331478
0 0.15512978986402967 0.08286951144094001 0.003708281829419036 0.004947433518862091
0 0.21631644004944375 0.0847247990105133 0.0173053152039555 0.009894867037724181
0 0.6977750309023486 0.07977736549165121 0.006180469715698393 0.0012368583797155227
0 0.684487021013597 0.08039579468150897 0.01668726823238566 0.0024737167594310453
0 0.8915327564894932 0.0782312925170068 0.001854140914709518 0.0006184291898577613
0 0.8550679851668727 0.07854050711193568 0.004326328800988875 0.0012368583797155227
0 0.48176761433868975 0.07977736549165121 0.0030902348578491965 0.0037105751391465678
0 0.4453028430160692 0.07946815089672232 0.004326328800988875 0.0030921459492888066
0 0.7237330037082819 0.07884972170686456 0.04449938195302843 0.0030921459492888066
0 0.9168726823238567 0.07699443413729128 0.0006180469715698393 0.0006184291898577613
0 0.8133498145859085 0.11626468769325912 0.10259579728059333 0.07915893630179345
0 0.5324474660074165 0.07761286332714905 0.0030902348578491965 0.0018552875695732839
0 0.869592088998764 0.07699443413729128 0.004944375772558714 0.0018552875695732839
0 0.8819530284301607 0.07699443413729128 0.003708281829419036 0.0030921459492888066
0 0.8609394313967862 0.07637600494743352 0.003708281829419036 0.0018552875695732839
0 0.9045117428924598 0.11935683364254793 0.03522867737948084 0.09029066171923315
0 0.5444993819530284 0.07884972170686456 0.004944375772558714 0.00927643784786642
0 0.8223114956736712 0.07297464440321583 0.001854140914709518 0.0012368583797155227
0 0.4446847960444994 0.07452071737786023 0.005562422744128554 0.0055658627087198514
0 0.888442521631644 0.07266542980828695 0.004326328800988875 0.0030921459492888066
0 0.9014215080346106 0.07173778602350031 0.008034610630407911 0.006184291898577613
0 0.8337453646477132 0.06988249845392702 0.006180469715698393 0.0024737167594310453
0 0.8637206427688504 0.06833642547928262 0.001854140914709518 0.0018552875695732839
0 0.8572311495673671 0.07019171304885591 0.00865265760197775 0.006802721088435374
0 0.8983312731767614 0.06740878169449598 0.009270704573547589 0.004947433518862091
0 0.8587762669962917 0.06524427952999381 0.0030902348578491965 0.0018552875695732839
0 0.4953646477132262 0.5034013605442177 0.853522867737948 0.878169449598021
0 0.9048207663782447 0.06246134817563389 0.003708281829419036 0.0024737167594310453
0 0.8952410383189122 0.06215213358070501 0.006798516687268232 0.0030921459492888066
0 0.44252163164400493 0.061224489795918366 0.0012360939431396785 0.0012368583797155227
0 0.8473423980222496 0.0640074211502783 0.014833127317676144 0.011750154607297465
0 0.7682323856613102 0.06184291898577613 0.009888751545117428 0.0074211502782931356
0 0.4558096415327565 0.06493506493506493 0.004326328800988875 0.013605442176870748
0 0.8519777503090235 0.05627705627705628 0.0030902348578491965 0.0024737167594310453
0 0.8875154511742892 0.05102040816326531 0.006180469715698393 0.0030921459492888066
0 0.5522249690976514 0.05844155844155844 0.010506798516687269 0.0191713048855906
0 0.8736093943139679 0.04700061842918986 0.022867737948084055 0.011131725417439703
0 0.8875154511742892 0.04143475572047001 0.003708281829419036 0.0037105751391465678
0 0.5451174289245982 0.042053184910327765 0.004944375772558714 0.004947433518862091
0 0.4894932014833127 0.05256648113790971 0.042027194066749075 0.04823747680890538