0 0.83837890625 0.33740234375 0.0029296875 0.0068359375
0 0.8701171875 0.33984375 0.0078125 0.015625
0 0.888671875 0.333984375 0.005859375 0.005859375
0 0.91259765625 0.31689453125 0.0029296875 0.0068359375
0 0.88818359375 0.31787109375 0.0107421875 0.0107421875
0 0.8994140625 0.30029296875 0.00390625 0.0068359375
0 0.8916015625 0.27978515625 0.00390625 0.0029296875
0 0.845703125 0.28125 0.001953125 0.005859375
0 0.82568359375 0.27490234375 0.0029296875 0.0068359375
0 0.92822265625 0.26220703125 0.0029296875 0.0068359375
0 0.828125 0.25732421875 0.001953125 0.0048828125
0 0.5791015625 0.25048828125 0.00390625 0.0068359375
0 0.82763671875 0.248046875 0.0009765625 0.00390625
0 0.9580078125 0.14794921875 0.0078125 0.0087890625
0 0.22021484375 0.14453125 0.0029296875 0.0078125
0 0.18359375 0.12890625 0.005859375 0.001953125
0 0.177734375 0.111328125 0.00390625 0.00390625
0 0.158203125 0.09521484375 0.009765625 0.0126953125
0 0.86767578125 0.021484375 0.0048828125 0.04296875
0 0.5 0.5 1.0 1.0