0 0.921875 0.195 0.00375 0.0025
0 0.9025 0.195 0.0125 0.0025
0 0.935 0.191875 0.0025 0.00375
0 0.88625 0.18875 0.0125 0.005
0 0.795 0.181875 0.0025 0.00375
0 0.818125 0.178125 0.00375 0.00375
0 0.81125 0.1725 0.0025 0.0025
0 0.621875 0.140625 0.00125 0.00125
0 0.638125 0.115625 0.00375 0.00875
0 0.5725 0.10875 0.0025 0.0025
0 0.578125 0.101875 0.00125 0.00125
0 0.551875 0.10125 0.00375 0.0025
0 0.521875 0.095625 0.00375 0.00875
0 0.551875 0.086875 0.00125 0.00125
0 0.4925 0.075 0.0025 0.01
0 0.390625 0.056875 0.00375 0.00125
0 0.345 0.04 0.0075 0.0025
0 0.326875 0.025 0.01375 0.01
0 0.315 0.015 0.0075 0.0025
0 0.308125 0.009375 0.00125 0.00125
0 0.324375 0.001875 0.00875 0.00375
0 0.311875 0.0025 0.00875 0.005
0 0.5 0.5 1.0 1.0