0 0.00784313725490196 0.6088235294117647 0.00784313725490196 0.0058823529411764705
0 0.024509803921568627 0.6039215686274509 0.0058823529411764705 0.00392156862745098
0 0.049019607843137254 0.5901960784313726 0.00392156862745098 0.00392156862745098
0 0.06372549019607843 0.5813725490196079 0.00196078431372549 0.00196078431372549
0 0.049019607843137254 0.5676470588235294 0.00392156862745098 0.0058823529411764705
0 0.027450980392156862 0.5754901960784313 0.054901960784313725 0.056862745098039215
0 0.018627450980392157 0.5431372549019607 0.0058823529411764705 0.00392156862745098
0 0.8794117647058823 0.4245098039215686 0.0058823529411764705 0.0058823529411764705
0 0.8676470588235294 0.39215686274509803 0.0058823529411764705 0.00784313725490196
0 0.8637254901960785 0.3803921568627451 0.0058823529411764705 0.00784313725490196
0 0.8323529411764706 0.3784313725490196 0.00196078431372549 0.00392156862745098
0 0.9441176470588235 0.41568627450980394 0.11176470588235295 0.10196078431372549
0 0.961764705882353 0.3607843137254902 0.0058823529411764705 0.00392156862745098
0 0.9068627450980392 0.36176470588235293 0.00980392156862745 0.0058823529411764705
0 0.6460784313725491 0.16470588235294117 0.0058823529411764705 0.011764705882352941
0 0.9205882352941176 0.1568627450980392 0.0058823529411764705 0.00392156862745098
0 0.8950980392156863 0.12549019607843137 0.0058823529411764705 0.00784313725490196
0 0.6588235294117647 0.11960784313725491 0.00784313725490196 0.00784313725490196
0 0.6794117647058824 0.11372549019607843 0.0058823529411764705 0.00392156862745098
0 0.6215686274509804 0.10882352941176471 0.00784313725490196 0.0058823529411764705
0 0.9549019607843138 0.13431372549019607 0.09019607843137255 0.060784313725490195
0 0.703921568627451 0.10784313725490197 0.011764705882352941 0.00784313725490196
0 0.7225490196078431 0.10196078431372549 0.0058823529411764705 0.00392156862745098
0 0.6107843137254902 0.10392156862745099 0.00980392156862745 0.00784313725490196
0 0.996078431372549 0.1 0.00784313725490196 0.00392156862745098
0 0.6764705882352942 0.09509803921568627 0.011764705882352941 0.0058823529411764705
0 0.5 0.5441176470588235 1.0 0.9117647058823529
0 0.6901960784313725 0.0892156862745098 0.00784313725490196 0.0058823529411764705
0 0.6656862745098039 0.08627450980392157 0.00980392156862745 0.00392156862745098
0 0.7196078431372549 0.09019607843137255 0.03529411764705882 0.01568627450980392
0 0.7519607843137255 0.0784313725490196 0.00980392156862745 0.00392156862745098
0 0.18529411764705883 0.06568627450980392 0.37058823529411766 0.13137254901960785