0 0.36981757877280264 0.7891949152542372 0.003316749585406302 0.00211864406779661
0 0.4792703150912106 0.7330508474576272 0.006633499170812604 0.00847457627118644
0 0.21475953565505804 0.7319915254237288 0.004975124378109453 0.006355932203389831
0 0.48839137645107794 0.7245762711864406 0.004975124378109453 0.00423728813559322
0 0.4593698175787728 0.8135593220338984 0.19237147595356552 0.2838983050847458
0 0.06467661691542288 0.6567796610169492 0.003316749585406302 0.00423728813559322
0 0.1077943615257048 0.6419491525423728 0.006633499170812604 0.00847457627118644
0 0.09535655058043117 0.6069915254237288 0.008291873963515755 0.01059322033898305
0 0.4975124378109453 0.5985169491525424 0.013266998341625208 0.006355932203389831
0 0.08706467661691543 0.5921610169491526 0.008291873963515755 0.014830508474576272
0 0.09701492537313433 0.5826271186440678 0.004975124378109453 0.00423728813559322
0 0.0812603648424544 0.573093220338983 0.003316749585406302 0.006355932203389831
0 0.06965174129353234 0.5254237288135594 0.003316749585406302 0.00847457627118644
0 0.16334991708126037 0.7478813559322034 0.30016583747927034 0.4533898305084746
0 0.07048092868988391 0.5095338983050848 0.004975124378109453 0.006355932203389831
0 0.06965174129353234 0.4978813559322034 0.003316749585406302 0.00423728813559322
0 0.03565505804311774 0.5021186440677966 0.004975124378109453 0.0211864406779661
0 0.3922056384742952 0.5603813559322034 0.05140961857379768 0.21822033898305085
0 0.04892205638474295 0.4523305084745763 0.001658374792703151 0.00211864406779661
0 0.04560530679933665 0.4449152542372881 0.004975124378109453 0.00847457627118644
0 0.05887230514096186 0.3972457627118644 0.011608623548922056 0.04449152542372881
0 0.7810945273631841 0.635593220338983 0.42454394693200664 0.6271186440677966
0 0.09618573797678276 0.4067796610169492 0.04643449419568822 0.17372881355932204
0 0.46102819237147596 0.3252118644067797 0.026533996683250415 0.04025423728813559
0 0.4593698175787728 0.23940677966101695 0.09618573797678276 0.0211864406779661
0 0.45854063018242125 0.22033898305084745 0.04477611940298507 0.00423728813559322
0 0.175787728026534 0.036016949152542374 0.10281923714759536 0.0211864406779661