0 0.328515625 0.931640625 0.39453125 0.05859375
0 0.319140625 0.721484375 0.01796875 0.01328125
0 0.30625 0.696875 0.0015625 0.00625
0 0.628515625 0.6796875 0.00390625 0.0015625
0 0.6234375 0.67890625 0.003125 0.0015625
0 0.65625 0.6671875 0.0015625 0.0015625
0 0.6546875 0.669921875 0.0125 0.00703125
0 0.625 0.634375 0.003125 0.003125
0 0.626953125 0.63125 0.00234375 0.0015625
0 0.640625 0.626953125 0.0015625 0.00078125
0 0.739453125 0.626171875 0.00078125 0.00078125
0 0.636328125 0.62734375 0.00546875 0.003125
0 0.6359375 0.61875 0.0015625 0.003125
0 0.641015625 0.615625 0.00078125 0.0015625
0 0.3015625 0.615625 0.0015625 0.0046875
0 0.30078125 0.6078125 0.0015625 0.003125
0 0.640234375 0.598046875 0.00078125 0.00078125
0 0.6625 0.60625 0.0078125 0.0265625
0 0.6640625 0.588671875 0.0015625 0.00546875
0 0.659765625 0.587109375 0.00234375 0.00234375
0 0.640234375 0.5859375 0.00078125 0.0015625
0 0.734765625 0.60234375 0.00546875 0.046875
0 0.641796875 0.555859375 0.00390625 0.00234375
0 0.63828125 0.555078125 0.0015625 0.00078125
0 0.50390625 0.593359375 0.0390625 0.08828125
0 0.753515625 0.740234375 0.35859375 0.38515625
0 0.52265625 0.5421875 0.0015625 0.0015625
0 0.3015625 0.544921875 0.0109375 0.02578125
0 0.27890625 0.494921875 0.0265625 0.01953125
0 0.167578125 0.4265625 0.00546875 0.0109375
0 0.172265625 0.418359375 0.00390625 0.00390625
0 0.49453125 0.40234375 0.0015625 0.0015625
0 0.4796875 0.37890625 0.0265625 0.04375
0 0.473828125 0.353125 0.00234375 0.003125
0 0.31015625 0.348046875 0.003125 0.00234375
0 0.3 0.3453125 0.0046875 0.00625
0 0.308984375 0.23828125 0.27578125 0.340625