0 0.3203125 0.90390625 0.0015625 0.0015625
0 0.267578125 0.861328125 0.00078125 0.00078125
0 0.533984375 0.82890625 0.00078125 0.0015625
0 0.2859375 0.8546875 0.05625 0.1015625
0 0.690625 0.72109375 0.0015625 0.0015625
0 0.6234375 0.65859375 0.0015625 0.0015625
0 0.628125 0.641796875 0.0015625 0.00078125
0 0.637109375 0.635546875 0.00078125 0.00078125
0 0.495703125 0.619921875 0.02578125 0.01171875
0 0.671484375 0.6140625 0.00234375 0.0015625
0 0.677734375 0.610546875 0.00078125 0.00078125
0 0.670703125 0.60859375 0.00078125 0.003125
0 0.67734375 0.60546875 0.0015625 0.003125
0 0.651171875 0.60234375 0.00234375 0.0015625
0 0.653515625 0.598828125 0.00078125 0.00078125
0 0.653125 0.5953125 0.0015625 0.0015625
0 0.65078125 0.580859375 0.0015625 0.00078125
0 0.676953125 0.587890625 0.00234375 0.02578125
0 0.676171875 0.56875 0.00078125 0.0015625
0 0.6515625 0.57265625 0.0046875 0.0140625
0 0.646875 0.5640625 0.0015625 0.0015625
0 0.648046875 0.561328125 0.00234375 0.00234375
0 0.648828125 0.558203125 0.00078125 0.00078125
0 0.663671875 0.555859375 0.00078125 0.00234375
0 0.644140625 0.6015625 0.04609375 0.1015625
0 0.64140625 0.5515625 0.0140625 0.009375
0 0.75625 0.73828125 0.36875 0.3953125
0 0.5046875 0.376953125 0.0015625 0.00078125
0 0.3140625 0.323046875 0.0015625 0.00078125
0 0.464453125 0.348828125 0.07265625 0.10234375
0 0.440234375 0.29765625 0.00078125 0.0015625
0 0.38046875 0.29140625 0.0015625 0.0015625
0 0.37421875 0.29140625 0.0015625 0.0015625
0 0.31328125 0.28828125 0.0015625 0.0015625
0 0.482421875 0.236328125 0.00234375 0.00234375
0 0.373828125 0.21640625 0.00234375 0.0015625
0 0.37578125 0.214453125 0.0015625 0.00078125
0 0.368359375 0.211328125 0.00234375 0.00234375
0 0.354296875 0.210546875 0.00078125 0.00078125
0 0.36796875 0.208203125 0.0015625 0.00234375
0 0.37578125 0.205078125 0.009375 0.01484375
0 0.377734375 0.499609375 0.31328125 0.87109375