0 0.213125 0.9995833333333334 0.00125 0.0008333333333333334
0 0.0915625 0.99625 0.016875 0.0075
0 0.239375 0.99125 0.005 0.0025
0 0.27125 0.9745833333333334 0.0025 0.0008333333333333334
0 0.27625 0.9729166666666667 0.005 0.0025
0 0.7953125 0.9695833333333334 0.016875 0.005833333333333334
0 0.2896875 0.96625 0.000625 0.0008333333333333334
0 0.3275 0.9583333333333334 0.00625 0.0033333333333333335
0 0.005 0.9579166666666666 0.01 0.014166666666666666
0 0.1334375 0.9479166666666666 0.000625 0.0008333333333333334
0 0.0159375 0.9495833333333333 0.006875 0.004166666666666667
0 0.1378125 0.9466666666666667 0.001875 0.0016666666666666668
0 0.4078125 0.9408333333333333 0.001875 0.0016666666666666668
0 0.1328125 0.9408333333333333 0.001875 0.0016666666666666668
0 0.443125 0.9370833333333334 0.0025 0.0025
0 0.966875 0.9295833333333333 0.01 0.0025
0 0.9715625 0.9241666666666667 0.005625 0.0016666666666666668
0 0.0309375 0.92375 0.000625 0.0008333333333333334
0 0.960625 0.9179166666666667 0.015 0.005833333333333334
0 0.403125 0.915 0.00375 0.0016666666666666668
0 0.4734375 0.9058333333333334 0.003125 0.0016666666666666668
0 0.03625 0.9016666666666666 0.0025 0.0016666666666666668
0 0.9525 0.89625 0.00625 0.0025
0 0.4334375 0.895 0.001875 0.0016666666666666668
0 0.51 0.8920833333333333 0.00625 0.0025
0 0.496875 0.8904166666666666 0.01125 0.004166666666666667
0 0.525 0.8854166666666666 0.00125 0.0008333333333333334
0 0.2715625 0.8858333333333334 0.006875 0.006666666666666667
0 0.5028125 0.8833333333333333 0.005625 0.0033333333333333335
0 0.5375 0.8804166666666666 0.01375 0.004166666666666667
0 0.2775 0.8791666666666667 0.00375 0.0033333333333333335
0 0.6490625 0.8754166666666666 0.008125 0.0025
0 0.293125 0.8766666666666667 0.0225 0.01
0 0.7678125 0.8716666666666667 0.004375 0.0033333333333333335
0 0.6828125 0.87 0.013125 0.005
0 0.6959375 0.8679166666666667 0.009375 0.0025
0 0.0075 0.8641666666666666 0.00375 0.0016666666666666668
0 0.02125 0.86125 0.00125 0.0008333333333333334
0 0.76375 0.8595833333333334 0.00125 0.0008333333333333334
0 0.1053125 0.8575 0.005625 0.0033333333333333335
0 0.11125 0.8558333333333333 0.00375 0.0016666666666666668
0 0.8025 0.8533333333333334 0.0025 0.0016666666666666668
0 0.109375 0.8525 0.0025 0.0016666666666666668
0 0.2665625 0.8575 0.018125 0.015
0 0.0571875 0.8575 0.063125 0.016666666666666666
0 0.2321875 0.8479166666666667 0.009375 0.0025
0 0.1503125 0.8483333333333334 0.015625 0.005
0 0.0515625 0.8466666666666667 0.001875 0.0016666666666666668
0 0.1209375 0.8475 0.013125 0.005
0 0.03625 0.8458333333333333 0.00625 0.0033333333333333335
0 0.694375 0.8441666666666666 0.00375 0.0016666666666666668
0 0.0065625 0.84625 0.013125 0.0075
0 0.0453125 0.8429166666666666 0.005625 0.0025
0 0.051875 0.8408333333333333 0.00625 0.0033333333333333335
0 0.748125 0.8366666666666667 0.0025 0.0016666666666666668
0 0.745 0.8366666666666667 0.00125 0.0016666666666666668
0 0.9140625 0.8379166666666666 0.029375 0.005833333333333334
0 0.026875 0.83625 0.005 0.0025
0 0.935625 0.8345833333333333 0.0125 0.0025
0 0.0696875 0.8345833333333333 0.003125 0.0025
0 0.196875 0.8366666666666667 0.0475 0.011666666666666667
0 0.7803125 0.82875 0.003125 0.0025
0 0.9746875 0.82875 0.050625 0.005833333333333334
0 0.7634375 0.8270833333333333 0.009375 0.004166666666666667
0 0.000625 0.8258333333333333 0.00125 0.0016666666666666668
0 0.0109375 0.8245833333333333 0.011875 0.0075
0 0.775 0.8216666666666667 0.00375 0.005
0 0.7225 0.8158333333333333 0.0125 0.005
0 0.0059375 0.8170833333333334 0.011875 0.0075
0 0.91875 0.8125 0.0025 0.0016666666666666668
0 0.101875 0.83 0.0575 0.03666666666666667
0 0.0321875 0.8141666666666667 0.016875 0.005
0 0.9728125 0.8129166666666666 0.026875 0.0075
0 0.716875 0.8104166666666667 0.005 0.0025
0 0.9378125 0.81 0.028125 0.005
0 0.2278125 0.80625 0.001875 0.0008333333333333334
0 0.7075 0.80375 0.0075 0.004166666666666667
0 0.8484375 0.8016666666666666 0.001875 0.0016666666666666668
0 0.0409375 0.80125 0.000625 0.0008333333333333334
0 0.864375 0.7991666666666667 0.0025 0.0016666666666666668
0 0.838125 0.8 0.0075 0.005
0 0.1015625 0.80375 0.020625 0.0125
0 0.0328125 0.7975 0.001875 0.0016666666666666668
0 0.8028125 0.7929166666666667 0.003125 0.0008333333333333334
0 0.7628125 0.79375 0.004375 0.0025
0 0.050625 0.7916666666666666 0.0025 0.0016666666666666668
0 0.79 0.7920833333333334 0.01 0.004166666666666667
0 0.06 0.79125 0.005 0.0025
0 0.8596875 0.7895833333333333 0.003125 0.0008333333333333334
0 0.7528125 0.8016666666666666 0.063125 0.025
0 0.7234375 0.7895833333333333 0.000625 0.0008333333333333334
0 0.8453125 0.78875 0.004375 0.004166666666666667
0 0.9703125 0.7870833333333334 0.008125 0.0025
0 0.16375 0.7854166666666667 0.00125 0.0008333333333333334
0 0.0034375 0.7858333333333334 0.006875 0.0033333333333333335
0 0.1684375 0.7841666666666667 0.001875 0.0016666666666666668
0 0.0084375 0.78375 0.000625 0.0008333333333333334
0 0.0071875 0.7820833333333334 0.000625 0.0008333333333333334
0 0.164375 0.7795833333333333 0.00625 0.004166666666666667
0 0.0121875 0.7783333333333333 0.005625 0.0033333333333333335
0 0.1453125 0.7766666666666666 0.004375 0.0016666666666666668
0 0.17 0.77625 0.00375 0.0025
0 0.8278125 0.7729166666666667 0.001875 0.0008333333333333334
0 0.705 0.7729166666666667 0.00125 0.0008333333333333334
0 0.89625 0.7716666666666666 0.005 0.0016666666666666668
0 0.8853125 0.7716666666666666 0.003125 0.0016666666666666668
0 0.84375 0.7720833333333333 0.00375 0.0025
0 0.8365625 0.7716666666666666 0.003125 0.0016666666666666668
0 0.8178125 0.7708333333333334 0.001875 0.0016666666666666668
0 0.7059375 0.7679166666666667 0.000625 0.0008333333333333334
0 0.9175 0.7670833333333333 0.0025 0.0008333333333333334
0 0.7946875 0.7770833333333333 0.030625 0.0225
0 0.90625 0.7654166666666666 0.005 0.0025
0 0.8971875 0.7645833333333333 0.001875 0.0008333333333333334
0 0.868125 0.7645833333333333 0.00375 0.0025
0 0.92625 0.7633333333333333 0.00375 0.0016666666666666668
0 0.8375 0.7633333333333333 0.0025 0.0016666666666666668
0 0.831875 0.76375 0.005 0.0025
0 0.9140625 0.7633333333333333 0.005625 0.0033333333333333335
0 0.8025 0.7620833333333333 0.00125 0.0008333333333333334
0 0.94 0.7616666666666667 0.0025 0.0016666666666666668
0 0.760625 0.7625 0.01375 0.005
0 0.74 0.7620833333333333 0.01 0.004166666666666667
0 0.9934375 0.7595833333333334 0.000625 0.0008333333333333334
0 0.0396875 0.7604166666666666 0.006875 0.004166666666666667
0 0.8721875 0.7583333333333333 0.001875 0.0016666666666666668
0 0.8540625 0.7604166666666666 0.009375 0.005833333333333334
0 0.1965625 0.76375 0.020625 0.0125
0 0.0503125 0.7595833333333334 0.009375 0.004166666666666667
0 0.8759375 0.7575 0.001875 0.0016666666666666668
0 0.821875 0.7625 0.025 0.018333333333333333
0 0.800625 0.75125 0.00375 0.0008333333333333334
0 0.8875 0.7508333333333334 0.0025 0.0016666666666666668
0 0.859375 0.7508333333333334 0.00625 0.0016666666666666668
0 0.1740625 0.7525 0.023125 0.005
0 0.8796875 0.7516666666666667 0.008125 0.005
0 0.8534375 0.75 0.003125 0.0016666666666666668
0 0.9571875 0.74625 0.001875 0.0008333333333333334
0 0.8421875 0.74625 0.001875 0.0008333333333333334
0 0.1121875 0.7454166666666666 0.001875 0.0008333333333333334
0 0.8890625 0.745 0.003125 0.0016666666666666668
0 0.125 0.7445833333333334 0.00125 0.0008333333333333334
0 0.1175 0.7458333333333333 0.0075 0.0033333333333333335
0 0.70375 0.7404166666666666 0.00625 0.0025
0 0.190625 0.7408333333333333 0.00875 0.0033333333333333335
0 0.0675 0.7404166666666666 0.00625 0.0025
0 0.8896875 0.7379166666666667 0.003125 0.0025
0 0.2278125 0.7375 0.001875 0.0016666666666666668
0 0.075625 0.7379166666666667 0.00625 0.0025
0 0.9753125 0.74125 0.033125 0.010833333333333334
0 0.8703125 0.73625 0.000625 0.0008333333333333334
0 0.7153125 0.7383333333333333 0.013125 0.005
0 0.0984375 0.73625 0.003125 0.0008333333333333334
0 0.743125 0.7354166666666667 0.00125 0.0008333333333333334
0 0.193125 0.7345833333333334 0.0025 0.0008333333333333334
0 0.23625 0.7320833333333333 0.0025 0.0025
0 0.155 0.7325 0.01125 0.0033333333333333335
0 0.0903125 0.7329166666666667 0.011875 0.004166666666666667
0 0.7309375 0.7320833333333333 0.006875 0.004166666666666667
0 0.7634375 0.7341666666666666 0.023125 0.011666666666666667
0 0.1121875 0.7266666666666667 0.004375 0.0016666666666666668
0 0.899375 0.7304166666666667 0.0225 0.010833333333333334
0 0.1034375 0.7258333333333333 0.003125 0.0033333333333333335
0 0.9565625 0.72375 0.000625 0.0008333333333333334
0 0.9028125 0.7229166666666667 0.001875 0.0008333333333333334
0 0.8946875 0.7225 0.003125 0.0016666666666666668
0 0.1084375 0.7220833333333333 0.000625 0.0008333333333333334
0 0.044375 0.7229166666666667 0.00375 0.0025
0 0.7675 0.72 0.00125 0.0016666666666666668
0 0.91625 0.7195833333333334 0.005 0.0025
0 0.0346875 0.7204166666666667 0.019375 0.005833333333333334
0 0.0521875 0.7179166666666666 0.013125 0.005833333333333334
0 0.0715625 0.7116666666666667 0.005625 0.0033333333333333335
0 0.775 0.7091666666666666 0.0025 0.0016666666666666668
0 0.0784375 0.7075 0.004375 0.0033333333333333335
0 0.21 0.6941666666666667 0.0075 0.005
0 0.131875 0.6920833333333334 0.00125 0.0008333333333333334
0 0.1359375 0.69125 0.000625 0.0008333333333333334
0 0.99125 0.68875 0.00125 0.0008333333333333334
0 0.214375 0.6891666666666667 0.0025 0.0016666666666666668
0 0.19375 0.6995833333333333 0.02625 0.024166666666666666
0 0.1865625 0.6879166666666666 0.004375 0.0025
0 0.163125 0.6854166666666667 0.00375 0.0025
0 0.1959375 0.6833333333333333 0.004375 0.0016666666666666668
0 0.5 0.44083333333333335 1.0 0.8816666666666667