0 0.006862745098039216 0.6098039215686275 0.013725490196078431 0.00392156862745098
0 0.05392156862745098 0.5990196078431372 0.013725490196078431 0.0058823529411764705
0 0.06568627450980392 0.5872549019607843 0.0058823529411764705 0.013725490196078431
0 0.021568627450980392 0.5754901960784313 0.043137254901960784 0.052941176470588235
0 0.0392156862745098 0.546078431372549 0.01568627450980392 0.0058823529411764705
0 0.9941176470588236 0.3735294117647059 0.011764705882352941 0.0058823529411764705
0 0.9450980392156862 0.41274509803921566 0.10980392156862745 0.11568627450980393
0 0.846078431372549 0.34215686274509804 0.029411764705882353 0.0058823529411764705
0 0.8911764705882353 0.14411764705882352 0.00196078431372549 0.00196078431372549
0 0.6245098039215686 0.11274509803921569 0.0058823529411764705 0.0058823529411764705
0 0.9549019607843138 0.13333333333333333 0.09019607843137255 0.058823529411764705
0 0.6098039215686275 0.10098039215686275 0.00784313725490196 0.013725490196078431
0 0.5 0.5450980392156862 1.0 0.9098039215686274
0 0.6666666666666666 0.08627450980392157 0.011764705882352941 0.00392156862745098
0 0.7196078431372549 0.08823529411764706 0.03137254901960784 0.011764705882352941
0 0.75 0.07745098039215687 0.00196078431372549 0.00196078431372549
0 0.3784313725490196 0.00196078431372549 0.00392156862745098 0.00392156862745098
0 0.18529411764705883 0.06568627450980392 0.37058823529411766 0.13137254901960785