0 0.6248484848484849 0.8487878787878788 0.01090909090909091 0.016363636363636365
0 0.6112121212121212 0.8487878787878788 0.015151515151515152 0.016363636363636365
0 0.5987878787878788 0.8487878787878788 0.013333333333333334 0.016363636363636365
0 0.5860606060606061 0.8487878787878788 0.01090909090909091 0.016363636363636365
0 0.5724242424242424 0.8487878787878788 0.011515151515151515 0.016363636363636365
0 0.5551515151515152 0.8487878787878788 0.009696969696969697 0.016363636363636365
0 0.5418181818181819 0.8487878787878788 0.014545454545454545 0.016363636363636365
0 0.49787878787878787 0.8487878787878788 0.012727272727272728 0.016363636363636365
0 0.48363636363636364 0.8487878787878788 0.013333333333333334 0.016363636363636365
0 0.5242424242424243 0.8487878787878788 0.02303030303030303 0.017575757575757574
0 0.5084848484848485 0.8460606060606061 0.0048484848484848485 0.02181818181818182
0 0.44696969696969696 0.8290909090909091 0.0030303030303030303 0.0024242424242424242
0 0.44515151515151513 0.826969696969697 0.0006060606060606061 0.0006060606060606061
0 0.45454545454545453 0.8275757575757576 0.0048484848484848485 0.004242424242424243
0 0.466969696969697 0.8257575757575758 0.0030303030303030303 0.0018181818181818182
0 0.43727272727272726 0.8263636363636364 0.006666666666666667 0.0030303030303030303
0 0.44757575757575757 0.8227272727272728 0.0030303030303030303 0.0018181818181818182
0 0.43424242424242426 0.8218181818181818 0.0030303030303030303 0.0024242424242424242
0 0.4224242424242424 0.8212121212121212 0.0036363636363636364 0.0036363636363636364
0 0.49303030303030304 0.8190909090909091 0.006666666666666667 0.0030303030303030303
0 0.4163636363636364 0.816969696969697 0.0012121212121212121 0.0012121212121212121
0 0.4315151515151515 0.8175757575757576 0.0036363636363636364 0.0036363636363636364
0 0.5036363636363637 0.816060606060606 0.0024242424242424242 0.0018181818181818182
0 0.49 0.8145454545454546 0.0018181818181818182 0.0012121212121212121
0 0.4215151515151515 0.8145454545454546 0.0018181818181818182 0.0024242424242424242
0 0.5154545454545455 0.8124242424242424 0.005454545454545455 0.0030303030303030303
0 0.41424242424242425 0.8103030303030303 0.0030303030303030303 0.0024242424242424242
0 0.5133333333333333 0.8087878787878788 0.0012121212121212121 0.0006060606060606061
0 0.49575757575757573 0.8106060606060606 0.0048484848484848485 0.004242424242424243
0 0.52 0.8087878787878788 0.01090909090909091 0.005454545454545455
0 0.5042424242424243 0.8078787878787879 0.009696969696969697 0.008484848484848486
0 0.40606060606060607 0.8009090909090909 0.0012121212121212121 0.0018181818181818182
0 0.5145454545454545 0.8018181818181818 0.007272727272727273 0.006060606060606061
0 0.4984848484848485 0.7990909090909091 0.0018181818181818182 0.0018181818181818182
0 0.4015151515151515 0.793939393939394 0.0018181818181818182 0.0024242424242424242
0 0.5236363636363637 0.7948484848484848 0.013333333333333334 0.005454545454545455
0 0.5427272727272727 0.7915151515151515 0.00787878787878788 0.0036363636363636364
0 0.47363636363636363 0.8021212121212121 0.028484848484848484 0.02484848484848485
0 0.3996969696969697 0.7896969696969697 0.0018181818181818182 0.0036363636363636364
0 0.5387878787878788 0.7854545454545454 0.0036363636363636364 0.0024242424242424242
0 0.49333333333333335 0.7839393939393939 0.0012121212121212121 0.0006060606060606061
0 0.39666666666666667 0.7839393939393939 0.0030303030303030303 0.004242424242424243
0 0.3975757575757576 0.7781818181818182 0.007272727272727273 0.006060606060606061
0 0.5587878787878788 0.7736363636363637 0.006060606060606061 0.005454545454545455
0 0.546969696969697 0.7718181818181818 0.006666666666666667 0.004242424242424243
0 0.4009090909090909 0.7709090909090909 0.0018181818181818182 0.0024242424242424242
0 0.3936363636363636 0.77 0.0030303030303030303 0.0030303030303030303
0 0.39666666666666667 0.7678787878787878 0.0018181818181818182 0.0012121212121212121
0 0.5584848484848485 0.7651515151515151 0.0030303030303030303 0.0018181818181818182
0 0.5666666666666667 0.7606060606060606 0.0036363636363636364 0.0024242424242424242
0 0.39666666666666667 0.7606060606060606 0.0018181818181818182 0.0024242424242424242
0 0.403030303030303 0.7596969696969696 0.0048484848484848485 0.0030303030303030303
0 0.5636363636363636 0.7575757575757576 0.0024242424242424242 0.0012121212121212121
0 0.566969696969697 0.7560606060606061 0.004242424242424243 0.0030303030303030303
0 0.3972727272727273 0.7560606060606061 0.0030303030303030303 0.0030303030303030303
0 0.5645454545454546 0.7533333333333333 0.0006060606060606061 0.0012121212121212121
0 0.4009090909090909 0.7533333333333333 0.0018181818181818182 0.0024242424242424242
0 0.40393939393939393 0.75 0.0030303030303030303 0.0030303030303030303
0 0.4081818181818182 0.7509090909090909 0.006666666666666667 0.01090909090909091
0 0.4118181818181818 0.7433333333333333 0.0030303030303030303 0.004242424242424243
0 0.5654545454545454 0.740909090909091 0.0024242424242424242 0.0018181818181818182
0 0.4009090909090909 0.7396969696969697 0.00909090909090909 0.00787878787878788
0 0.42454545454545456 0.7357575757575757 0.0018181818181818182 0.0012121212121212121
0 0.4206060606060606 0.7357575757575757 0.0048484848484848485 0.0036363636363636364
0 0.4296969696969697 0.7345454545454545 0.0024242424242424242 0.0024242424242424242
0 0.4087878787878788 0.7333333333333333 0.011515151515151515 0.01090909090909091
0 0.43303030303030304 0.7269696969696969 0.0006060606060606061 0.0006060606060606061
0 0.43 0.7275757575757575 0.0030303030303030303 0.0030303030303030303
0 0.4381818181818182 0.7275757575757575 0.0048484848484848485 0.004242424242424243
0 0.44727272727272727 0.7260606060606061 0.0024242424242424242 0.0024242424242424242
0 0.4212121212121212 0.7248484848484849 0.007272727272727273 0.0036363636363636364
0 0.4121212121212121 0.7233333333333334 0.0036363636363636364 0.004242424242424243
0 0.41909090909090907 0.7206060606060606 0.0018181818181818182 0.0012121212121212121
0 0.45181818181818184 0.7196969696969697 0.0018181818181818182 0.0018181818181818182
0 0.4412121212121212 0.7187878787878788 0.0024242424242424242 0.0036363636363636364
0 0.43454545454545457 0.7166666666666667 0.0012121212121212121 0.0018181818181818182
0 0.4303030303030303 0.7178787878787879 0.0036363636363636364 0.004242424242424243
0 0.45636363636363636 0.7154545454545455 0.0012121212121212121 0.0006060606060606061
0 0.44212121212121214 0.7148484848484848 0.0006060606060606061 0.0006060606060606061
0 0.4163636363636364 0.7145454545454546 0.0012121212121212121 0.0012121212121212121
0 0.4587878787878788 0.7136363636363636 0.0012121212121212121 0.0006060606060606061
0 0.4636363636363636 0.7115151515151515 0.0024242424242424242 0.0012121212121212121
0 0.4527272727272727 0.7121212121212122 0.0036363636363636364 0.0036363636363636364
0 0.42848484848484847 0.7103030303030303 0.0024242424242424242 0.0024242424242424242
0 0.43606060606060604 0.7109090909090909 0.0030303030303030303 0.006060606060606061
0 0.48424242424242425 0.7651515151515151 0.15151515151515152 0.11818181818181818
0 0.4403030303030303 0.7072727272727273 0.0018181818181818182 0.0024242424242424242
0 0.4527272727272727 0.6687878787878788 0.0012121212121212121 0.0018181818181818182
0 0.5293939393939394 0.649090909090909 0.013939393939393939 0.01575757575757576
0 0.526060606060606 0.6445454545454545 0.009696969696969697 0.017575757575757574
0 0.4509090909090909 0.6427272727272727 0.019393939393939394 0.022424242424242423
0 0.4693939393939394 0.6260606060606061 0.016363636363636365 0.014545454545454545
0 0.5239393939393939 0.6027272727272728 0.0030303030303030303 0.0018181818181818182
0 0.5315151515151515 0.6036363636363636 0.014545454545454545 0.012121212121212121
0 0.5348484848484848 0.5972727272727273 0.0006060606060606061 0.0006060606060606061
0 0.5366666666666666 0.5960606060606061 0.0018181818181818182 0.0018181818181818182
0 0.5033333333333333 0.5948484848484848 0.0006060606060606061 0.0006060606060606061
0 0.5224242424242425 0.5857575757575758 0.0012121212121212121 0.0018181818181818182
0 0.5357575757575758 0.5836363636363636 0.0012121212121212121 0.0012121212121212121
0 0.48787878787878786 0.5881818181818181 0.007272727272727273 0.010303030303030303
0 0.5151515151515151 0.583939393939394 0.0024242424242424242 0.004242424242424243
0 0.5078787878787879 0.5815151515151515 0.0012121212121212121 0.0006060606060606061
0 0.5351515151515152 0.5815151515151515 0.0024242424242424242 0.0018181818181818182
0 0.47909090909090907 0.5812121212121212 0.0018181818181818182 0.0012121212121212121
0 0.5139393939393939 0.5806060606060606 0.0024242424242424242 0.0024242424242424242
0 0.5106060606060606 0.5778787878787879 0.0006060606060606061 0.0006060606060606061
0 0.526969696969697 0.5778787878787879 0.0006060606060606061 0.0018181818181818182
0 0.5233333333333333 0.5812121212121212 0.004242424242424243 0.008484848484848486
0 0.5321212121212121 0.5775757575757576 0.0024242424242424242 0.0048484848484848485
0 0.5203030303030303 0.5757575757575758 0.0018181818181818182 0.0012121212121212121
0 0.5354545454545454 0.5757575757575758 0.0018181818181818182 0.0024242424242424242
0 0.5242424242424243 0.573939393939394 0.0012121212121212121 0.0012121212121212121
0 0.5136363636363637 0.5745454545454546 0.006666666666666667 0.0024242424242424242
0 0.5184848484848484 0.5736363636363636 0.0018181818181818182 0.0018181818181818182
0 0.43272727272727274 0.5751515151515152 0.0024242424242424242 0.0048484848484848485
0 0.42848484848484847 0.573939393939394 0.0036363636363636364 0.0024242424242424242
0 0.44393939393939397 0.5742424242424242 0.0006060606060606061 0.004242424242424243
0 0.46454545454545454 0.5712121212121212 0.0006060606060606061 0.0006060606060606061
0 0.5306060606060606 0.573030303030303 0.005454545454545455 0.005454545454545455
0 0.4603030303030303 0.5709090909090909 0.0006060606060606061 0.0012121212121212121
0 0.4703030303030303 0.5706060606060606 0.0024242424242424242 0.0030303030303030303
0 0.5275757575757576 0.5687878787878788 0.0006060606060606061 0.0006060606060606061
0 0.5309090909090909 0.5687878787878788 0.0012121212121212121 0.0018181818181818182
0 0.5006060606060606 0.5687878787878788 0.0012121212121212121 0.0018181818181818182
0 0.45696969696969697 0.5681818181818182 0.0012121212121212121 0.0006060606060606061
0 0.5342424242424243 0.5675757575757576 0.0018181818181818182 0.0018181818181818182
0 0.476969696969697 0.5672727272727273 0.0024242424242424242 0.0012121212121212121
0 0.4675757575757576 0.5672727272727273 0.0018181818181818182 0.0024242424242424242
0 0.45484848484848484 0.5666666666666667 0.0018181818181818182 0.0012121212121212121
0 0.5345454545454545 0.5648484848484848 0.0012121212121212121 0.0012121212121212121
0 0.4987878787878788 0.5648484848484848 0.0012121212121212121 0.0024242424242424242
0 0.5124242424242424 0.5636363636363636 0.0018181818181818182 0.0012121212121212121
0 0.473030303030303 0.6360606060606061 0.11212121212121212 0.14606060606060606
0 0.4821212121212121 0.5648484848484848 0.005454545454545455 0.0048484848484848485
0 0.4393939393939394 0.5487878787878788 0.0024242424242424242 0.0030303030303030303
0 0.5330303030303031 0.543939393939394 0.0018181818181818182 0.0030303030303030303
0 0.4387878787878788 0.5406060606060606 0.0012121212121212121 0.0012121212121212121
0 0.5275757575757576 0.5387878787878788 0.010303030303030303 0.006060606060606061
0 0.4381818181818182 0.5354545454545454 0.0012121212121212121 0.0018181818181818182
0 0.5045454545454545 0.5357575757575758 0.0018181818181818182 0.0036363636363636364
0 0.43757575757575756 0.5290909090909091 0.0012121212121212121 0.0012121212121212121
0 0.45454545454545453 0.5242424242424243 0.0012121212121212121 0.0012121212121212121
0 0.516969696969697 0.5236363636363637 0.0012121212121212121 0.0012121212121212121
0 0.5306060606060606 0.5233333333333333 0.0018181818181818182 0.0018181818181818182
0 0.45181818181818184 0.52 0.004242424242424243 0.0036363636363636364
0 0.4412121212121212 0.5178787878787878 0.0012121212121212121 0.0006060606060606061
0 0.4690909090909091 0.5172727272727272 0.0012121212121212121 0.0006060606060606061
0 0.44393939393939397 0.5142424242424243 0.004242424242424243 0.004242424242424243
0 0.4718181818181818 0.5124242424242424 0.0030303030303030303 0.00909090909090909
0 0.5145454545454545 0.5048484848484849 0.006060606060606061 0.0024242424242424242
0 0.5075757575757576 0.5081818181818182 0.04909090909090909 0.00909090909090909
0 0.48303030303030303 0.5466666666666666 0.0993939393939394 0.08606060606060606
0 0.519090909090909 0.5042424242424243 0.0030303030303030303 0.0024242424242424242
0 0.5266666666666666 0.5054545454545455 0.009696969696969697 0.006060606060606061
0 0.5306060606060606 0.5015151515151515 0.0018181818181818182 0.0006060606060606061
0 0.4539393939393939 0.503030303030303 0.007272727272727273 0.0048484848484848485
0 0.44757575757575757 0.5018181818181818 0.0018181818181818182 0.0024242424242424242
0 0.45484848484848484 0.49787878787878787 0.0018181818181818182 0.0030303030303030303
0 0.4533333333333333 0.49424242424242426 0.0012121212121212121 0.0018181818181818182
0 0.5072727272727273 0.4921212121212121 0.0012121212121212121 0.0012121212121212121
0 0.5003030303030302 0.49636363636363634 0.026060606060606062 0.012121212121212121
0 0.5281818181818182 0.4915151515151515 0.004242424242424243 0.0036363636363636364
0 0.519090909090909 0.49424242424242426 0.026060606060606062 0.011515151515151515
0 0.5027272727272727 0.4893939393939394 0.0030303030303030303 0.0030303030303030303
0 0.46454545454545454 0.48818181818181816 0.0006060606060606061 0.0006060606060606061
0 0.49757575757575756 0.4866666666666667 0.0024242424242424242 0.0012121212121212121
0 0.4766666666666667 0.4909090909090909 0.011515151515151515 0.009696969696969697
0 0.509090909090909 0.486969696969697 0.0048484848484848485 0.0030303030303030303
0 0.5003030303030302 0.48484848484848486 0.0018181818181818182 0.0012121212121212121
0 0.49424242424242426 0.48545454545454547 0.0030303030303030303 0.0024242424242424242
0 0.4693939393939394 0.49393939393939396 0.03333333333333333 0.020606060606060607
0 0.5187878787878788 0.48545454545454547 0.007272727272727273 0.0048484848484848485
0 0.48878787878787877 0.48454545454545456 0.004242424242424243 0.0030303030303030303
0 0.5248484848484849 0.48454545454545456 0.006060606060606061 0.004242424242424243
0 0.5306060606060606 0.4827272727272727 0.0006060606060606061 0.0018181818181818182
0 0.519090909090909 0.4821212121212121 0.0030303030303030303 0.0018181818181818182
0 0.49787878787878787 0.4809090909090909 0.0006060606060606061 0.0006060606060606061
0 0.5093939393939394 0.4821212121212121 0.004242424242424243 0.004242424242424243
0 0.5263636363636364 0.47909090909090907 0.0006060606060606061 0.0006060606060606061
0 0.5181818181818182 0.4793939393939394 0.0012121212121212121 0.0012121212121212121
0 0.4860606060606061 0.47909090909090907 0.0024242424242424242 0.0018181818181818182
0 0.48787878787878786 0.4766666666666667 0.0024242424242424242 0.0018181818181818182
0 0.5209090909090909 0.476969696969697 0.0030303030303030303 0.0036363636363636364
0 0.5051515151515151 0.47575757575757577 0.0018181818181818182 0.0012121212121212121
0 0.4996969696969697 0.47545454545454546 0.0006060606060606061 0.0006060606060606061
0 0.49666666666666665 0.47545454545454546 0.0006060606060606061 0.0006060606060606061
0 0.4915151515151515 0.4763636363636364 0.0048484848484848485 0.006060606060606061
0 0.5233333333333333 0.47454545454545455 0.0030303030303030303 0.0036363636363636364
0 0.5142424242424243 0.4727272727272727 0.0018181818181818182 0.0012121212121212121
0 0.5221212121212121 0.4706060606060606 0.0018181818181818182 0.0006060606060606061
0 0.5163636363636364 0.4678787878787879 0.0012121212121212121 0.0012121212121212121
0 0.5221212121212121 0.46484848484848484 0.0018181818181818182 0.0012121212121212121
0 0.509090909090909 0.46484848484848484 0.019393939393939394 0.0048484848484848485
0 0.49575757575757573 0.4681818181818182 0.02666666666666667 0.012727272727272728
0 0.4803030303030303 0.4621212121212121 0.0006060606060606061 0.0006060606060606061
0 0.4903030303030303 0.4618181818181818 0.0012121212121212121 0.0012121212121212121
0 0.47484848484848485 0.4678787878787879 0.026060606060606062 0.014545454545454545
0 0.476969696969697 0.46090909090909093 0.0024242424242424242 0.0018181818181818182
0 0.5206060606060606 0.46060606060606063 0.0036363636363636364 0.0036363636363636364
0 0.5096969696969696 0.4587878787878788 0.01090909090909091 0.0024242424242424242
0 0.49303030303030304 0.4587878787878788 0.00787878787878788 0.0024242424242424242
0 0.5012121212121212 0.4572727272727273 0.0012121212121212121 0.0006060606060606061
0 0.49575757575757573 0.45606060606060606 0.0012121212121212121 0.0006060606060606061
0 0.47424242424242424 0.4542424242424242 0.0006060606060606061 0.0006060606060606061
0 0.5124242424242424 0.4536363636363636 0.006666666666666667 0.0018181818181818182
0 0.5275757575757576 0.45151515151515154 0.0006060606060606061 0.0012121212121212121
0 0.526060606060606 0.45696969696969697 0.008484848484848486 0.014545454545454545
0 0.5124242424242424 0.4493939393939394 0.0018181818181818182 0.0006060606060606061
0 0.4909090909090909 0.45 0.01818181818181818 0.004242424242424243
0 0.4803030303030303 0.4487878787878788 0.00787878787878788 0.0030303030303030303
0 0.49333333333333335 0.44606060606060605 0.013333333333333334 0.0024242424242424242
0 0.5206060606060606 0.4448484848484848 0.0024242424242424242 0.0024242424242424242
0 0.49333333333333335 0.4412121212121212 0.024242424242424242 0.0048484848484848485
0 0.4906060606060606 0.43696969696969695 0.0018181818181818182 0.0024242424242424242
0 0.5081818181818182 0.44 0.023636363636363636 0.027878787878787878
0 0.5166666666666667 0.43363636363636365 0.022424242424242423 0.017575757575757574
0 0.48393939393939395 0.15848484848484848 0.25515151515151513 0.20787878787878789