0 0.24930555555555556 0.9756944444444444 0.09861111111111111 0.009722222222222222
0 0.1638888888888889 0.9263888888888889 0.005555555555555556 0.005555555555555556
0 0.3347222222222222 0.9145833333333333 0.002777777777777778 0.001388888888888889
0 0.15625 0.9090277777777778 0.006944444444444444 0.0125
0 0.33402777777777776 0.8958333333333334 0.004166666666666667 0.002777777777777778
0 0.26805555555555555 0.8923611111111112 0.013888888888888888 0.015277777777777777
0 0.15 0.8854166666666666 0.011111111111111112 0.018055555555555554
0 0.26805555555555555 0.8736111111111111 0.013888888888888888 0.016666666666666666
0 0.13958333333333334 0.8611111111111112 0.009722222222222222 0.016666666666666666
0 0.26875 0.8548611111111111 0.015277777777777777 0.018055555555555554
0 0.26875 0.8361111111111111 0.015277777777777777 0.016666666666666666
0 0.15138888888888888 0.8270833333333333 0.002777777777777778 0.001388888888888889
0 0.6069444444444444 0.8201388888888889 0.002777777777777778 0.001388888888888889
0 0.6006944444444444 0.8201388888888889 0.001388888888888889 0.001388888888888889
0 0.1361111111111111 0.8166666666666667 0.002777777777777778 0.002777777777777778
0 0.21805555555555556 0.8034722222222223 0.002777777777777778 0.001388888888888889
0 0.13333333333333333 0.8020833333333334 0.002777777777777778 0.001388888888888889
0 0.13055555555555556 0.8256944444444444 0.027777777777777776 0.05416666666666667
0 0.7451388888888889 0.7965277777777777 0.001388888888888889 0.001388888888888889
0 0.12708333333333333 0.7923611111111111 0.001388888888888889 0.001388888888888889
0 0.38125 0.7902777777777777 0.006944444444444444 0.002777777777777778
0 0.8736111111111111 0.7881944444444444 0.011111111111111112 0.006944444444444444
0 0.8055555555555556 0.7868055555555555 0.005555555555555556 0.004166666666666667
0 0.14930555555555555 0.7861111111111111 0.004166666666666667 0.002777777777777778
0 0.8284722222222223 0.7784722222222222 0.001388888888888889 0.001388888888888889
0 0.7993055555555556 0.7784722222222222 0.001388888888888889 0.001388888888888889
0 0.8166666666666667 0.7770833333333333 0.002777777777777778 0.001388888888888889
0 0.9118055555555555 0.7618055555555555 0.001388888888888889 0.001388888888888889
0 0.8979166666666667 0.7618055555555555 0.001388888888888889 0.001388888888888889
0 0.6326388888888889 0.7652777777777777 0.07916666666666666 0.022222222222222223
0 0.8652777777777778 0.7506944444444444 0.005555555555555556 0.004166666666666667
0 0.7576388888888889 0.74375 0.001388888888888889 0.001388888888888889
0 0.8756944444444444 0.7444444444444445 0.0125 0.008333333333333333
0 0.8875 0.7381944444444445 0.002777777777777778 0.001388888888888889
0 0.17222222222222222 0.7395833333333334 0.019444444444444445 0.004166666666666667
0 0.5354166666666667 0.7833333333333333 0.05138888888888889 0.09444444444444444
0 0.8854166666666666 0.7326388888888888 0.004166666666666667 0.004166666666666667
0 0.5590277777777778 0.7486111111111111 0.034722222222222224 0.03611111111111111
0 0.2388888888888889 0.7319444444444444 0.002777777777777778 0.002777777777777778
0 0.7569444444444444 0.7319444444444444 0.011111111111111112 0.019444444444444445
0 0.6472222222222223 0.7340277777777777 0.10555555555555556 0.02361111111111111
0 0.3277777777777778 0.7166666666666667 0.016666666666666666 0.005555555555555556
0 0.1451388888888889 0.7166666666666667 0.03194444444444444 0.005555555555555556
0 0.2590277777777778 0.7111111111111111 0.018055555555555554 0.03333333333333333
0 0.6729166666666667 0.7013888888888888 0.15416666666666667 0.030555555555555555
0 0.7034722222222223 0.6770833333333334 0.09305555555555556 0.02361111111111111
0 0.36527777777777776 0.6659722222222222 0.016666666666666666 0.004166666666666667
0 0.6958333333333333 0.6645833333333333 0.005555555555555556 0.004166666666666667
0 0.2569444444444444 0.6680555555555555 0.016666666666666666 0.011111111111111112
0 0.6236111111111111 0.675 0.05555555555555555 0.027777777777777776
0 0.13055555555555556 0.6541666666666667 0.005555555555555556 0.002777777777777778
0 0.5125 0.6513888888888889 0.005555555555555556 0.005555555555555556
0 0.6194444444444445 0.61875 0.044444444444444446 0.04861111111111111
0 0.8979166666666667 0.5895833333333333 0.004166666666666667 0.001388888888888889
0 0.2534722222222222 0.6131944444444445 0.020833333333333332 0.05416666666666667
0 0.25069444444444444 0.5763888888888888 0.018055555555555554 0.019444444444444445
0 0.24861111111111112 0.5465277777777777 0.019444444444444445 0.0375
0 0.24513888888888888 0.5159722222222223 0.018055555555555554 0.018055555555555554
0 0.6923611111111111 0.5152777777777777 0.04583333333333333 0.022222222222222223
0 0.6340277777777777 0.5138888888888888 0.06805555555555555 0.022222222222222223
0 0.14930555555555555 0.49930555555555556 0.004166666666666667 0.001388888888888889
0 0.24305555555555555 0.49444444444444446 0.013888888888888888 0.008333333333333333
0 0.5215277777777778 0.47291666666666665 0.001388888888888889 0.001388888888888889
0 0.11805555555555555 0.48541666666666666 0.058333333333333334 0.02638888888888889
0 0.09722222222222222 0.6305555555555555 0.07222222222222222 0.3388888888888889
0 0.23958333333333334 0.45416666666666666 0.015277777777777777 0.016666666666666666
0 0.10833333333333334 0.43819444444444444 0.002777777777777778 0.004166666666666667
0 0.2388888888888889 0.43333333333333335 0.013888888888888888 0.008333333333333333
0 0.8979166666666667 0.42291666666666666 0.006944444444444444 0.006944444444444444
0 0.11805555555555555 0.4284722222222222 0.013888888888888888 0.018055555555555554
0 0.09791666666666667 0.4354166666666667 0.020833333333333332 0.043055555555555555
0 0.12916666666666668 0.4125 0.005555555555555556 0.008333333333333333
0 0.2375 0.4131944444444444 0.016666666666666666 0.018055555555555554
0 0.06527777777777778 0.43194444444444446 0.016666666666666666 0.07777777777777778
0 0.5284722222222222 0.3909722222222222 0.001388888888888889 0.001388888888888889
0 0.23333333333333334 0.39444444444444443 0.005555555555555556 0.013888888888888888
0 0.8659722222222223 0.3909722222222222 0.04027777777777778 0.009722222222222222
0 0.3576388888888889 0.38958333333333334 0.0125 0.006944444444444444
0 0.11666666666666667 0.39652777777777776 0.019444444444444445 0.029166666666666667
0 0.07569444444444444 0.37916666666666665 0.001388888888888889 0.002777777777777778
0 0.7125 0.38055555555555554 0.027777777777777776 0.008333333333333333
0 0.3298611111111111 0.37777777777777777 0.004166666666666667 0.005555555555555556
0 0.6263888888888889 0.38333333333333336 0.041666666666666664 0.022222222222222223
0 0.8604166666666667 0.3590277777777778 0.015277777777777777 0.02361111111111111
0 0.7861111111111111 0.35138888888888886 0.07222222222222222 0.013888888888888888
0 0.11666666666666667 0.3388888888888889 0.002777777777777778 0.002777777777777778
0 0.23194444444444445 0.3541666666666667 0.016666666666666666 0.058333333333333334
0 0.8430555555555556 0.3298611111111111 0.03611111111111111 0.020833333333333332
0 0.1875 0.2986111111111111 0.005555555555555556 0.008333333333333333
0 0.675 0.29930555555555555 0.08055555555555556 0.015277777777777777
0 0.8618055555555556 0.2861111111111111 0.004166666666666667 0.011111111111111112
0 0.58125 0.27847222222222223 0.001388888888888889 0.001388888888888889
0 0.6020833333333333 0.27708333333333335 0.001388888888888889 0.001388888888888889
0 0.2125 0.28055555555555556 0.013888888888888888 0.011111111111111112
0 0.5722222222222222 0.2722222222222222 0.002777777777777778 0.002777777777777778
0 0.8451388888888889 0.2701388888888889 0.001388888888888889 0.001388888888888889
0 0.10972222222222222 0.32916666666666666 0.05277777777777778 0.11944444444444445
0 0.2152777777777778 0.26458333333333334 0.008333333333333333 0.004166666666666667
0 0.12222222222222222 0.2673611111111111 0.005555555555555556 0.02361111111111111
0 0.4847222222222222 0.25416666666666665 0.002777777777777778 0.005555555555555556
0 0.2604166666666667 0.2534722222222222 0.0125 0.009722222222222222
0 0.12013888888888889 0.25277777777777777 0.006944444444444444 0.016666666666666666
0 0.25069444444444444 0.24375 0.015277777777777777 0.009722222222222222
0 0.51875 0.23194444444444445 0.001388888888888889 0.002777777777777778
0 0.47847222222222224 0.23125 0.001388888888888889 0.001388888888888889
0 0.8909722222222223 0.23541666666666666 0.004166666666666667 0.015277777777777777
0 0.5152777777777777 0.22430555555555556 0.002777777777777778 0.004166666666666667
0 0.24513888888888888 0.22013888888888888 0.001388888888888889 0.001388888888888889
0 0.15625 0.22083333333333333 0.001388888888888889 0.002777777777777778
0 0.8666666666666667 0.21805555555555556 0.002777777777777778 0.005555555555555556
0 0.4791666666666667 0.21319444444444444 0.002777777777777778 0.004166666666666667
0 0.2520833333333333 0.21944444444444444 0.006944444444444444 0.016666666666666666
0 0.5805555555555556 0.20833333333333334 0.002777777777777778 0.002777777777777778
0 0.7201388888888889 0.20833333333333334 0.006944444444444444 0.005555555555555556
0 0.13125 0.2298611111111111 0.0125 0.04861111111111111
0 0.5416666666666666 0.2076388888888889 0.008333333333333333 0.006944444444444444
0 0.24375 0.20625 0.004166666666666667 0.004166666666666667
0 0.8777777777777778 0.24027777777777778 0.027777777777777776 0.075
0 0.5347222222222222 0.20277777777777778 0.002777777777777778 0.002777777777777778
0 0.48055555555555557 0.20277777777777778 0.002777777777777778 0.005555555555555556
0 0.5006944444444444 0.19930555555555557 0.001388888888888889 0.001388888888888889
0 0.6055555555555555 0.1986111111111111 0.005555555555555556 0.002777777777777778
0 0.13680555555555557 0.1986111111111111 0.001388888888888889 0.002777777777777778
0 0.7506944444444444 0.1951388888888889 0.001388888888888889 0.001388888888888889
0 0.75625 0.19236111111111112 0.001388888888888889 0.001388888888888889
0 0.8993055555555556 0.19652777777777777 0.004166666666666667 0.0125
0 0.5618055555555556 0.19166666666666668 0.004166666666666667 0.005555555555555556
0 0.8826388888888889 0.18194444444444444 0.001388888888888889 0.002777777777777778
0 0.90625 0.17847222222222223 0.004166666666666667 0.006944444444444444
0 0.6833333333333333 0.1763888888888889 0.011111111111111112 0.002777777777777778
0 0.6972222222222222 0.29583333333333334 0.36944444444444446 0.24444444444444444
0 0.6944444444444444 0.1736111111111111 0.002777777777777778 0.002777777777777778
0 0.7444444444444445 0.16944444444444445 0.005555555555555556 0.002777777777777778
0 0.32083333333333336 0.17152777777777778 0.013888888888888888 0.006944444444444444
0 0.48541666666666666 0.1673611111111111 0.004166666666666667 0.004166666666666667
0 0.34791666666666665 0.16597222222222222 0.001388888888888889 0.001388888888888889
0 0.33125 0.16597222222222222 0.006944444444444444 0.004166666666666667
0 0.9104166666666667 0.16597222222222222 0.004166666666666667 0.006944444444444444
0 0.15069444444444444 0.15625 0.001388888888888889 0.001388888888888889
0 0.49930555555555556 0.1527777777777778 0.006944444444444444 0.002777777777777778
0 0.48125 0.1673611111111111 0.0125 0.04027777777777778
0 0.14791666666666667 0.15 0.006944444444444444 0.011111111111111112
0 0.8104166666666667 0.15208333333333332 0.05416666666666667 0.018055555555555554
0 0.8868055555555555 0.1388888888888889 0.009722222222222222 0.002777777777777778
0 0.9145833333333333 0.13680555555555557 0.006944444444444444 0.004166666666666667
0 0.8979166666666667 0.1326388888888889 0.009722222222222222 0.004166666666666667
0 0.1875 0.2569444444444444 0.10833333333333334 0.2916666666666667
0 0.55625 0.5388888888888889 0.8208333333333333 0.8694444444444445