0 0.880859375 0.9973958333333334 0.00390625 0.005208333333333333
0 0.7890625 0.9869791666666666 0.0234375 0.026041666666666668
0 0.767578125 0.90625 0.01171875 0.020833333333333332
0 0.783203125 0.8828125 0.00390625 0.005208333333333333
0 0.8046875 0.9010416666666666 0.0546875 0.08333333333333333
0 0.224609375 0.8932291666666666 0.16796875 0.06770833333333333
0 0.109375 0.8463541666666666 0.0234375 0.005208333333333333
0 0.1640625 0.8359375 0.0078125 0.015625
0 0.185546875 0.8359375 0.01953125 0.026041666666666668
0 0.037109375 0.8072916666666666 0.01171875 0.010416666666666666
0 0.046875 0.4010416666666667 0.09375 0.03125
0 0.005859375 0.3515625 0.01171875 0.036458333333333336
0 0.03125 0.22395833333333334 0.0625 0.1875
0 0.5 0.5 1.0 1.0