0 0.8078571428571428 0.9285714285714286 0.004285714285714286 0.009523809523809525
0 0.8357142857142857 0.8944444444444445 0.05142857142857143 0.07777777777777778
0 0.23642857142857143 0.6833333333333333 0.004285714285714286 0.004761904761904762
0 0.28214285714285714 0.6658730158730158 0.007142857142857143 0.014285714285714285
0 0.26285714285714284 0.29365079365079366 0.002857142857142857 0.0031746031746031746
0 0.22142857142857142 0.28095238095238095 0.002857142857142857 0.0031746031746031746
0 0.6657142857142857 0.28015873015873016 0.014285714285714285 0.004761904761904762
0 0.6314285714285715 0.28253968253968254 0.03142857142857143 0.012698412698412698
0 0.15071428571428572 0.2761904761904762 0.004285714285714286 0.0031746031746031746
0 0.23642857142857143 0.2746031746031746 0.0014285714285714286 0.0031746031746031746
0 0.4592857142857143 0.2722222222222222 0.0014285714285714286 0.0015873015873015873
0 0.1957142857142857 0.27380952380952384 0.005714285714285714 0.004761904761904762
0 0.5178571428571429 0.26904761904761904 0.0014285714285714286 0.0015873015873015873
0 0.5071428571428571 0.2698412698412698 0.002857142857142857 0.0031746031746031746
0 0.5892857142857143 0.26825396825396824 0.004285714285714286 0.0031746031746031746
0 0.425 0.2611111111111111 0.0014285714285714286 0.0015873015873015873
0 0.82 0.26031746031746034 0.014285714285714285 0.006349206349206349
0 0.6714285714285714 0.25873015873015875 0.002857142857142857 0.0031746031746031746
0 0.09571428571428571 0.1865079365079365 0.002857142857142857 0.0015873015873015873
0 0.11071428571428571 0.16111111111111112 0.004285714285714286 0.004761904761904762
0 0.5114285714285715 0.5396825396825397 0.9114285714285715 0.9206349206349206