0 0.36898839137645106 0.7902542372881356 0.004975124378109453 0.00423728813559322
0 0.478441127694859 0.7330508474576272 0.004975124378109453 0.00423728813559322
0 0.21475953565505804 0.7319915254237288 0.001658374792703151 0.00211864406779661
0 0.08955223880597014 0.7213983050847458 0.003316749585406302 0.014830508474576272
0 0.06384742951907131 0.6567796610169492 0.004975124378109453 0.00847457627118644
0 0.10696517412935323 0.6419491525423728 0.008291873963515755 0.00847457627118644
0 0.0945273631840796 0.6069915254237288 0.006633499170812604 0.01059322033898305
0 0.4975124378109453 0.5985169491525424 0.013266998341625208 0.006355932203389831
0 0.087893864013267 0.5911016949152542 0.009950248756218905 0.01694915254237288
0 0.09618573797678276 0.5836864406779662 0.006633499170812604 0.006355932203389831
0 0.08208955223880597 0.5741525423728814 0.004975124378109453 0.00847457627118644
0 0.06965174129353234 0.5254237288135594 0.003316749585406302 0.00847457627118644
0 0.16334991708126037 0.746822033898305 0.30016583747927034 0.4555084745762712
0 0.07048092868988391 0.5095338983050848 0.004975124378109453 0.006355932203389831
0 0.06965174129353234 0.4989406779661017 0.003316749585406302 0.00211864406779661
0 0.4021558872305141 0.4978813559322034 0.001658374792703151 0.00423728813559322
0 0.03731343283582089 0.5042372881355932 0.008291873963515755 0.0211864406779661
0 0.03897180762852405 0.4841101694915254 0.001658374792703151 0.00211864406779661
0 0.4593698175787728 0.7023305084745762 0.19237147595356552 0.5063559322033898
0 0.04975124378109453 0.4523305084745763 0.003316749585406302 0.006355932203389831
0 0.42454394693200664 0.4417372881355932 0.003316749585406302 0.00211864406779661
0 0.04560530679933665 0.4449152542372881 0.004975124378109453 0.00847457627118644
0 0.04809286898839138 0.4300847457627119 0.003316749585406302 0.00423728813559322
0 0.05721393034825871 0.4078389830508475 0.008291873963515755 0.019067796610169493
0 0.4502487562189055 0.3802966101694915 0.001658374792703151 0.00211864406779661
0 0.06135986733001658 0.3834745762711864 0.006633499170812604 0.012711864406779662
0 0.12023217247097844 0.3400423728813559 0.004975124378109453 0.01059322033898305
0 0.7810945273631841 0.635593220338983 0.42454394693200664 0.6271186440677966
0 0.0945273631840796 0.4057203389830508 0.04311774461028192 0.17584745762711865
0 0.46185737976782754 0.3241525423728814 0.028192371475953566 0.0423728813559322
0 0.18076285240464346 0.2563559322033898 0.003316749585406302 0.00423728813559322
0 0.45854063018242125 0.23940677966101695 0.0978441127694859 0.0211864406779661
0 0.4577114427860697 0.21927966101694915 0.04643449419568822 0.006355932203389831
0 0.175787728026534 0.036016949152542374 0.10281923714759536 0.0211864406779661