4 0.6266666666666667 0.3825 0.055 0.015
4 0.6129166666666667 0.355 0.004166666666666667 0.0033333333333333335
4 0.40541666666666665 0.35208333333333336 0.0008333333333333334 0.0008333333333333334
4 0.5 0.5345833333333333 0.46 0.3675
4 0.6154166666666666 0.35083333333333333 0.0008333333333333334 0.0016666666666666668
4 0.62 0.3325 0.0033333333333333335 0.005
4 0.6233333333333333 0.3225 0.021666666666666667 0.006666666666666667
4 0.5858333333333333 0.31958333333333333 0.0016666666666666668 0.0008333333333333334
4 0.6083333333333333 0.32 0.005 0.0033333333333333335
4 0.6233333333333333 0.31333333333333335 0.0033333333333333335 0.0033333333333333335
4 0.58625 0.3125 0.005833333333333334 0.0016666666666666668
4 0.6229166666666667 0.3104166666666667 0.0008333333333333334 0.0008333333333333334
4 0.5108333333333334 0.3095833333333333 0.0016666666666666668 0.0008333333333333334
4 0.5491666666666667 0.31166666666666665 0.11166666666666666 0.02
4 0.46041666666666664 0.30125 0.060833333333333336 0.0125
4 0.42333333333333334 0.2941666666666667 0.005 0.0016666666666666668