4 0.405 0.847 0.026 0.002
4 0.1015 0.8235 0.027 0.015
4 0.5505 0.8105 0.003 0.001
4 0.5765 0.7965 0.011 0.003
4 0.5705 0.7855 0.009 0.003
4 0.602 0.7645 0.002 0.001
4 0.686 0.749 0.032 0.004
4 0.7145 0.739 0.025 0.006
4 0.792 0.7375 0.016 0.005
4 0.818 0.714 0.002 0.002
4 0.8275 0.707 0.007 0.004
4 0.3355 0.639 0.065 0.012
4 0.4085 0.549 0.157 0.064
4 0.4395 0.519 0.027 0.014
4 0.4085 0.508 0.025 0.006
4 0.368 0.501 0.02 0.006
4 0.3215 0.4995 0.013 0.005
4 0.2145 0.5285 0.169 0.135
4 0.4185 0.3005 0.093 0.019
4 0.4085 0.295 0.033 0.008
4 0.3935 0.2835 0.027 0.007
4 0.38 0.2765 0.08 0.019
4 0.5475 0.5195 0.905 0.645
4 0.521 0.183 0.044 0.034
4 0.972 0.1145 0.056 0.111
4 0.3955 0.153 0.339 0.306