4 0.2453125 0.9997395833333333 0.00078125 0.0005208333333333333
4 0.2427734375 0.9997395833333333 0.000390625 0.0005208333333333333
4 0.19765625 0.9997395833333333 0.00078125 0.0005208333333333333
4 0.1833984375 0.9997395833333333 0.000390625 0.0005208333333333333
4 0.8640625 0.9986979166666666 0.00078125 0.0005208333333333333
4 0.2818359375 0.99921875 0.001171875 0.0015625
4 0.2123046875 0.99921875 0.001953125 0.0015625
4 0.260546875 0.9986979166666666 0.0015625 0.0026041666666666665
4 0.1859375 0.99765625 0.00078125 0.0005208333333333333
4 0.1064453125 0.9979166666666667 0.001171875 0.0010416666666666667
4 0.28671875 0.99765625 0.0015625 0.0015625
4 0.1990234375 0.99765625 0.001953125 0.0015625
4 0.26328125 0.9973958333333334 0.0015625 0.0020833333333333333
4 0.2837890625 0.9971354166666667 0.002734375 0.0026041666666666665
4 0.2341796875 0.9979166666666667 0.005859375 0.004166666666666667
4 0.1541015625 0.9963541666666667 0.000390625 0.0010416666666666667
4 0.09296875 0.99765625 0.0078125 0.0046875
4 0.27578125 0.9955729166666667 0.0015625 0.0015625
4 0.273828125 0.9953125 0.00078125 0.0010416666666666667
4 0.2416015625 0.9973958333333334 0.006640625 0.005208333333333333
4 0.2478515625 0.9971354166666667 0.004296875 0.005729166666666666
4 0.167578125 0.9947916666666666 0.00078125 0.0010416666666666667
4 0.1650390625 0.99609375 0.002734375 0.0036458333333333334
4 0.2703125 0.99609375 0.00390625 0.005729166666666666
4 0.2638671875 0.9934895833333334 0.000390625 0.0005208333333333333
4 0.2546875 0.9966145833333333 0.0046875 0.0067708333333333336
4 0.1794921875 0.99375 0.001171875 0.0010416666666666667
4 0.226171875 0.9963541666666667 0.00625 0.007291666666666667
4 0.2919921875 0.9950520833333333 0.005859375 0.005729166666666666
4 0.2498046875 0.9934895833333334 0.002734375 0.0026041666666666665
4 0.181640625 0.9927083333333333 0.00234375 0.0010416666666666667
4 0.3009765625 0.9921875 0.001171875 0.0010416666666666667
4 0.1279296875 0.9919270833333333 0.000390625 0.0005208333333333333
4 0.2982421875 0.99375 0.002734375 0.005208333333333333
4 0.277734375 0.9927083333333333 0.003125 0.003125
4 0.1154296875 0.9916666666666667 0.001171875 0.0020833333333333333
4 0.8357421875 0.9903645833333333 0.000390625 0.0005208333333333333
4 0.291796875 0.9903645833333333 0.00078125 0.0005208333333333333
4 0.2716796875 0.9919270833333333 0.001953125 0.0036458333333333334
4 0.2390625 0.990625 0.0015625 0.0010416666666666667
4 0.21953125 0.9950520833333333 0.00625 0.009895833333333333
4 0.2900390625 0.9903645833333333 0.001171875 0.0015625
4 0.2837890625 0.9921875 0.006640625 0.005208333333333333
4 0.265234375 0.9903645833333333 0.00078125 0.0015625
4 0.2427734375 0.9919270833333333 0.001953125 0.0046875
4 0.1974609375 0.9921875 0.008984375 0.00625
4 0.8388671875 0.9888020833333333 0.000390625 0.0005208333333333333
4 0.27109375 0.9890625 0.0015625 0.0010416666666666667
4 0.273046875 0.9888020833333333 0.0015625 0.0015625
4 0.2548828125 0.98828125 0.000390625 0.0005208333333333333
4 0.24453125 0.9893229166666667 0.0015625 0.0026041666666666665
4 0.2330078125 0.99140625 0.009765625 0.0067708333333333336
4 0.175 0.9885416666666667 0.00078125 0.0010416666666666667
4 0.14375 0.9885416666666667 0.00078125 0.0010416666666666667
4 0.30078125 0.9880208333333333 0.00078125 0.0010416666666666667
4 0.29765625 0.9888020833333333 0.003125 0.0026041666666666665
4 0.2140625 0.9908854166666666 0.0046875 0.0067708333333333336
4 0.230078125 0.9880208333333333 0.003125 0.0020833333333333333
4 0.1869140625 0.9893229166666667 0.003515625 0.0046875
4 0.0951171875 0.9877604166666667 0.001171875 0.0015625
4 0.3125 0.98671875 0.00078125 0.0005208333333333333
4 0.2994140625 0.9869791666666666 0.001171875 0.0010416666666666667
4 0.244140625 0.98671875 0.00078125 0.0005208333333333333
4 0.1931640625 0.9893229166666667 0.007421875 0.005729166666666666
4 0.304296875 0.9861979166666667 0.00078125 0.0005208333333333333
4 0.298046875 0.9861979166666667 0.00078125 0.0005208333333333333
4 0.29296875 0.9877604166666667 0.00390625 0.0036458333333333334
4 0.0998046875 0.9861979166666667 0.000390625 0.0005208333333333333
4 0.26484375 0.9859375 0.00078125 0.0010416666666666667
4 0.2361328125 0.9859375 0.001171875 0.0010416666666666667
4 0.2248046875 0.9856770833333334 0.000390625 0.0005208333333333333
4 0.1681640625 0.9859375 0.001171875 0.0010416666666666667
4 0.12421875 0.9856770833333334 0.00078125 0.0005208333333333333
4 0.1125 0.9859375 0.00078125 0.0010416666666666667
4 0.096875 0.9864583333333333 0.0015625 0.0020833333333333333
4 0.30546875 0.9885416666666667 0.00390625 0.008333333333333333
4 0.300390625 0.9848958333333333 0.00078125 0.0010416666666666667
4 0.2396484375 0.9848958333333333 0.001171875 0.0010416666666666667
4 0.23828125 0.98515625 0.00078125 0.0015625
4 0.23125 0.98515625 0.00078125 0.0015625
4 0.200390625 0.9861979166666667 0.0046875 0.0036458333333333334
4 0.1708984375 0.9854166666666667 0.002734375 0.0020833333333333333
4 0.29296875 0.9841145833333333 0.00078125 0.0015625
4 0.2900390625 0.9838541666666667 0.001171875 0.0010416666666666667
4 0.1822265625 0.9848958333333333 0.004296875 0.003125
4 0.1740234375 0.98359375 0.000390625 0.0005208333333333333
4 0.2830078125 0.98671875 0.011328125 0.0078125
4 0.2470703125 0.9833333333333333 0.001171875 0.0010416666666666667
4 0.24453125 0.9838541666666667 0.0015625 0.0020833333333333333
4 0.1033203125 0.9838541666666667 0.001953125 0.0020833333333333333
4 0.2662109375 0.98359375 0.001953125 0.0026041666666666665
4 0.1984375 0.9828125 0.00078125 0.0010416666666666667
4 0.2732421875 0.9833333333333333 0.001953125 0.003125
4 0.2755859375 0.9817708333333334 0.001171875 0.0010416666666666667
4 0.25234375 0.9864583333333333 0.00625 0.011458333333333333
4 0.1896484375 0.9830729166666666 0.005078125 0.0046875
4 0.1783203125 0.9809895833333333 0.000390625 0.0005208333333333333
4 0.1650390625 0.9815104166666667 0.001953125 0.0015625
4 0.10546875 0.9817708333333334 0.00234375 0.0020833333333333333
4 0.09140625 0.9828125 0.00625 0.004166666666666667
4 0.1755859375 0.98125 0.002734375 0.003125
4 0.2666015625 0.98046875 0.002734375 0.0026041666666666665
4 0.1845703125 0.9794270833333333 0.000390625 0.0005208333333333333
4 0.183203125 0.9799479166666667 0.0015625 0.0015625
4 0.2458984375 0.9794270833333333 0.001171875 0.0015625
4 0.2396484375 0.97890625 0.000390625 0.0005208333333333333
4 0.2205078125 0.9791666666666666 0.001171875 0.0010416666666666667
4 0.191796875 0.9791666666666666 0.00078125 0.0010416666666666667
4 0.0404296875 0.97890625 0.000390625 0.0005208333333333333
4 0.2326171875 0.98046875 0.004296875 0.005729166666666666
4 0.0287109375 0.978125 0.001171875 0.0010416666666666667
4 0.2552734375 0.978125 0.002734375 0.0020833333333333333
4 0.2408203125 0.9778645833333334 0.001171875 0.0015625
4 0.1119140625 0.97734375 0.000390625 0.0005208333333333333
4 0.1017578125 0.97734375 0.000390625 0.0005208333333333333
4 0.05546875 0.97734375 0.00078125 0.0005208333333333333
4 0.2728515625 0.97734375 0.001171875 0.0015625
4 0.2486328125 0.9776041666666667 0.002734375 0.0020833333333333333
4 0.1595703125 0.9768229166666667 0.001171875 0.0005208333333333333
4 0.1951171875 0.97578125 0.000390625 0.0005208333333333333
4 0.1041015625 0.9763020833333333 0.001171875 0.0015625
4 0.08828125 0.97734375 0.00390625 0.0036458333333333334
4 0.03046875 0.9763020833333333 0.0015625 0.0015625
4 0.0994140625 0.9776041666666667 0.003515625 0.005208333333333333
4 0.052734375 0.9778645833333334 0.00390625 0.005729166666666666
4 0.273828125 0.975 0.00078125 0.0010416666666666667
4 0.2814453125 0.9736979166666667 0.000390625 0.0005208333333333333
4 0.05546875 0.97421875 0.0015625 0.0015625
4 0.0349609375 0.97265625 0.000390625 0.0005208333333333333
4 0.1333984375 0.97265625 0.001171875 0.0015625
4 0.0525390625 0.97265625 0.001171875 0.0015625
4 0.0330078125 0.9736979166666667 0.002734375 0.0036458333333333334
4 0.27734375 0.9734375 0.0046875 0.005208333333333333
4 0.13515625 0.9708333333333333 0.00078125 0.0010416666666666667
4 0.094921875 0.9734375 0.00859375 0.00625
4 0.1484375 0.9703125 0.00078125 0.0010416666666666667
4 0.109375 0.9721354166666667 0.00625 0.0046875
4 0.10078125 0.9703125 0.00078125 0.0010416666666666667
4 0.2634765625 0.9807291666666667 0.015234375 0.025
4 0.1029296875 0.9684895833333333 0.004296875 0.0015625
4 0.11640625 0.96796875 0.00078125 0.0015625
4 0.8037109375 0.9674479166666666 0.000390625 0.0015625
4 0.153125 0.9669270833333333 0.00078125 0.0005208333333333333
4 0.155078125 0.9666666666666667 0.00078125 0.0010416666666666667
4 0.0650390625 0.9669270833333333 0.001171875 0.0015625
4 0.039453125 0.9677083333333333 0.00390625 0.003125
4 0.0966796875 0.9658854166666667 0.000390625 0.0005208333333333333
4 0.119140625 0.9661458333333334 0.003125 0.0020833333333333333
4 0.1453125 0.9653645833333333 0.00625 0.0046875
4 0.111328125 0.9643229166666667 0.0046875 0.0036458333333333334
4 0.0509765625 0.9653645833333333 0.005078125 0.005729166666666666
4 0.044140625 0.96328125 0.0015625 0.0015625
4 0.1369140625 0.96328125 0.001953125 0.0026041666666666665
4 0.1287109375 0.9622395833333334 0.001171875 0.0015625
4 0.0548828125 0.9625 0.001171875 0.0020833333333333333
4 0.1421875 0.96171875 0.00078125 0.0015625
4 0.0669921875 0.9611979166666667 0.000390625 0.0005208333333333333
4 0.12421875 0.9630208333333333 0.00546875 0.005208333333333333
4 0.240625 0.9606770833333333 0.00078125 0.0015625
4 0.137890625 0.9606770833333333 0.0015625 0.0015625
4 0.038671875 0.9604166666666667 0.00078125 0.0010416666666666667
4 0.1314453125 0.9604166666666667 0.002734375 0.003125
4 0.10546875 0.9606770833333333 0.00546875 0.0036458333333333334
4 0.0404296875 0.959375 0.001171875 0.0010416666666666667
4 0.234765625 0.9580729166666667 0.00078125 0.0005208333333333333
4 0.1345703125 0.9583333333333334 0.002734375 0.0020833333333333333
4 0.121484375 0.9591145833333333 0.00703125 0.0036458333333333334
4 0.0419921875 0.9575520833333333 0.001171875 0.0015625
4 0.0322265625 0.95703125 0.000390625 0.0005208333333333333
4 0.1326171875 0.95625 0.000390625 0.0010416666666666667
4 0.0365234375 0.95546875 0.000390625 0.0005208333333333333
4 0.7796875 0.9552083333333333 0.00078125 0.0010416666666666667
4 0.7751953125 0.9549479166666667 0.000390625 0.0005208333333333333
4 0.0451171875 0.9533854166666667 0.000390625 0.0005208333333333333
4 0.0369140625 0.95390625 0.000390625 0.0015625
4 0.1271484375 0.9549479166666667 0.004296875 0.0046875
4 0.059765625 0.9630208333333333 0.0140625 0.020833333333333332
4 0.0466796875 0.9533854166666667 0.001171875 0.0015625
4 0.779296875 0.95234375 0.00078125 0.0015625
4 0.07265625 0.9533854166666667 0.00546875 0.0046875
4 0.0669921875 0.9518229166666666 0.002734375 0.0036458333333333334
4 0.0419921875 0.95 0.001171875 0.0010416666666666667
4 0.84453125 0.94921875 0.00234375 0.0015625
4 0.0505859375 0.9502604166666667 0.005078125 0.0036458333333333334
4 0.210546875 0.9486979166666667 0.00390625 0.0015625
4 0.8759765625 0.94765625 0.001171875 0.0015625
4 0.8677734375 0.9471354166666667 0.000390625 0.0005208333333333333
4 0.2166015625 0.9466145833333334 0.000390625 0.0005208333333333333
4 0.051953125 0.9471354166666667 0.0015625 0.0015625
4 0.0546875 0.9541666666666667 0.01875 0.016666666666666666
4 0.8697265625 0.9463541666666667 0.001953125 0.0020833333333333333
4 0.8587890625 0.9450520833333333 0.000390625 0.0005208333333333333
4 0.0572265625 0.94453125 0.005078125 0.0036458333333333334
4 0.0578125 0.94140625 0.00078125 0.0005208333333333333
4 0.8736328125 0.9427083333333334 0.004296875 0.004166666666666667
4 0.735546875 0.93828125 0.00078125 0.0005208333333333333
4 0.730078125 0.9385416666666667 0.00078125 0.0010416666666666667
4 0.87890625 0.93828125 0.0015625 0.0015625
4 0.7291015625 0.9356770833333333 0.001171875 0.0015625
4 0.7369140625 0.9364583333333333 0.001953125 0.004166666666666667
4 0.734375 0.9356770833333333 0.0015625 0.0026041666666666665
4 0.8810546875 0.9341145833333333 0.001171875 0.0015625
4 0.883984375 0.9338541666666667 0.00234375 0.0020833333333333333
4 0.7267578125 0.9317708333333333 0.001171875 0.0010416666666666667
4 0.7103515625 0.93046875 0.000390625 0.0005208333333333333
4 0.88671875 0.93046875 0.0015625 0.0015625
4 0.771875 0.9296875 0.0015625 0.0020833333333333333
4 0.901953125 0.928125 0.00078125 0.0010416666666666667
4 0.1640625 0.92734375 0.003125 0.0026041666666666665
4 0.9669921875 0.9263020833333333 0.001953125 0.0015625
4 0.9626953125 0.9260416666666667 0.001171875 0.0010416666666666667
4 0.890625 0.9263020833333333 0.0015625 0.0015625
4 0.95859375 0.9260416666666667 0.0015625 0.0020833333333333333
4 0.9212890625 0.92578125 0.001953125 0.0015625
4 0.9392578125 0.92421875 0.001171875 0.0005208333333333333
4 0.9177734375 0.9244791666666666 0.001171875 0.0010416666666666667
4 0.95546875 0.925 0.00390625 0.003125
4 0.753125 0.9239583333333333 0.0015625 0.0010416666666666667
4 0.158984375 0.9229166666666667 0.00234375 0.0020833333333333333
4 0.14609375 0.9174479166666667 0.00234375 0.0015625
4 0.70546875 0.9130208333333333 0.00078125 0.0010416666666666667
4 0.8560546875 0.9559895833333333 0.287890625 0.08802083333333334
4 0.6955078125 0.9140625 0.004296875 0.005208333333333333
4 0.6888671875 0.9130208333333333 0.007421875 0.004166666666666667
4 0.705859375 0.9171875 0.01484375 0.014583333333333334
4 0.683984375 0.91015625 0.00078125 0.0005208333333333333
4 0.6783203125 0.909375 0.000390625 0.0010416666666666667
4 0.7078125 0.9083333333333333 0.00078125 0.0010416666666666667
4 0.6853515625 0.90859375 0.001171875 0.0015625
4 0.6884765625 0.9078125 0.001171875 0.0020833333333333333
4 0.6830078125 0.9078125 0.001171875 0.0020833333333333333
4 0.10546875 0.90703125 0.00078125 0.0005208333333333333
4 0.6927734375 0.90546875 0.001171875 0.0015625
4 0.0861328125 0.9044270833333333 0.000390625 0.0005208333333333333
4 0.6841796875 0.9026041666666667 0.001171875 0.0010416666666666667
4 0.681640625 0.9026041666666667 0.00078125 0.0010416666666666667
4 0.6865234375 0.9015625 0.001171875 0.0010416666666666667
4 0.6798828125 0.9013020833333333 0.000390625 0.0005208333333333333
4 0.6970703125 0.9015625 0.002734375 0.003125
4 0.6849609375 0.9002604166666667 0.001171875 0.0015625
4 0.6697265625 0.9 0.001171875 0.0020833333333333333
4 0.683984375 0.8979166666666667 0.0015625 0.0010416666666666667
4 0.0609375 0.8984375 0.0015625 0.0020833333333333333
4 0.6787109375 0.8973958333333333 0.001171875 0.0020833333333333333
4 0.0443359375 0.8947916666666667 0.001171875 0.0010416666666666667
4 0.7177734375 0.8940104166666667 0.003515625 0.0026041666666666665
4 0.0287109375 0.8895833333333333 0.002734375 0.003125
4 0.9939453125 0.88515625 0.000390625 0.0005208333333333333
4 0.02421875 0.8848958333333333 0.003125 0.0020833333333333333
4 0.99765625 0.8856770833333333 0.0046875 0.0046875
4 0.990234375 0.88515625 0.003125 0.0036458333333333334
4 0.0373046875 0.88359375 0.001171875 0.0015625
4 0.02734375 0.88359375 0.0015625 0.0015625
4 0.018359375 0.8807291666666667 0.00234375 0.0020833333333333333
4 0.1302734375 0.9395833333333333 0.260546875 0.12083333333333333
4 0.9880859375 0.8786458333333333 0.000390625 0.0010416666666666667
4 0.021484375 0.8794270833333333 0.003125 0.0026041666666666665
4 0.044140625 0.878125 0.0015625 0.0010416666666666667
4 0.032421875 0.878125 0.00078125 0.0010416666666666667
4 0.9828125 0.8768229166666667 0.00234375 0.0026041666666666665
4 0.640625 0.8755208333333333 0.00078125 0.0010416666666666667
4 0.0056640625 0.8760416666666667 0.001953125 0.0020833333333333333
4 0.9693359375 0.8744791666666667 0.001171875 0.0010416666666666667
4 0.9681640625 0.87421875 0.000390625 0.0005208333333333333
4 0.95546875 0.8744791666666667 0.00078125 0.0010416666666666667
4 0.6400390625 0.8736979166666666 0.000390625 0.0005208333333333333
4 0.635546875 0.8739583333333333 0.00078125 0.0010416666666666667
4 0.7154296875 0.8739583333333333 0.001953125 0.0020833333333333333
4 0.0173828125 0.8739583333333333 0.002734375 0.0020833333333333333
4 0.6341796875 0.8721354166666667 0.000390625 0.0005208333333333333
4 0.6240234375 0.871875 0.001953125 0.003125
4 0.6341796875 0.8700520833333333 0.000390625 0.0005208333333333333
4 0.0017578125 0.8708333333333333 0.003515625 0.004166666666666667
4 0.0220703125 0.86875 0.000390625 0.0010416666666666667
4 0.0337890625 0.8682291666666667 0.001171875 0.0010416666666666667
4 0.03515625 0.8677083333333333 0.00078125 0.0010416666666666667
4 0.0125 0.86875 0.003125 0.003125
4 0.61796875 0.86796875 0.003125 0.0036458333333333334
4 0.0009765625 0.86640625 0.000390625 0.0005208333333333333
4 0.0029296875 0.8661458333333333 0.000390625 0.0010416666666666667
4 0.628125 0.8703125 0.0046875 0.011458333333333333
4 0.6255859375 0.8643229166666667 0.000390625 0.0005208333333333333
4 0.6330078125 0.8651041666666667 0.001953125 0.003125
4 0.008984375 0.8638020833333333 0.00078125 0.0005208333333333333
4 0.00703125 0.8635416666666667 0.00078125 0.0010416666666666667
4 0.6189453125 0.8651041666666667 0.011328125 0.009375
4 0.5689453125 0.8606770833333334 0.000390625 0.0005208333333333333
4 0.610546875 0.8630208333333333 0.00390625 0.00625
4 0.570703125 0.86015625 0.00078125 0.0015625
4 0.605078125 0.8614583333333333 0.00546875 0.005208333333333333
4 0.5859375 0.8598958333333333 0.0046875 0.004166666666666667
4 0.5744140625 0.8598958333333333 0.003515625 0.004166666666666667
4 0.563671875 0.8588541666666667 0.0015625 0.0020833333333333333
4 0.597265625 0.86015625 0.0046875 0.005729166666666666
4 0.592578125 0.8598958333333333 0.00390625 0.005208333333333333
4 0.581640625 0.8596354166666667 0.003125 0.0046875
4 0.00390625 0.85859375 0.00234375 0.0026041666666666665
4 0.569140625 0.8575520833333333 0.0015625 0.0015625
4 0.5626953125 0.8567708333333334 0.000390625 0.0010416666666666667
4 0.856640625 0.8567708333333334 0.0015625 0.0020833333333333333
4 0.0150390625 0.8567708333333334 0.002734375 0.003125
4 0.8796875 0.8536458333333333 0.00078125 0.0010416666666666667
4 0.8734375 0.853125 0.00078125 0.0010416666666666667
4 0.871875 0.853125 0.00078125 0.0010416666666666667
4 0.8611328125 0.8526041666666667 0.002734375 0.003125
4 0.02265625 0.85 0.00234375 0.0020833333333333333
4 0.8732421875 0.8481770833333333 0.000390625 0.0005208333333333333
4 0.8669921875 0.8481770833333333 0.004296875 0.0026041666666666665
4 0.040234375 0.84296875 0.0015625 0.0015625
4 0.0189453125 0.8432291666666667 0.001171875 0.0020833333333333333
4 0.8541015625 0.8424479166666666 0.001171875 0.0015625
4 0.0294921875 0.8434895833333333 0.001953125 0.0036458333333333334
4 0.851953125 0.8419270833333333 0.0015625 0.0015625
4 0.0314453125 0.8416666666666667 0.001171875 0.0010416666666666667
4 0.846875 0.84140625 0.0015625 0.0026041666666666665
4 0.0240234375 0.8395833333333333 0.003515625 0.003125
4 0.8357421875 0.8380208333333333 0.001953125 0.0020833333333333333
4 0.8259765625 0.8377604166666667 0.001171875 0.0015625
4 0.8330078125 0.8369791666666667 0.001171875 0.0010416666666666667
4 0.8232421875 0.83515625 0.000390625 0.0005208333333333333
4 0.8166015625 0.83515625 0.000390625 0.0005208333333333333
4 0.02734375 0.8364583333333333 0.00234375 0.003125
4 0.0404296875 0.834375 0.000390625 0.0010416666666666667
4 0.036328125 0.8369791666666667 0.00546875 0.00625
4 0.0482421875 0.8354166666666667 0.005078125 0.005208333333333333
4 0.816015625 0.8322916666666667 0.00078125 0.0020833333333333333
4 0.066015625 0.8302083333333333 0.0015625 0.003125
4 0.7923828125 0.8268229166666666 0.000390625 0.0005208333333333333
4 0.100390625 0.8270833333333333 0.0015625 0.0010416666666666667
4 0.7685546875 0.8260416666666667 0.001171875 0.0010416666666666667
4 0.764453125 0.8239583333333333 0.003125 0.0020833333333333333
4 0.6380859375 0.8197916666666667 0.001171875 0.0010416666666666667
4 0.11953125 0.8205729166666667 0.00546875 0.0036458333333333334
4 0.145703125 0.8161458333333333 0.0015625 0.0010416666666666667
4 0.1587890625 0.8153645833333333 0.000390625 0.0005208333333333333
4 0.7330078125 0.8138020833333334 0.002734375 0.0015625
4 0.1822265625 0.8135416666666667 0.000390625 0.0010416666666666667
4 0.3009765625 0.8125 0.002734375 0.0020833333333333333
4 0.6373046875 0.8111979166666666 0.001953125 0.0015625
4 0.3158203125 0.8096354166666667 0.000390625 0.0005208333333333333
4 0.4294921875 0.8088541666666667 0.000390625 0.0010416666666666667
4 0.338671875 0.8088541666666667 0.00078125 0.0010416666666666667
4 0.3060546875 0.8088541666666667 0.002734375 0.0020833333333333333
4 0.39609375 0.8078125 0.00078125 0.0010416666666666667
4 0.28828125 0.8080729166666667 0.00078125 0.0015625
4 0.4234375 0.80703125 0.00078125 0.0005208333333333333
4 0.4177734375 0.8065104166666667 0.000390625 0.0005208333333333333
4 0.269921875 0.8067708333333333 0.00078125 0.0010416666666666667
4 0.2466796875 0.8065104166666667 0.000390625 0.0005208333333333333
4 0.2671875 0.80625 0.00078125 0.0010416666666666667
4 0.4693359375 0.8059895833333334 0.001171875 0.0015625
4 0.4359375 0.8052083333333333 0.00078125 0.0010416666666666667
4 0.4013671875 0.8052083333333333 0.000390625 0.0010416666666666667
4 0.4578125 0.8057291666666667 0.0015625 0.003125
4 0.7083984375 0.80546875 0.002734375 0.0036458333333333334
4 0.4759765625 0.80390625 0.000390625 0.0005208333333333333
4 0.4125 0.8046875 0.0015625 0.0020833333333333333
4 0.4697265625 0.8036458333333333 0.000390625 0.0010416666666666667
4 0.4455078125 0.8041666666666667 0.001171875 0.0020833333333333333
4 0.407421875 0.8033854166666666 0.00078125 0.0015625
4 0.5314453125 0.8028645833333333 0.001171875 0.0015625
4 0.4859375 0.8044270833333333 0.0015625 0.0046875
4 0.446875 0.8020833333333334 0.00078125 0.0010416666666666667
4 0.4134765625 0.8018229166666667 0.000390625 0.0005208333333333333
4 0.6634765625 0.8013020833333333 0.000390625 0.0005208333333333333
4 0.4484375 0.8015625 0.00078125 0.0010416666666666667
4 0.4466796875 0.8002604166666667 0.000390625 0.0005208333333333333
4 0.5078125 0.7997395833333333 0.00078125 0.0005208333333333333
4 0.6625 0.7994791666666666 0.00078125 0.0010416666666666667
4 0.485546875 0.7997395833333333 0.00234375 0.0026041666666666665
4 0.6193359375 0.7963541666666667 0.000390625 0.0010416666666666667
4 0.5814453125 0.7971354166666667 0.001953125 0.0026041666666666665
4 0.657421875 0.7963541666666667 0.0015625 0.0020833333333333333
4 0.59765625 0.796875 0.003125 0.003125
4 0.19296875 0.7875 0.0015625 0.0020833333333333333
4 0.0857421875 0.7846354166666667 0.001171875 0.0015625
4 0.0759765625 0.7841145833333333 0.000390625 0.0005208333333333333
4 0.0666015625 0.7833333333333333 0.001171875 0.0010416666666666667
4 0.173828125 0.78203125 0.00078125 0.0005208333333333333
4 0.0615234375 0.7783854166666667 0.000390625 0.0005208333333333333
4 0.042578125 0.77890625 0.00234375 0.0015625
4 0.0330078125 0.7783854166666667 0.001953125 0.0015625
4 0.1591796875 0.7768229166666667 0.000390625 0.0005208333333333333
4 0.1833984375 0.7765625 0.001171875 0.0010416666666666667
4 0.023046875 0.7776041666666667 0.003125 0.003125
4 0.17421875 0.7755208333333333 0.00546875 0.003125
4 0.164453125 0.77421875 0.00078125 0.0005208333333333333
4 0.0986328125 0.7744791666666667 0.001171875 0.0010416666666666667
4 0.166015625 0.7736979166666667 0.00078125 0.0005208333333333333
4 0.019140625 0.7731770833333333 0.00234375 0.0015625
4 0.155078125 0.7723958333333333 0.0015625 0.0010416666666666667
4 0.058984375 0.7723958333333333 0.00078125 0.0010416666666666667
4 0.048828125 0.7731770833333333 0.003125 0.0026041666666666665
4 0.03828125 0.77265625 0.00390625 0.0026041666666666665
4 0.0083984375 0.7723958333333333 0.005078125 0.003125
4 0.0404296875 0.77109375 0.001171875 0.0015625
4 0.0927734375 0.7684895833333333 0.001171875 0.0005208333333333333
4 0.0853515625 0.7684895833333333 0.001171875 0.0015625
4 0.0658203125 0.7682291666666666 0.001171875 0.0010416666666666667
4 0.0732421875 0.7677083333333333 0.001171875 0.0010416666666666667
4 0.5 0.44140625 1.0 0.8828125