4 0.5919243986254296 0.9265625 0.001718213058419244 0.003125
4 0.6048109965635738 0.92109375 0.006872852233676976 0.0078125
4 0.6065292096219931 0.9125 0.003436426116838488 0.003125
4 0.511168384879725 0.890625 0.001718213058419244 0.003125
4 0.49312714776632305 0.8859375 0.006872852233676976 0.003125
4 0.4527491408934708 0.8765625 0.005154639175257732 0.003125
4 0.4020618556701031 0.87421875 0.003436426116838488 0.0015625
4 0.9673539518900344 0.8703125 0.003436426116838488 0.003125
4 0.9415807560137457 0.85625 0.003436426116838488 0.009375
4 0.929553264604811 0.83125 0.003436426116838488 0.0125
4 0.8908934707903781 0.746875 0.005154639175257732 0.00625
4 0.8934707903780069 0.7328125 0.003436426116838488 0.009375
4 0.8144329896907216 0.55546875 0.010309278350515464 0.0046875
4 0.5936426116838488 0.48515625 0.001718213058419244 0.0015625
4 0.5670103092783505 0.4703125 0.003436426116838488 0.003125
4 0.4518900343642612 0.46015625 0.003436426116838488 0.0046875
4 0.5060137457044673 0.44765625 0.005154639175257732 0.0046875
4 0.4836769759450172 0.4421875 0.029209621993127148 0.00625
4 0.6701030927835051 0.38671875 0.003436426116838488 0.0015625
4 0.8702749140893471 0.27578125 0.012027491408934709 0.0140625
4 0.8848797250859106 0.27421875 0.013745704467353952 0.0203125
4 0.8487972508591065 0.27421875 0.027491408934707903 0.0203125
4 0.8144329896907216 0.2734375 0.037800687285223365 0.021875
4 0.5292096219931272 0.165625 0.5360824742268041 0.0875
4 0.49398625429553267 0.5 0.9879725085910653 1.0