4 0.9977511244377811 0.8915 0.004497751124437781 0.003
4 0.9145427286356822 0.8745 0.0029985007496251873 0.003
4 0.9895052473763118 0.8825 0.020989505247376312 0.023
4 0.9302848575712144 0.878 0.019490254872563718 0.014
4 0.9070464767616192 0.871 0.0029985007496251873 0.002
4 0.9767616191904048 0.8695 0.0014992503748125937 0.001
4 0.9970014992503748 0.871 0.005997001499250375 0.008
4 0.8275862068965517 0.867 0.0029985007496251873 0.002
4 0.9842578710644677 0.8665 0.004497751124437781 0.003
4 0.931784107946027 0.866 0.0014992503748125937 0.002
4 0.93928035982009 0.863 0.0074962518740629685 0.006
4 0.7976011994002998 0.8615 0.005997001499250375 0.005
4 0.7923538230884558 0.8565 0.004497751124437781 0.005
4 0.9932533733133433 0.856 0.013493253373313344 0.006
4 0.9257871064467766 0.861 0.01649175412293853 0.016
4 0.841079460269865 0.8585 0.01199400299850075 0.011
4 0.9625187406296851 0.852 0.0029985007496251873 0.002
4 0.8515742128935532 0.854 0.0029985007496251873 0.006
4 0.9887556221889056 0.8495 0.004497751124437781 0.003
4 0.8710644677661169 0.855 0.01199400299850075 0.014
4 0.9842578710644677 0.8455 0.0014992503748125937 0.001
4 0.8403298350824587 0.848 0.004497751124437781 0.006
4 0.802848575712144 0.846 0.0014992503748125937 0.002
4 0.97976011994003 0.8465 0.004497751124437781 0.005
4 0.8170914542728636 0.854 0.0239880059970015 0.022
4 0.7743628185907047 0.8435 0.0014992503748125937 0.001
4 0.7608695652173914 0.8425 0.0074962518740629685 0.005
4 0.8650674662668666 0.841 0.005997001499250375 0.004
4 0.8538230884557722 0.842 0.0074962518740629685 0.008
4 0.9782608695652174 0.838 0.004497751124437781 0.002
4 0.8928035982008995 0.8375 0.0014992503748125937 0.001
4 0.8868065967016492 0.838 0.004497751124437781 0.002
4 0.7533733133433284 0.84 0.0074962518740629685 0.008
4 0.8748125937031485 0.841 0.013493253373313344 0.012
4 0.780359820089955 0.8355 0.0014992503748125937 0.001
4 0.9617691154422788 0.839 0.022488755622188907 0.012
4 0.9850074962518741 0.833 0.005997001499250375 0.008
4 0.8740629685157422 0.832 0.008995502248875561 0.008
4 0.8628185907046477 0.8325 0.010494752623688156 0.009
4 0.7496251874062968 0.8305 0.008995502248875561 0.007
4 0.7998500749625187 0.8385 0.013493253373313344 0.025
4 0.7631184407796102 0.827 0.0029985007496251873 0.002
4 0.8418290854572713 0.833 0.019490254872563718 0.018
4 0.7841079460269865 0.8255 0.0029985007496251873 0.003
4 0.8185907046476761 0.828 0.020989505247376312 0.01
4 0.7908545727136432 0.8245 0.004497751124437781 0.003
4 0.7736131934032984 0.829 0.014992503748125937 0.012
4 0.9820089955022488 0.826 0.035982008995502246 0.01
4 0.9017991004497751 0.8195 0.004497751124437781 0.001
4 0.9205397301349325 0.843 0.08095952023988005 0.05
4 0.7518740629685158 0.8215 0.010494752623688156 0.007
4 0.7773613193403298 0.8145 0.010494752623688156 0.005
4 0.8298350824587706 0.819 0.09145427286356822 0.016
4 0.7571214392803598 0.813 0.020989505247376312 0.006
4 0.7406296851574213 0.8025 0.0029985007496251873 0.001
4 0.8718140929535232 0.801 0.013493253373313344 0.008
4 0.95952023988006 0.795 0.017991004497751123 0.014
4 0.9677661169415293 0.7895 0.0074962518740629685 0.005
4 0.9347826086956522 0.783 0.025487256371814093 0.012
4 0.8073463268365817 0.784 0.034482758620689655 0.014
4 0.9325337331334332 0.7945 0.13493253373313344 0.039
4 0.97976011994003 0.7735 0.004497751124437781 0.003
4 0.7856071964017991 0.7845 0.03298350824587706 0.035
4 0.9985007496251874 0.763 0.0029985007496251873 0.002
4 0.9970014992503748 0.692 0.005997001499250375 0.006
4 0.9160419790104948 0.625 0.008995502248875561 0.004
4 0.97976011994003 0.619 0.022488755622188907 0.012
4 0.9565217391304348 0.616 0.017991004497751123 0.006
4 0.6169415292353823 0.608 0.010494752623688156 0.004
4 0.9760119940029985 0.607 0.005997001499250375 0.004
4 0.6221889055472264 0.6045 0.0029985007496251873 0.001
4 0.848575712143928 0.587 0.0029985007496251873 0.002
4 0.8913043478260869 0.5705 0.004497751124437781 0.003
4 0.9940029985007496 0.564 0.01199400299850075 0.006
4 0.9955022488755623 0.556 0.008995502248875561 0.004
4 0.9047976011994003 0.5545 0.0014992503748125937 0.001
4 0.8808095952023988 0.553 0.0014992503748125937 0.002
4 0.9805097451274363 0.163 0.005997001499250375 0.01
4 0.5 0.5 1.0 0.996