4 0.6201171875 0.9990234375 0.001953125 0.001953125
4 0.70458984375 0.99853515625 0.0009765625 0.0029296875
4 0.6767578125 0.99853515625 0.001953125 0.0029296875
4 0.7119140625 0.9970703125 0.005859375 0.005859375
4 0.69287109375 0.99560546875 0.0048828125 0.0029296875
4 0.71435546875 0.9912109375 0.0029296875 0.001953125
4 0.66015625 0.9853515625 0.001953125 0.001953125
4 0.61181640625 0.98193359375 0.0009765625 0.0009765625
4 0.68603515625 0.97705078125 0.0087890625 0.0068359375
4 0.65869140625 0.974609375 0.0009765625 0.001953125
4 0.6318359375 0.97265625 0.001953125 0.001953125
4 0.68359375 0.97119140625 0.001953125 0.0029296875
4 0.1953125 0.94921875 0.001953125 0.001953125
4 0.201171875 0.94921875 0.00390625 0.00390625
4 0.76513671875 0.939453125 0.0029296875 0.001953125
4 0.77099609375 0.9384765625 0.0009765625 0.001953125
4 0.81005859375 0.89892578125 0.0009765625 0.0009765625
4 0.82958984375 0.89404296875 0.0009765625 0.0009765625
4 0.12841796875 0.9453125 0.2568359375 0.109375
4 0.83056640625 0.89013671875 0.0009765625 0.0029296875
4 0.20263671875 0.88525390625 0.0029296875 0.0029296875
4 0.00244140625 0.8837890625 0.0048828125 0.017578125
4 0.486328125 0.86865234375 0.001953125 0.0029296875
4 0.19873046875 0.86279296875 0.0009765625 0.0009765625
4 0.01318359375 0.86279296875 0.0126953125 0.0068359375
4 0.16796875 0.85400390625 0.005859375 0.0009765625
4 0.04248046875 0.84814453125 0.0068359375 0.0048828125
4 0.10400390625 0.84423828125 0.0048828125 0.0029296875
4 0.09375 0.84228515625 0.001953125 0.0009765625
4 0.0986328125 0.841796875 0.001953125 0.001953125
4 0.05615234375 0.83837890625 0.0009765625 0.0009765625
4 0.5 0.5 1.0 1.0