4 0.1735 0.64075 0.002 0.0015
4 0.16975 0.63925 0.0005 0.0005
4 0.7245 0.63275 0.001 0.0005
4 0.3025 0.63075 0.002 0.0025
4 0.85225 0.63075 0.0275 0.0115
4 0.75 0.62525 0.003 0.0005
4 0.75625 0.625 0.0015 0.001
4 0.75125 0.62375 0.0005 0.0005
4 0.72975 0.6245 0.0015 0.002
4 0.72175 0.62325 0.0005 0.0005
4 0.75525 0.621 0.0025 0.002
4 0.66775 0.61875 0.0015 0.0015
4 0.7525 0.61775 0.001 0.0025
4 0.205 0.615 0.002 0.001
4 0.24875 0.5805 0.1155 0.057
4 0.67725 0.35575 0.0045 0.0025
4 0.336 0.3545 0.002 0.001
4 0.291 0.325 0.11 0.034
4 0.508 0.093 0.002 0.001
4 0.51325 0.09275 0.0035 0.0015
4 0.49375 0.08525 0.0025 0.0005
4 0.474 0.08525 0.003 0.0005
4 0.51075 0.51625 0.6815 0.8665
4 0.4955 0.07725 0.475 0.0255