4 0.4971875 0.815625 0.478125 0.0475
4 0.7371875 0.7915625 0.000625 0.000625
4 0.864375 0.5425 0.00125 0.00125
4 0.1653125 0.531875 0.001875 0.00125
4 0.186875 0.530625 0.00125 0.00125
4 0.16 0.5303125 0.00375 0.001875
4 0.8203125 0.5290625 0.000625 0.000625
4 0.78875 0.529375 0.00125 0.00125
4 0.1646875 0.5284375 0.000625 0.000625
4 0.1540625 0.5278125 0.001875 0.001875
4 0.8 0.525625 0.00125 0.00125
4 0.8375 0.5228125 0.00125 0.000625
4 0.878125 0.5209375 0.00125 0.000625
4 0.196875 0.5215625 0.00125 0.001875
4 0.14 0.5209375 0.00125 0.001875
4 0.8965625 0.5221875 0.010625 0.009375
4 0.89375 0.51625 0.00125 0.00125
4 0.8840625 0.5146875 0.001875 0.000625
4 0.880625 0.5140625 0.0025 0.000625
4 0.8721875 0.51375 0.005625 0.00125
4 0.865625 0.513125 0.00125 0.00125
4 0.863125 0.5128125 0.00125 0.000625
4 0.7890625 0.5115625 0.000625 0.000625
4 0.790625 0.5071875 0.00125 0.000625
4 0.8759375 0.5059375 0.000625 0.000625
4 0.8634375 0.5025 0.004375 0.00125
4 0.48625 0.5428125 0.755 0.135625
4 0.8753125 0.2790625 0.001875 0.001875
4 0.5390625 0.2753125 0.000625 0.000625
4 0.5353125 0.2753125 0.000625 0.000625
4 0.506875 0.275625 0.00125 0.00125
4 0.4684375 0.2753125 0.000625 0.000625
4 0.4071875 0.2746875 0.000625 0.000625
4 0.549375 0.2734375 0.00125 0.000625
4 0.4553125 0.2740625 0.001875 0.001875
4 0.5365625 0.2728125 0.000625 0.000625
4 0.5825 0.2728125 0.00125 0.001875
4 0.4459375 0.2734375 0.001875 0.003125
4 0.56125 0.2725 0.0025 0.0025
4 0.4946875 0.2734375 0.004375 0.004375
4 0.441875 0.271875 0.0025 0.00125
4 0.4646875 0.2725 0.004375 0.00375
4 0.656875 0.270625 0.00125 0.00125
4 0.555 0.271875 0.00375 0.00375
4 0.55125 0.270625 0.0025 0.00125
4 0.4825 0.27125 0.0025 0.0025
4 0.423125 0.2715625 0.00375 0.003125
4 0.42 0.270625 0.00125 0.00125
4 0.4778125 0.2703125 0.001875 0.001875
4 0.6615625 0.2690625 0.000625 0.000625
4 0.669375 0.2684375 0.00125 0.000625
4 0.6490625 0.26875 0.001875 0.00125
4 0.448125 0.2690625 0.0025 0.001875
4 0.335 0.26875 0.00125 0.00125
4 0.108125 0.2684375 0.00125 0.000625
4 0.341875 0.268125 0.00125 0.00125
4 0.3278125 0.2678125 0.000625 0.000625
4 0.78125 0.2671875 0.00125 0.000625
4 0.47625 0.2675 0.00125 0.00125
4 0.3196875 0.2675 0.001875 0.00125
4 0.78875 0.2659375 0.00125 0.000625
4 0.3459375 0.26625 0.001875 0.00125
4 0.3534375 0.265625 0.003125 0.00125
4 0.69125 0.265 0.00125 0.00125
4 0.3325 0.2659375 0.0025 0.003125
4 0.3171875 0.2659375 0.001875 0.003125
4 0.79375 0.2646875 0.00625 0.001875
4 0.7275 0.2640625 0.00125 0.000625
4 0.2703125 0.264375 0.000625 0.00125
4 0.3284375 0.2640625 0.001875 0.001875
4 0.309375 0.26375 0.00375 0.0025
4 0.276875 0.263125 0.00125 0.00125
4 0.2590625 0.2628125 0.001875 0.000625
4 0.804375 0.2628125 0.00375 0.001875
4 0.325 0.2646875 0.00375 0.005625
4 0.8096875 0.2615625 0.000625 0.000625
4 0.749375 0.2609375 0.00375 0.000625
4 0.7434375 0.2615625 0.003125 0.001875
4 0.28375 0.2621875 0.00375 0.003125
4 0.2496875 0.2615625 0.001875 0.001875
4 0.81375 0.2609375 0.00375 0.001875
4 0.7378125 0.26125 0.006875 0.0025
4 0.291875 0.2621875 0.00375 0.005625
4 0.279375 0.26 0.00125 0.00125
4 0.2240625 0.2596875 0.000625 0.000625
4 0.81875 0.259375 0.005 0.0025
4 0.2465625 0.2584375 0.000625 0.000625
4 0.8253125 0.258125 0.004375 0.0025
4 0.8925 0.261875 0.0125 0.01125
4 0.7296875 0.2565625 0.001875 0.000625
4 0.236875 0.256875 0.00125 0.00125
4 0.2221875 0.2559375 0.003125 0.003125
4 0.108125 0.255625 0.00125 0.0025
4 0.7046875 0.2528125 0.001875 0.000625
4 0.183125 0.253125 0.0025 0.0025
4 0.7015625 0.2503125 0.003125 0.001875
4 0.86875 0.2484375 0.005 0.001875
4 0.1225 0.2296875 0.00125 0.000625
4 0.1321875 0.2215625 0.004375 0.003125
4 0.4996875 0.2621875 0.780625 0.140625