4 0.25833333333333336 0.7970833333333334 0.0025 0.0008333333333333334
4 0.24270833333333333 0.7933333333333333 0.0004166666666666667 0.0008333333333333334
4 0.22541666666666665 0.7564583333333333 0.0008333333333333334 0.0004166666666666667
4 0.23833333333333334 0.75625 0.0025 0.0008333333333333334
4 0.22625 0.7554166666666666 0.0008333333333333334 0.0008333333333333334
4 0.2966666666666667 0.7545833333333334 0.0008333333333333334 0.0008333333333333334
4 0.224375 0.7545833333333334 0.00125 0.0008333333333333334
4 0.29833333333333334 0.7533333333333333 0.0008333333333333334 0.0008333333333333334
4 0.3 0.7520833333333333 0.0008333333333333334 0.0008333333333333334
4 0.298125 0.7514583333333333 0.00125 0.00125
4 0.304375 0.7495833333333334 0.0004166666666666667 0.0008333333333333334
4 0.3754166666666667 0.7483333333333333 0.0008333333333333334 0.0008333333333333334
4 0.315625 0.7483333333333333 0.00125 0.0008333333333333334
4 0.305625 0.7472916666666667 0.0004166666666666667 0.0004166666666666667
4 0.374375 0.746875 0.0004166666666666667 0.0004166666666666667
4 0.315 0.7464583333333333 0.0008333333333333334 0.00125
4 0.316875 0.7435416666666667 0.00125 0.00125
4 0.32229166666666664 0.7416666666666667 0.00125 0.0008333333333333334
4 0.19 0.7383333333333333 0.0008333333333333334 0.0008333333333333334
4 0.32145833333333335 0.73875 0.00125 0.0033333333333333335
4 0.32229166666666664 0.733125 0.0004166666666666667 0.0004166666666666667
4 0.32104166666666667 0.7316666666666667 0.00125 0.0008333333333333334
4 0.316875 0.7316666666666667 0.0004166666666666667 0.0008333333333333334
4 0.4610416666666667 0.7266666666666667 0.0004166666666666667 0.0008333333333333334
4 0.2916666666666667 0.72375 0.0025 0.0008333333333333334
4 0.463125 0.723125 0.0004166666666666667 0.0004166666666666667
4 0.17479166666666668 0.7191666666666666 0.00375 0.006666666666666667
4 0.1725 0.714375 0.0008333333333333334 0.00125
4 0.17145833333333332 0.7120833333333333 0.00125 0.0025
4 0.16979166666666667 0.7097916666666667 0.0004166666666666667 0.0004166666666666667
4 0.169375 0.7089583333333334 0.0004166666666666667 0.0004166666666666667
4 0.39125 0.70625 0.0033333333333333335 0.0008333333333333334
4 0.16791666666666666 0.7047916666666667 0.0016666666666666668 0.00125
4 0.16666666666666666 0.7035416666666666 0.0008333333333333334 0.00125
4 0.309375 0.7539583333333333 0.2995833333333333 0.13625
4 0.2579166666666667 0.6689583333333333 0.005 0.0020833333333333333
4 0.2527083333333333 0.6664583333333334 0.00375 0.0020833333333333333
4 0.1425 0.6627083333333333 0.0008333333333333334 0.0004166666666666667
4 0.500625 0.6510416666666666 0.0004166666666666667 0.0004166666666666667
4 0.32166666666666666 0.6779166666666666 0.345 0.05583333333333333
4 0.496875 0.62875 0.0004166666666666667 0.0008333333333333334
4 0.77375 0.568125 0.0008333333333333334 0.0020833333333333333
4 0.4347916666666667 0.5635416666666667 0.0004166666666666667 0.0004166666666666667
4 0.4504166666666667 0.5597916666666667 0.0008333333333333334 0.0004166666666666667
4 0.45979166666666665 0.5575 0.0020833333333333333 0.0008333333333333334
4 0.4660416666666667 0.555625 0.0004166666666666667 0.0004166666666666667
4 0.466875 0.5552083333333333 0.0004166666666666667 0.0004166666666666667
4 0.4691666666666667 0.5545833333333333 0.0016666666666666668 0.0008333333333333334
4 0.41541666666666666 0.5545833333333333 0.0008333333333333334 0.0008333333333333334
4 0.6827083333333334 0.5539583333333333 0.00125 0.0004166666666666667
4 0.679375 0.5541666666666667 0.00125 0.0008333333333333334
4 0.685 0.55375 0.0016666666666666668 0.0008333333333333334
4 0.4716666666666667 0.5535416666666667 0.0008333333333333334 0.0004166666666666667
4 0.4195833333333333 0.5535416666666667 0.0008333333333333334 0.0004166666666666667
4 0.421875 0.553125 0.00125 0.0004166666666666667
4 0.4741666666666667 0.5525 0.0016666666666666668 0.0008333333333333334
4 0.47791666666666666 0.551875 0.0008333333333333334 0.0004166666666666667
4 0.46229166666666666 0.5510416666666667 0.01875 0.00375
4 0.48020833333333335 0.5504166666666667 0.002916666666666667 0.0033333333333333335
4 0.473125 0.54875 0.0020833333333333333 0.0008333333333333334
4 0.48041666666666666 0.5466666666666666 0.0025 0.0008333333333333334
4 0.38166666666666665 0.5497916666666667 0.056666666666666664 0.010416666666666666
4 0.344375 0.5441666666666667 0.0020833333333333333 0.0033333333333333335
4 0.32979166666666665 0.5427083333333333 0.0004166666666666667 0.0004166666666666667
4 0.30375 0.5358333333333334 0.0008333333333333334 0.0008333333333333334
4 0.7216666666666667 0.52375 0.0025 0.0008333333333333334
4 0.8397916666666667 0.521875 0.0004166666666666667 0.0004166666666666667
4 0.38479166666666664 0.521875 0.00125 0.0004166666666666667
4 0.27229166666666665 0.521875 0.0020833333333333333 0.00125
4 0.2704166666666667 0.5208333333333334 0.0008333333333333334 0.0008333333333333334
4 0.269375 0.5202083333333334 0.0004166666666666667 0.0004166666666666667
4 0.520625 0.52 0.00625 0.0025
4 0.690625 0.519375 0.00625 0.002916666666666667
4 0.26645833333333335 0.5185416666666667 0.004583333333333333 0.002916666666666667
4 0.5133333333333333 0.516875 0.0025 0.00125
4 0.7483333333333333 0.51625 0.0008333333333333334 0.0008333333333333334
4 0.4764583333333333 0.5175 0.002916666666666667 0.0033333333333333335
4 0.755625 0.5164583333333334 0.002916666666666667 0.0020833333333333333
4 0.6966666666666667 0.5164583333333334 0.0033333333333333335 0.0020833333333333333
4 0.26125 0.515625 0.0025 0.00125
4 0.403125 0.514375 0.0004166666666666667 0.0004166666666666667
4 0.25854166666666667 0.5141666666666667 0.00125 0.0008333333333333334
4 0.6285416666666667 0.5133333333333333 0.004583333333333333 0.0016666666666666668
4 0.3935416666666667 0.5166666666666667 0.017916666666666668 0.009166666666666667
4 0.490625 0.6372916666666667 0.6970833333333334 0.26125
4 0.370625 0.518125 0.03791666666666667 0.02625
4 0.191875 0.5027083333333333 0.0004166666666666667 0.0004166666666666667
4 0.35333333333333333 0.5197916666666667 0.03916666666666667 0.03625
4 0.34125 0.5183333333333333 0.02666666666666667 0.03833333333333333
4 0.3279166666666667 0.5170833333333333 0.011666666666666667 0.04
4 0.30895833333333333 0.5166666666666667 0.017083333333333332 0.041666666666666664
4 0.410625 0.4922916666666667 0.00125 0.0004166666666666667
4 0.2914583333333333 0.509375 0.23541666666666666 0.05625
4 0.43166666666666664 0.475625 0.0025 0.00375
4 0.7975 0.47270833333333334 0.0016666666666666668 0.0020833333333333333
4 0.7608333333333334 0.466875 0.0016666666666666668 0.0020833333333333333
4 0.77 0.4710416666666667 0.014166666666666666 0.012083333333333333
4 0.79125 0.4791666666666667 0.0275 0.03333333333333333
4 0.41604166666666664 0.47770833333333335 0.025416666666666667 0.03125
4 0.7841666666666667 0.46208333333333335 0.0016666666666666668 0.0008333333333333334
4 0.7497916666666666 0.4660416666666667 0.010416666666666666 0.012083333333333333
4 0.59 0.45916666666666667 0.0008333333333333334 0.0008333333333333334
4 0.5614583333333333 0.45875 0.00125 0.0008333333333333334
4 0.563125 0.458125 0.0004166666666666667 0.0004166666666666667
4 0.588125 0.4575 0.00125 0.0008333333333333334
4 0.5789583333333334 0.456875 0.0004166666666666667 0.0004166666666666667
4 0.561875 0.45666666666666667 0.0004166666666666667 0.0008333333333333334
4 0.53 0.455 0.0008333333333333334 0.0008333333333333334
4 0.5310416666666666 0.4535416666666667 0.0004166666666666667 0.0004166666666666667
4 0.5089583333333333 0.45145833333333335 0.00125 0.00125
4 0.5075 0.45 0.0008333333333333334 0.0008333333333333334
4 0.48895833333333333 0.445 0.0004166666666666667 0.0016666666666666668
4 0.4816666666666667 0.4395833333333333 0.0025 0.0008333333333333334
4 0.7760416666666666 0.3722916666666667 0.0004166666666666667 0.0004166666666666667
4 0.783125 0.37083333333333335 0.004583333333333333 0.0033333333333333335
4 0.5989583333333334 0.43666666666666665 0.36875 0.15166666666666667
4 0.8020833333333334 0.36333333333333334 0.0325 0.015833333333333335
4 0.4085416666666667 0.3566666666666667 0.01125 0.008333333333333333
4 0.7129166666666666 0.35270833333333335 0.04583333333333333 0.009583333333333333
4 0.4064583333333333 0.34729166666666667 0.00125 0.00125
4 0.6872916666666666 0.34625 0.0020833333333333333 0.0008333333333333334
4 0.5772916666666666 0.35791666666666666 0.39458333333333334 0.04416666666666667
4 0.418125 0.3304166666666667 0.00125 0.0008333333333333334
4 0.41333333333333333 0.3310416666666667 0.0075 0.009583333333333333
4 0.5091666666666667 0.31333333333333335 0.0008333333333333334 0.0008333333333333334
4 0.41729166666666667 0.32 0.01375 0.0175
4 0.7454166666666666 0.3129166666666667 0.009166666666666667 0.0075
4 0.7766666666666666 0.31583333333333335 0.0275 0.0175
4 0.4372916666666667 0.31833333333333336 0.044583333333333336 0.0325
4 0.6016666666666667 0.29 0.01 0.006666666666666667
4 0.575 0.295 0.03666666666666667 0.016666666666666666
4 0.6183333333333333 0.28625 0.0025 0.0008333333333333334
4 0.4552083333333333 0.24958333333333332 0.0004166666666666667 0.0008333333333333334
4 0.4422916666666667 0.21833333333333332 0.0004166666666666667 0.0008333333333333334
4 0.7766666666666666 0.21125 0.02 0.005
4 0.7889583333333333 0.208125 0.00375 0.0020833333333333333
4 0.7939583333333333 0.20645833333333333 0.00625 0.002916666666666667
4 0.6989583333333333 0.20125 0.0020833333333333333 0.0008333333333333334
4 0.8014583333333334 0.20270833333333332 0.007916666666666667 0.004583333333333333
4 0.73875 0.198125 0.0008333333333333334 0.0004166666666666667
4 0.741875 0.19729166666666667 0.0004166666666666667 0.0004166666666666667
4 0.7522916666666667 0.194375 0.0004166666666666667 0.0004166666666666667
4 0.75375 0.19395833333333334 0.0008333333333333334 0.0004166666666666667
4 0.7552083333333334 0.19354166666666667 0.0004166666666666667 0.0004166666666666667
4 0.758125 0.1925 0.004583333333333333 0.0016666666666666668
4 0.6970833333333334 0.19291666666666665 0.035 0.006666666666666667
4 0.41 0.18666666666666668 0.0008333333333333334 0.0008333333333333334
4 0.58625 0.24229166666666666 0.36666666666666664 0.13958333333333334
4 0.45979166666666665 0.17125 0.00125 0.0008333333333333334
4 0.458125 0.17166666666666666 0.00125 0.0025
4 0.43083333333333335 0.169375 0.0016666666666666668 0.0020833333333333333
4 0.7652083333333334 0.16729166666666667 0.0004166666666666667 0.0004166666666666667
4 0.46875 0.16875 0.0033333333333333335 0.0033333333333333335
4 0.7685416666666667 0.16645833333333335 0.00375 0.0020833333333333333
4 0.47875 0.16625 0.0008333333333333334 0.0016666666666666668
4 0.7577083333333333 0.16458333333333333 0.007916666666666667 0.006666666666666667
4 0.7395833333333334 0.16229166666666667 0.009166666666666667 0.007083333333333333
4 0.716875 0.16104166666666667 0.009583333333333333 0.007916666666666667
4 0.694375 0.15979166666666667 0.009583333333333333 0.00875
4 0.671875 0.15875 0.01125 0.01
4 0.648125 0.15729166666666666 0.012083333333333333 0.010416666666666666
4 0.6233333333333333 0.15583333333333332 0.0125 0.010833333333333334
4 0.570625 0.15395833333333334 0.01125 0.007916666666666667
4 0.5970833333333333 0.154375 0.013333333333333334 0.010416666666666666