4 0.892 0.7613333333333333 0.0026666666666666666 0.0026666666666666666
4 0.8693333333333333 0.7573333333333333 0.005333333333333333 0.005333333333333333
4 0.8813333333333333 0.7573333333333333 0.008 0.010666666666666666
4 0.86 0.544 0.0026666666666666666 0.005333333333333333
4 0.824 0.54 0.005333333333333333 0.0026666666666666666
4 0.8346666666666667 0.5413333333333333 0.005333333333333333 0.010666666666666666
4 0.848 0.54 0.010666666666666666 0.013333333333333334
4 0.8213333333333334 0.36 0.005333333333333333 0.005333333333333333
4 0.8093333333333333 0.35733333333333334 0.008 0.010666666666666666
4 0.7986666666666666 0.35333333333333333 0.0026666666666666666 0.0026666666666666666
4 0.788 0.3546666666666667 0.0026666666666666666 0.005333333333333333
4 0.18666666666666668 0.43333333333333335 0.17066666666666666 0.2693333333333333
4 0.7493333333333333 0.2 0.005333333333333333 0.005333333333333333
4 0.784 0.20133333333333334 0.05333333333333334 0.013333333333333334
4 0.7053333333333334 0.072 0.0026666666666666666 0.005333333333333333
4 0.7533333333333333 0.07333333333333333 0.018666666666666668 0.013333333333333334
4 0.7253333333333334 0.07333333333333333 0.02666666666666667 0.013333333333333334
4 0.5506666666666666 0.5 0.6426666666666667 1.0