4 0.81982421875 0.80126953125 0.0009765625 0.0009765625
4 0.80859375 0.79443359375 0.001953125 0.0009765625
4 0.82421875 0.79345703125 0.00390625 0.0029296875
4 0.806640625 0.791015625 0.001953125 0.001953125
4 0.80126953125 0.78955078125 0.0048828125 0.0029296875
4 0.814453125 0.78759765625 0.009765625 0.0029296875
4 0.79345703125 0.787109375 0.0009765625 0.001953125
4 0.810546875 0.7822265625 0.001953125 0.001953125
4 0.80517578125 0.78076171875 0.0009765625 0.0009765625
4 0.81591796875 0.77880859375 0.0009765625 0.0009765625
4 0.80224609375 0.77734375 0.0029296875 0.001953125
4 0.828125 0.77587890625 0.001953125 0.0009765625
4 0.80908203125 0.77587890625 0.0009765625 0.0009765625
4 0.78515625 0.7734375 0.00390625 0.001953125
4 0.84130859375 0.7724609375 0.0029296875 0.001953125
4 0.8232421875 0.7724609375 0.001953125 0.001953125
4 0.81396484375 0.77294921875 0.0087890625 0.0048828125
4 0.77685546875 0.7724609375 0.0087890625 0.00390625
4 0.8466796875 0.76953125 0.001953125 0.001953125
4 0.83203125 0.77001953125 0.00390625 0.0029296875
4 0.8515625 0.767578125 0.005859375 0.00390625
4 0.84130859375 0.76708984375 0.0087890625 0.0029296875
4 0.82958984375 0.76611328125 0.0029296875 0.0009765625
4 0.8173828125 0.76611328125 0.001953125 0.0009765625
4 0.810546875 0.76611328125 0.00390625 0.0029296875
4 0.8349609375 0.76416015625 0.001953125 0.0009765625
4 0.8046875 0.7646484375 0.001953125 0.001953125
4 0.84619140625 0.7626953125 0.0029296875 0.001953125
4 0.822265625 0.76025390625 0.01171875 0.0068359375
4 0.8662109375 0.7568359375 0.00390625 0.001953125
4 0.8349609375 0.75634765625 0.001953125 0.0009765625
4 0.82666015625 0.7568359375 0.0029296875 0.001953125
4 0.81494140625 0.759765625 0.0087890625 0.0078125
4 0.8583984375 0.75537109375 0.001953125 0.0009765625
4 0.84619140625 0.75634765625 0.0048828125 0.0029296875
4 0.82080078125 0.75439453125 0.0009765625 0.0009765625
4 0.87109375 0.75390625 0.001953125 0.001953125
4 0.814453125 0.75390625 0.001953125 0.001953125
4 0.86767578125 0.7529296875 0.0009765625 0.001953125
4 0.83642578125 0.75244140625 0.0009765625 0.0009765625
4 0.8798828125 0.7529296875 0.0078125 0.005859375
4 0.85888671875 0.75048828125 0.0009765625 0.0009765625
4 0.77099609375 0.7509765625 0.0029296875 0.001953125
4 0.85498046875 0.7509765625 0.0048828125 0.00390625
4 0.80078125 0.748046875 0.00390625 0.00390625
4 0.79931640625 0.75439453125 0.0224609375 0.0166015625
4 0.82666015625 0.74560546875 0.0009765625 0.0009765625
4 0.84814453125 0.74755859375 0.0087890625 0.0107421875
4 0.83642578125 0.74462890625 0.0146484375 0.0068359375
4 0.81494140625 0.74072265625 0.0009765625 0.0009765625
4 0.82763671875 0.740234375 0.0009765625 0.001953125
4 0.8212890625 0.74072265625 0.00390625 0.0029296875
4 0.79296875 0.7412109375 0.00390625 0.00390625
4 0.91943359375 0.73876953125 0.0009765625 0.0009765625
4 0.86328125 0.74267578125 0.013671875 0.0087890625
4 0.78466796875 0.73828125 0.0029296875 0.001953125
4 0.91064453125 0.73681640625 0.0068359375 0.0029296875
4 0.87255859375 0.73583984375 0.0009765625 0.0009765625
4 0.92236328125 0.73486328125 0.0009765625 0.0009765625
4 0.880859375 0.73681640625 0.005859375 0.0048828125
4 0.8251953125 0.73486328125 0.001953125 0.0009765625
4 0.8203125 0.73486328125 0.00390625 0.0009765625
4 0.89892578125 0.73388671875 0.0009765625 0.0009765625
4 0.78759765625 0.734375 0.0009765625 0.001953125
4 0.92578125 0.73291015625 0.001953125 0.0009765625
4 0.8896484375 0.7353515625 0.0078125 0.005859375
4 0.89306640625 0.73291015625 0.0029296875 0.0029296875
4 0.900390625 0.7255859375 0.001953125 0.001953125
4 0.923828125 0.7265625 0.01171875 0.005859375
4 0.76953125 0.72314453125 0.001953125 0.0029296875
4 0.78076171875 0.72216796875 0.0029296875 0.0029296875
4 0.9248046875 0.71923828125 0.001953125 0.0009765625
4 0.91552734375 0.720703125 0.0029296875 0.00390625
4 0.91552734375 0.7158203125 0.0009765625 0.001953125
4 0.9111328125 0.712890625 0.001953125 0.001953125
4 0.787109375 0.7138671875 0.005859375 0.00390625
4 0.77099609375 0.712890625 0.0009765625 0.001953125
4 0.923828125 0.7119140625 0.001953125 0.001953125
4 0.76318359375 0.71533203125 0.0087890625 0.0087890625
4 0.91943359375 0.71142578125 0.0029296875 0.0029296875
4 0.91259765625 0.70849609375 0.0009765625 0.0009765625
4 0.7685546875 0.70849609375 0.001953125 0.0009765625
4 0.78173828125 0.708984375 0.0146484375 0.00390625
4 0.76123046875 0.7080078125 0.0029296875 0.001953125
4 0.9169921875 0.70654296875 0.00390625 0.0029296875
4 0.763671875 0.70556640625 0.001953125 0.0009765625
4 0.9306640625 0.703125 0.001953125 0.001953125
4 0.92578125 0.703125 0.00390625 0.001953125
4 0.76123046875 0.70263671875 0.0029296875 0.0029296875
4 0.921875 0.70458984375 0.0078125 0.0087890625
4 0.9150390625 0.701171875 0.001953125 0.001953125
4 0.75390625 0.70166015625 0.001953125 0.0029296875
4 0.75830078125 0.69580078125 0.0009765625 0.0009765625
4 0.74609375 0.69873046875 0.005859375 0.0068359375
4 0.9287109375 0.6953125 0.00390625 0.00390625
4 0.93408203125 0.6943359375 0.0029296875 0.00390625
4 0.91796875 0.6865234375 0.001953125 0.001953125
4 0.93017578125 0.68310546875 0.0009765625 0.0009765625
4 0.74560546875 0.6865234375 0.0068359375 0.0078125
4 0.9375 0.6796875 0.001953125 0.001953125
4 0.74658203125 0.67919921875 0.0009765625 0.0009765625
4 0.9443359375 0.677734375 0.001953125 0.001953125
4 0.74365234375 0.6767578125 0.0009765625 0.001953125
4 0.93603515625 0.67431640625 0.0009765625 0.0009765625
4 0.94482421875 0.67236328125 0.0048828125 0.0029296875
4 0.74072265625 0.6689453125 0.0029296875 0.001953125
4 0.94677734375 0.6650390625 0.0029296875 0.00390625
4 0.9560546875 0.66259765625 0.001953125 0.0009765625
4 0.95263671875 0.6611328125 0.0029296875 0.001953125
4 0.73779296875 0.66015625 0.0068359375 0.0078125
4 0.94775390625 0.65380859375 0.0009765625 0.0009765625
4 0.74072265625 0.6533203125 0.0048828125 0.001953125
4 0.95556640625 0.65380859375 0.0029296875 0.0048828125
4 0.732421875 0.654296875 0.0078125 0.0078125
4 0.74658203125 0.64697265625 0.0009765625 0.0009765625
4 0.96484375 0.6357421875 0.001953125 0.00390625
4 0.96923828125 0.6279296875 0.0009765625 0.001953125
4 0.966796875 0.623046875 0.00390625 0.00390625
4 0.97265625 0.6171875 0.001953125 0.001953125
4 0.96728515625 0.61572265625 0.0009765625 0.0009765625
4 0.97607421875 0.6123046875 0.0029296875 0.00390625
4 0.970703125 0.611328125 0.001953125 0.001953125
4 0.9755859375 0.6083984375 0.001953125 0.001953125
4 0.9716796875 0.59912109375 0.001953125 0.0009765625
4 0.97265625 0.59375 0.001953125 0.001953125
4 0.9794921875 0.58349609375 0.001953125 0.0029296875
4 0.9873046875 0.57861328125 0.001953125 0.0029296875
4 0.9892578125 0.564453125 0.001953125 0.001953125
4 0.990234375 0.53759765625 0.001953125 0.0009765625
4 0.9931640625 0.54296875 0.013671875 0.03125
4 0.0234375 0.1552734375 0.001953125 0.001953125
4 0.0322265625 0.15478515625 0.001953125 0.0029296875
4 0.02685546875 0.15185546875 0.0009765625 0.0009765625
4 0.041015625 0.14599609375 0.001953125 0.0029296875
4 0.03857421875 0.14013671875 0.0009765625 0.0009765625
4 0.04296875 0.1396484375 0.001953125 0.001953125
4 0.02587890625 0.12646484375 0.0009765625 0.0009765625
4 0.0322265625 0.1259765625 0.001953125 0.001953125
4 0.0380859375 0.125 0.001953125 0.00390625
4 0.0234375 0.1240234375 0.001953125 0.001953125
4 0.03173828125 0.119140625 0.0029296875 0.001953125
4 0.02490234375 0.119140625 0.0048828125 0.00390625
4 0.5 0.5 1.0 1.0