4 0.8203125 0.80126953125 0.001953125 0.0009765625
4 0.80810546875 0.79443359375 0.0029296875 0.0009765625
4 0.806640625 0.791015625 0.001953125 0.001953125
4 0.79931640625 0.79052734375 0.0009765625 0.0009765625
4 0.80224609375 0.7890625 0.0029296875 0.001953125
4 0.7939453125 0.7880859375 0.001953125 0.00390625
4 0.81005859375 0.7822265625 0.0009765625 0.001953125
4 0.8056640625 0.78076171875 0.001953125 0.0009765625
4 0.8154296875 0.77880859375 0.001953125 0.0029296875
4 0.802734375 0.7783203125 0.001953125 0.001953125
4 0.828125 0.77587890625 0.001953125 0.0009765625
4 0.78564453125 0.7734375 0.0029296875 0.001953125
4 0.84130859375 0.7724609375 0.0029296875 0.001953125
4 0.82275390625 0.7724609375 0.0029296875 0.001953125
4 0.84716796875 0.77001953125 0.0009765625 0.0009765625
4 0.7958984375 0.77587890625 0.009765625 0.0126953125
4 0.7763671875 0.77197265625 0.009765625 0.0048828125
4 0.83203125 0.76953125 0.00390625 0.00390625
4 0.85107421875 0.767578125 0.0048828125 0.00390625
4 0.8427734375 0.76708984375 0.005859375 0.0029296875
4 0.837890625 0.7666015625 0.001953125 0.001953125
4 0.82958984375 0.7666015625 0.0029296875 0.001953125
4 0.8173828125 0.76611328125 0.001953125 0.0009765625
4 0.810546875 0.7666015625 0.00390625 0.001953125
4 0.8349609375 0.7646484375 0.001953125 0.001953125
4 0.8046875 0.7646484375 0.001953125 0.001953125
4 0.8466796875 0.7626953125 0.001953125 0.001953125
4 0.82470703125 0.76171875 0.0068359375 0.00390625
4 0.78369140625 0.759765625 0.0009765625 0.001953125
4 0.86767578125 0.7568359375 0.0029296875 0.001953125
4 0.86474609375 0.75634765625 0.0009765625 0.0009765625
4 0.8349609375 0.7568359375 0.001953125 0.001953125
4 0.82666015625 0.7568359375 0.0029296875 0.001953125
4 0.77001953125 0.7568359375 0.0029296875 0.001953125
4 0.8583984375 0.75537109375 0.001953125 0.0009765625
4 0.84619140625 0.75634765625 0.0048828125 0.0029296875
4 0.8203125 0.75439453125 0.001953125 0.0009765625
4 0.87109375 0.75390625 0.001953125 0.001953125
4 0.814453125 0.75390625 0.001953125 0.001953125
4 0.86767578125 0.75244140625 0.0009765625 0.0009765625
4 0.76708984375 0.75146484375 0.0009765625 0.0009765625
4 0.87939453125 0.7529296875 0.0087890625 0.005859375
4 0.77099609375 0.7509765625 0.0029296875 0.001953125
4 0.85498046875 0.7509765625 0.0048828125 0.00390625
4 0.86474609375 0.74755859375 0.0029296875 0.0029296875
4 0.80078125 0.748046875 0.00390625 0.00390625
4 0.8037109375 0.75537109375 0.033203125 0.0185546875
4 0.82666015625 0.74560546875 0.0009765625 0.0009765625
4 0.859375 0.7451171875 0.005859375 0.00390625
4 0.8486328125 0.74755859375 0.009765625 0.0107421875
4 0.83642578125 0.74462890625 0.0146484375 0.0068359375
4 0.78857421875 0.74169921875 0.0009765625 0.0009765625
4 0.8154296875 0.74072265625 0.001953125 0.0009765625
4 0.80615234375 0.74072265625 0.0009765625 0.0009765625
4 0.86474609375 0.74072265625 0.0107421875 0.0029296875
4 0.82763671875 0.740234375 0.0009765625 0.001953125
4 0.82080078125 0.74072265625 0.0048828125 0.0029296875
4 0.79296875 0.7412109375 0.00390625 0.00390625
4 0.85400390625 0.73876953125 0.0009765625 0.0009765625
4 0.919921875 0.73828125 0.001953125 0.001953125
4 0.9111328125 0.73681640625 0.005859375 0.0029296875
4 0.87255859375 0.73583984375 0.0009765625 0.0009765625
4 0.92236328125 0.73486328125 0.0009765625 0.0009765625
4 0.88134765625 0.73681640625 0.0048828125 0.0048828125
4 0.8251953125 0.73486328125 0.001953125 0.0009765625
4 0.8203125 0.73486328125 0.00390625 0.0009765625
4 0.89892578125 0.73388671875 0.0009765625 0.0009765625
4 0.78759765625 0.734375 0.0009765625 0.001953125
4 0.92529296875 0.73291015625 0.0009765625 0.0009765625
4 0.79052734375 0.73291015625 0.0009765625 0.0009765625
4 0.89013671875 0.73486328125 0.0107421875 0.0068359375
4 0.78466796875 0.73193359375 0.0009765625 0.0009765625
4 0.9248046875 0.7275390625 0.009765625 0.00390625
4 0.900390625 0.7255859375 0.001953125 0.001953125
4 0.9189453125 0.724609375 0.001953125 0.001953125
4 0.76513671875 0.72216796875 0.0009765625 0.0009765625
4 0.78076171875 0.72216796875 0.0029296875 0.0029296875
4 0.76953125 0.72265625 0.001953125 0.00390625
4 0.9248046875 0.71923828125 0.001953125 0.0009765625
4 0.91552734375 0.720703125 0.0029296875 0.00390625
4 0.91552734375 0.71533203125 0.0009765625 0.0009765625
4 0.92626953125 0.71435546875 0.0009765625 0.0009765625
4 0.77099609375 0.71337890625 0.0009765625 0.0009765625
4 0.9111328125 0.712890625 0.001953125 0.001953125
4 0.787109375 0.7138671875 0.005859375 0.00390625
4 0.92333984375 0.7119140625 0.0029296875 0.001953125
4 0.76318359375 0.71533203125 0.0087890625 0.0087890625
4 0.9189453125 0.71142578125 0.001953125 0.0029296875
4 0.912109375 0.70849609375 0.001953125 0.0009765625
4 0.76806640625 0.70849609375 0.0029296875 0.0009765625
4 0.79150390625 0.70751953125 0.0009765625 0.0009765625
4 0.78173828125 0.708984375 0.0146484375 0.00390625
4 0.76123046875 0.7080078125 0.0029296875 0.001953125
4 0.91650390625 0.7060546875 0.0029296875 0.001953125
4 0.763671875 0.70556640625 0.001953125 0.0009765625
4 0.92236328125 0.70654296875 0.0048828125 0.0048828125
4 0.93408203125 0.70361328125 0.0009765625 0.0009765625
4 0.93115234375 0.703125 0.0009765625 0.001953125
4 0.92578125 0.703125 0.00390625 0.001953125
4 0.76123046875 0.70263671875 0.0029296875 0.0029296875
4 0.919921875 0.70166015625 0.001953125 0.0029296875
4 0.9150390625 0.701171875 0.001953125 0.001953125
4 0.75390625 0.70166015625 0.001953125 0.0029296875
4 0.75830078125 0.6953125 0.0009765625 0.001953125
4 0.74658203125 0.6982421875 0.0068359375 0.0078125
4 0.9287109375 0.6953125 0.00390625 0.00390625
4 0.93408203125 0.69482421875 0.0029296875 0.0048828125
4 0.75244140625 0.68896484375 0.0009765625 0.0009765625
4 0.91796875 0.68701171875 0.001953125 0.0009765625
4 0.9296875 0.68310546875 0.001953125 0.0009765625
4 0.74560546875 0.68701171875 0.0068359375 0.0087890625
4 0.93701171875 0.68017578125 0.0029296875 0.0029296875
4 0.74658203125 0.67919921875 0.0009765625 0.0009765625
4 0.94287109375 0.68310546875 0.0107421875 0.0126953125
4 0.74365234375 0.6767578125 0.0009765625 0.001953125
4 0.93603515625 0.67431640625 0.0009765625 0.0009765625
4 0.94482421875 0.67236328125 0.0068359375 0.0048828125
4 0.74072265625 0.6689453125 0.0029296875 0.001953125
4 0.94677734375 0.6650390625 0.0029296875 0.00390625
4 0.9560546875 0.66259765625 0.001953125 0.0009765625
4 0.95263671875 0.6611328125 0.0029296875 0.001953125
4 0.95947265625 0.66064453125 0.0029296875 0.0029296875
4 0.73779296875 0.66015625 0.0068359375 0.0078125
4 0.9482421875 0.654296875 0.001953125 0.001953125
4 0.95556640625 0.65380859375 0.0029296875 0.0048828125
4 0.74072265625 0.6533203125 0.0048828125 0.00390625
4 0.732421875 0.654296875 0.0078125 0.0078125
4 0.74658203125 0.6474609375 0.0009765625 0.001953125
4 0.73486328125 0.63818359375 0.0009765625 0.0009765625
4 0.96435546875 0.6357421875 0.0029296875 0.00390625
4 0.97021484375 0.63232421875 0.0029296875 0.0029296875
4 0.96875 0.6279296875 0.001953125 0.001953125
4 0.966796875 0.623046875 0.00390625 0.00390625
4 0.97265625 0.6171875 0.001953125 0.001953125
4 0.96728515625 0.61572265625 0.0009765625 0.0009765625
4 0.97607421875 0.61279296875 0.0029296875 0.0029296875
4 0.97119140625 0.611328125 0.0029296875 0.001953125
4 0.9755859375 0.60888671875 0.001953125 0.0009765625
4 0.9716796875 0.59912109375 0.001953125 0.0009765625
4 0.97265625 0.59375 0.001953125 0.001953125
4 0.97900390625 0.58349609375 0.0029296875 0.0029296875
4 0.9873046875 0.57763671875 0.001953125 0.0029296875
4 0.9892578125 0.56396484375 0.001953125 0.0009765625
4 0.98583984375 0.55224609375 0.0009765625 0.0009765625
4 0.98681640625 0.537109375 0.0009765625 0.001953125
4 0.99267578125 0.54248046875 0.0146484375 0.0302734375
4 0.0234375 0.1552734375 0.001953125 0.001953125
4 0.0322265625 0.15478515625 0.001953125 0.0029296875
4 0.02685546875 0.15234375 0.0009765625 0.001953125
4 0.041015625 0.14599609375 0.001953125 0.0029296875
4 0.03857421875 0.14013671875 0.0009765625 0.0009765625
4 0.04296875 0.1396484375 0.001953125 0.001953125
4 0.0361328125 0.13671875 0.001953125 0.001953125
4 0.0419921875 0.134765625 0.001953125 0.001953125
4 0.03662109375 0.13232421875 0.0068359375 0.0048828125
4 0.02587890625 0.12646484375 0.0029296875 0.0009765625
4 0.0322265625 0.1259765625 0.001953125 0.001953125
4 0.0380859375 0.125 0.001953125 0.00390625
4 0.0234375 0.1240234375 0.001953125 0.001953125
4 0.02490234375 0.119140625 0.0048828125 0.00390625
4 0.5 0.5 1.0 1.0