3 0.2650523560209424 0.9791154791154791 0.0013089005235602095 0.002457002457002457
3 0.18455497382198952 0.9803439803439803 0.002617801047120419 0.004914004914004914
3 0.12041884816753927 0.9791154791154791 0.002617801047120419 0.002457002457002457
3 0.12172774869109948 0.9656019656019657 0.002617801047120419 0.004914004914004914
3 0.15706806282722513 0.9705159705159705 0.05235602094240838 0.02457002457002457
3 0.12827225130890052 0.9692874692874693 0.005235602094240838 0.022113022113022112
3 0.8743455497382199 0.9692874692874693 0.07068062827225131 0.02702702702702703
3 0.7539267015706806 0.957002457002457 0.002617801047120419 0.002457002457002457
3 0.6420157068062827 0.972972972972973 0.11649214659685864 0.0343980343980344
3 0.5530104712041884 0.957002457002457 0.0013089005235602095 0.002457002457002457
3 0.5412303664921466 0.972972972972973 0.0824607329842932 0.0343980343980344
3 0.46596858638743455 0.9692874692874693 0.07068062827225131 0.02702702702702703
3 0.424738219895288 0.9692874692874693 0.006544502617801047 0.02702702702702703
3 0.40772251308900526 0.9692874692874693 0.02225130890052356 0.02702702702702703
3 0.35209424083769636 0.972972972972973 0.08900523560209424 0.0343980343980344
3 0.27290575916230364 0.957002457002457 0.0013089005235602095 0.002457002457002457
3 0.2526178010471204 0.957002457002457 0.002617801047120419 0.002457002457002457
3 0.22578534031413613 0.9692874692874693 0.07460732984293193 0.02702702702702703
3 0.09489528795811518 0.9717444717444718 0.04319371727748691 0.03194103194103194
3 0.8082460732984293 0.9717444717444718 0.058900523560209424 0.036855036855036855
3 0.7395287958115183 0.9680589680589681 0.07591623036649214 0.029484029484029485
3 0.28861256544502617 0.9680589680589681 0.04057591623036649 0.029484029484029485
3 0.5150523560209425 0.9373464373464373 0.0013089005235602095 0.002457002457002457
3 0.47709424083769636 0.9373464373464373 0.0013089005235602095 0.002457002457002457
3 0.39725130890052357 0.9361179361179361 0.0013089005235602095 0.004914004914004914
3 0.39856020942408377 0.9226044226044227 0.0013089005235602095 0.002457002457002457
3 0.4967277486910995 0.9336609336609336 0.032722513089005235 0.029484029484029485
3 0.5287958115183246 0.9262899262899262 0.01832460732984293 0.02457002457002457
3 0.40445026178010474 0.9250614250614251 0.005235602094240838 0.022113022113022112
3 0.6132198952879581 0.9262899262899262 0.03534031413612566 0.029484029484029485
3 0.5831151832460733 0.914004914004914 0.0013089005235602095 0.004914004914004914
3 0.5647905759162304 0.9287469287469288 0.056282722513089 0.0343980343980344
3 0.4594240837696335 0.9262899262899262 0.031413612565445025 0.029484029484029485
3 0.46465968586387435 0.914004914004914 0.002617801047120419 0.004914004914004914
3 0.4260471204188482 0.9262899262899262 0.03795811518324607 0.029484029484029485
3 0.424738219895288 0.914004914004914 0.0013089005235602095 0.004914004914004914
3 0.3717277486910995 0.9287469287469288 0.04450261780104712 0.0343980343980344
3 0.31086387434554974 0.828009828009828 0.003926701570680628 0.004914004914004914
3 0.7179319371727748 0.8243243243243243 0.030104712041884817 0.02702702702702703
3 0.4718586387434555 0.8255528255528255 0.032722513089005235 0.029484029484029485
3 0.6106020942408377 0.8071253071253072 0.003926701570680628 0.002457002457002457
3 0.5778795811518325 0.8071253071253072 0.003926701570680628 0.002457002457002457
3 0.5595549738219895 0.8071253071253072 0.003926701570680628 0.002457002457002457
3 0.5333769633507853 0.8071253071253072 0.003926701570680628 0.002457002457002457
3 0.6819371727748691 0.8181818181818182 0.028795811518324606 0.029484029484029485
3 0.6452879581151832 0.8181818181818182 0.031413612565445025 0.029484029484029485
3 0.5857329842931938 0.8206388206388207 0.07722513089005235 0.0343980343980344
3 0.5202879581151832 0.8206388206388207 0.05366492146596859 0.0343980343980344
3 0.44044502617801046 0.8181818181818182 0.01963350785340314 0.029484029484029485
3 0.41361256544502617 0.8181818181818182 0.034031413612565446 0.029484029484029485
3 0.3553664921465969 0.8181818181818182 0.07198952879581152 0.029484029484029485
3 0.3023560209424084 0.8181818181818182 0.010471204188481676 0.029484029484029485
3 0.2696335078534031 0.8218673218673219 0.041884816753926704 0.036855036855036855
3 0.6472513089005235 0.7088452088452089 0.006544502617801047 0.007371007371007371
3 0.6976439790575916 0.687960687960688 0.002617801047120419 0.004914004914004914
3 0.6269633507853403 0.6842751842751843 0.005235602094240838 0.007371007371007371
3 0.768324607329843 0.6781326781326781 0.002617801047120419 0.004914004914004914
3 0.7493455497382199 0.6744471744471745 0.014397905759162303 0.012285012285012284
3 0.7853403141361257 0.6695331695331695 0.007853403141361256 0.012285012285012284
3 0.6387434554973822 0.6695331695331695 0.01832460732984293 0.012285012285012284
3 0.5831151832460733 0.6683046683046683 0.006544502617801047 0.014742014742014743
3 0.6132198952879581 0.6646191646191646 0.011780104712041885 0.022113022113022112
3 0.5425392670157068 0.6535626535626535 0.009162303664921465 0.019656019656019656
3 0.587696335078534 0.6412776412776413 0.005235602094240838 0.009828009828009828
3 0.5739528795811518 0.6302211302211302 0.006544502617801047 0.007371007371007371
3 0.5464659685863874 0.6326781326781327 0.006544502617801047 0.012285012285012284
3 0.5818062827225131 0.6228501228501229 0.006544502617801047 0.012285012285012284
3 0.5654450261780105 0.6216216216216216 0.015706806282722512 0.044226044226044224
3 0.5680628272251309 0.5896805896805897 0.002617801047120419 0.004914004914004914
3 0.5922774869109948 0.5638820638820639 0.0013089005235602095 0.002457002457002457
3 0.8553664921465969 0.558968058968059 0.0013089005235602095 0.002457002457002457
3 0.8776178010471204 0.5515970515970516 0.003926701570680628 0.007371007371007371
3 0.8507853403141361 0.5466830466830467 0.002617801047120419 0.002457002457002457
3 0.7643979057591623 0.5491400491400491 0.007853403141361256 0.0171990171990172
3 0.5929319371727748 0.5466830466830467 0.007853403141361256 0.012285012285012284
3 0.8821989528795812 0.5405405405405406 0.002617801047120419 0.004914004914004914
3 0.7859947643979057 0.5417690417690417 0.003926701570680628 0.007371007371007371
3 0.6747382198952879 0.5405405405405406 0.006544502617801047 0.009828009828009828
3 0.743455497382199 0.5036855036855037 0.002617801047120419 0.004914004914004914
3 0.8763089005235603 0.4631449631449631 0.032722513089005235 0.14987714987714987
3 0.7526178010471204 0.538083538083538 0.3586387434554974 0.39803439803439805
3 0.38219895287958117 0.14864864864864866 0.002617801047120419 0.002457002457002457
3 0.39986910994764396 0.13636363636363635 0.0013089005235602095 0.002457002457002457
3 0.2349476439790576 0.1375921375921376 0.009162303664921465 0.014742014742014743
3 0.1806282722513089 0.10196560196560196 0.007853403141361256 0.007371007371007371
3 0.8946335078534031 0.08353808353808354 0.011780104712041885 0.029484029484029485
3 0.6393979057591623 0.08230958230958231 0.04057591623036649 0.085995085995086
3 0.36649214659685864 0.036855036855036855 0.002617801047120419 0.004914004914004914
3 0.20418848167539266 0.03562653562653563 0.002617801047120419 0.007371007371007371
3 0.05301047120418848 0.0343980343980344 0.003926701570680628 0.004914004914004914
3 0.31544502617801046 0.06756756756756757 0.013089005235602094 0.07616707616707617
3 0.24803664921465968 0.06511056511056511 0.061518324607329845 0.07125307125307126
3 0.07722513089005235 0.03562653562653563 0.02617801047120419 0.012285012285012284
3 0.33049738219895286 0.05896805896805897 0.017015706806282723 0.06388206388206388
3 0.23756544502617802 0.3845208845208845 0.4280104712041885 0.714987714987715