3 0.2591145833333333 0.99658203125 0.0015625 0.0029296875
3 0.6692708333333334 0.89697265625 0.0010416666666666667 0.0009765625
3 0.07760416666666667 0.73779296875 0.003125 0.0029296875
3 0.07239583333333334 0.64599609375 0.003125 0.0087890625
3 0.08255208333333333 0.56640625 0.0046875 0.017578125
3 0.88828125 0.55224609375 0.0036458333333333334 0.0029296875
3 0.8541666666666666 0.546875 0.003125 0.00390625
3 0.9450520833333333 0.54443359375 0.005729166666666666 0.0146484375
3 0.9208333333333333 0.541015625 0.013541666666666667 0.0078125
3 0.9361979166666666 0.5263671875 0.0078125 0.013671875
3 0.5791666666666667 0.51318359375 0.0010416666666666667 0.0029296875
3 0.33125 0.5087890625 0.003125 0.00390625
3 0.9427083333333334 0.50732421875 0.004166666666666667 0.0048828125
3 0.32760416666666664 0.505859375 0.0020833333333333333 0.001953125
3 0.9302083333333333 0.50048828125 0.010416666666666666 0.0087890625
3 0.5872395833333334 0.4970703125 0.0026041666666666665 0.0078125
3 0.9091145833333333 0.4765625 0.0026041666666666665 0.00390625
3 0.31796875 0.4755859375 0.005729166666666666 0.00390625
3 0.7908854166666667 0.4736328125 0.005729166666666666 0.005859375
3 0.5393229166666667 0.470703125 0.0015625 0.001953125
3 0.32760416666666664 0.470703125 0.0020833333333333333 0.001953125
3 0.8458333333333333 0.46728515625 0.0010416666666666667 0.0009765625
3 0.5135416666666667 0.46728515625 0.0020833333333333333 0.0029296875
3 0.8763020833333334 0.46484375 0.005729166666666666 0.001953125
3 0.5390625 0.46337890625 0.0010416666666666667 0.0009765625
3 0.521875 0.46337890625 0.0020833333333333333 0.0029296875
3 0.8380208333333333 0.4619140625 0.0020833333333333333 0.00390625
3 0.8903645833333333 0.4619140625 0.0203125 0.01171875
3 0.859375 0.4599609375 0.008333333333333333 0.009765625
3 0.359375 0.45703125 0.003125 0.009765625
3 0.8541666666666666 0.44921875 0.003125 0.001953125
3 0.6841145833333333 0.43896484375 0.0005208333333333333 0.0009765625
3 0.54296875 0.43994140625 0.0046875 0.0029296875
3 0.7583333333333333 0.43603515625 0.004166666666666667 0.0029296875
3 0.60625 0.435546875 0.004166666666666667 0.001953125
3 0.21380208333333334 0.43896484375 0.0036458333333333334 0.0107421875
3 0.8479166666666667 0.43359375 0.0020833333333333333 0.001953125
3 0.5265625 0.43994140625 0.016666666666666666 0.0166015625
3 0.5278645833333333 0.43115234375 0.0005208333333333333 0.0009765625
3 0.8390625 0.4326171875 0.007291666666666667 0.009765625
3 0.39557291666666666 0.43310546875 0.005729166666666666 0.0146484375
3 0.7869791666666667 0.4228515625 0.0010416666666666667 0.001953125
3 0.3888020833333333 0.421875 0.0015625 0.00390625
3 0.35494791666666664 0.4287109375 0.0046875 0.01953125
3 0.39947916666666666 0.42138671875 0.003125 0.0068359375
3 0.5463541666666667 0.41650390625 0.0020833333333333333 0.0029296875
3 0.80390625 0.41650390625 0.0046875 0.0068359375
3 0.77734375 0.4111328125 0.0015625 0.001953125
3 0.11510416666666666 0.41064453125 0.0010416666666666667 0.0029296875
3 0.36484375 0.408203125 0.0005208333333333333 0.001953125
3 0.6921875 0.4140625 0.016666666666666666 0.017578125
3 0.6815104166666667 0.40478515625 0.0026041666666666665 0.0029296875
3 0.6559895833333333 0.39306640625 0.0036458333333333334 0.0029296875
3 0.39427083333333335 0.400390625 0.009375 0.021484375
3 0.12109375 0.4013671875 0.0078125 0.0234375
3 0.16953125 0.39697265625 0.0036458333333333334 0.0166015625
3 0.81484375 0.38623046875 0.0005208333333333333 0.0009765625
3 0.3671875 0.39111328125 0.003125 0.0107421875
3 0.38177083333333334 0.3837890625 0.0010416666666666667 0.001953125
3 0.81484375 0.38037109375 0.0015625 0.0048828125
3 0.3619791666666667 0.3896484375 0.00625 0.0234375
3 0.5966145833333333 0.37646484375 0.0015625 0.0009765625
3 0.6109375 0.373046875 0.003125 0.001953125
3 0.6049479166666667 0.37451171875 0.0067708333333333336 0.0048828125
3 0.8135416666666667 0.37353515625 0.0020833333333333333 0.0048828125
3 0.8096354166666667 0.36572265625 0.0005208333333333333 0.0009765625
3 0.38255208333333335 0.361328125 0.0026041666666666665 0.005859375
3 0.7760416666666666 0.36474609375 0.019791666666666666 0.0146484375
3 0.13697916666666668 0.38330078125 0.021875 0.0537109375
3 0.19921875 0.34716796875 0.0005208333333333333 0.0009765625
3 0.1875 0.3759765625 0.03229166666666667 0.05859375
3 0.19609375 0.34912109375 0.0046875 0.0087890625
3 0.5046875 0.671875 0.8875 0.65625
3 0.190625 0.33740234375 0.005208333333333333 0.0107421875
3 0.19427083333333334 0.3291015625 0.0010416666666666667 0.00390625
3 0.75625 0.36962890625 0.08541666666666667 0.0869140625
3 0.19765625 0.3212890625 0.0046875 0.009765625
3 0.14609375 0.29052734375 0.0026041666666666665 0.0107421875
3 0.1484375 0.29052734375 0.029166666666666667 0.0361328125
3 0.5651041666666666 0.34814453125 0.109375 0.1787109375
3 0.45651041666666664 0.21728515625 0.0005208333333333333 0.0029296875
3 0.4630208333333333 0.212890625 0.005208333333333333 0.0078125
3 0.4122395833333333 0.20703125 0.0026041666666666665 0.00390625
3 0.4666666666666667 0.2060546875 0.0020833333333333333 0.00390625
3 0.44921875 0.20556640625 0.0046875 0.0107421875
3 0.415625 0.20166015625 0.003125 0.0048828125
3 0.48463541666666665 0.19873046875 0.0015625 0.0029296875
3 0.459375 0.20068359375 0.0125 0.0146484375
3 0.4783854166666667 0.1982421875 0.0078125 0.01171875
3 0.4200520833333333 0.1943359375 0.0036458333333333334 0.005859375
3 0.46770833333333334 0.18896484375 0.005208333333333333 0.0068359375
3 0.4747395833333333 0.18798828125 0.005729166666666666 0.0107421875
3 0.23307291666666666 0.20361328125 0.10677083333333333 0.1435546875
3 0.38723958333333336 0.15478515625 0.1046875 0.1455078125