3 0.3485714285714286 0.5507142857142857 0.005714285714285714 0.01
3 0.3264285714285714 0.5514285714285714 0.004285714285714286 0.011428571428571429
3 0.32142857142857145 0.5385714285714286 0.002857142857142857 0.002857142857142857
3 0.3271428571428571 0.5364285714285715 0.002857142857142857 0.004285714285714286
3 0.30142857142857143 0.5357142857142857 0.011428571428571429 0.04
3 0.3342857142857143 0.52 0.014285714285714285 0.014285714285714285
3 0.34285714285714286 0.5035714285714286 0.002857142857142857 0.004285714285714286
3 0.33214285714285713 0.49142857142857144 0.0014285714285714286 0.002857142857142857
3 0.3792857142857143 0.48142857142857143 0.004285714285714286 0.002857142857142857
3 0.3142857142857143 0.48214285714285715 0.002857142857142857 0.007142857142857143
3 0.38285714285714284 0.4707142857142857 0.005714285714285714 0.004285714285714286
3 0.3914285714285714 0.46214285714285713 0.005714285714285714 0.004285714285714286
3 0.3557142857142857 0.45071428571428573 0.002857142857142857 0.0014285714285714286
3 0.3221428571428571 0.4607142857142857 0.015714285714285715 0.02142857142857143
3 0.38785714285714284 0.4514285714285714 0.007142857142857143 0.005714285714285714
3 0.3007142857142857 0.5164285714285715 0.032857142857142856 0.1357142857142857
3 0.28785714285714287 0.4521428571428571 0.004285714285714286 0.007142857142857143
3 0.3507142857142857 0.44285714285714284 0.0014285714285714286 0.002857142857142857
3 0.30357142857142855 0.4421428571428571 0.0014285714285714286 0.0014285714285714286
3 0.4471428571428571 0.43857142857142856 0.002857142857142857 0.002857142857142857
3 0.33714285714285713 0.455 0.008571428571428572 0.03571428571428571
3 0.4564285714285714 0.43714285714285717 0.01 0.002857142857142857
3 0.3171428571428571 0.43214285714285716 0.005714285714285714 0.004285714285714286
3 0.6464285714285715 0.4607142857142857 0.15 0.06428571428571428
3 0.335 0.4357142857142857 0.015714285714285715 0.017142857142857144
3 0.6785714285714286 0.4342857142857143 0.02857142857142857 0.017142857142857144
3 0.4742857142857143 0.42714285714285716 0.008571428571428572 0.002857142857142857
3 0.35428571428571426 0.4307142857142857 0.008571428571428572 0.012857142857142857
3 0.44142857142857145 0.42214285714285715 0.005714285714285714 0.004285714285714286
3 0.31857142857142856 0.42142857142857143 0.002857142857142857 0.002857142857142857
3 0.3007142857142857 0.4228571428571429 0.01 0.008571428571428572
3 0.345 0.4107142857142857 0.004285714285714286 0.0014285714285714286
3 0.7342857142857143 0.41 0.002857142857142857 0.002857142857142857
3 0.3192857142857143 0.40214285714285714 0.004285714285714286 0.004285714285714286
3 0.28785714285714287 0.39785714285714285 0.004285714285714286 0.01
3 0.31357142857142856 0.39071428571428574 0.015714285714285715 0.007142857142857143
3 0.2978571428571429 0.39357142857142857 0.012857142857142857 0.02142857142857143
3 0.44642857142857145 0.38857142857142857 0.03857142857142857 0.025714285714285714
3 0.3842857142857143 0.405 0.08857142857142856 0.08714285714285715
3 0.42714285714285716 0.35714285714285715 0.002857142857142857 0.005714285714285714
3 0.5935714285714285 0.3442857142857143 0.004285714285714286 0.002857142857142857
3 0.46285714285714286 0.22857142857142856 0.005714285714285714 0.008571428571428572
3 0.47214285714285714 0.22714285714285715 0.007142857142857143 0.011428571428571429
3 0.725 0.20714285714285716 0.004285714285714286 0.002857142857142857
3 0.4828571428571429 0.20642857142857143 0.002857142857142857 0.0014285714285714286
3 0.725 0.2007142857142857 0.007142857142857143 0.004285714285714286
3 0.495 0.19714285714285715 0.012857142857142857 0.011428571428571429
3 0.5978571428571429 0.19142857142857142 0.004285714285714286 0.002857142857142857
3 0.585 0.19142857142857142 0.015714285714285715 0.008571428571428572
3 0.5721428571428572 0.18714285714285714 0.0014285714285714286 0.002857142857142857
3 0.3464285714285714 0.18714285714285714 0.0014285714285714286 0.002857142857142857
3 0.6771428571428572 0.18571428571428572 0.07714285714285714 0.022857142857142857
3 0.545 0.505 0.53 0.6842857142857143
3 0.6121428571428571 0.16642857142857143 0.032857142857142856 0.012857142857142857