3 0.3056640625 0.9895833333333334 0.001953125 0.005208333333333333
3 0.17578125 0.9934895833333334 0.01171875 0.013020833333333334
3 0.0654296875 0.94140625 0.005859375 0.0078125
3 0.0595703125 0.9270833333333334 0.005859375 0.015625
3 0.0791015625 0.9544270833333334 0.158203125 0.09114583333333333
3 0.009765625 0.8255208333333334 0.00390625 0.005208333333333333
3 0.240234375 0.76953125 0.0078125 0.013020833333333334
3 0.06640625 0.7630208333333334 0.0078125 0.010416666666666666
3 0.0234375 0.5065104166666666 0.01171875 0.0078125
3 0.41796875 0.26171875 0.00390625 0.018229166666666668
3 0.349609375 0.24479166666666666 0.0078125 0.010416666666666666
3 0.5146484375 0.15755208333333334 0.005859375 0.013020833333333334
3 0.5263671875 0.014322916666666666 0.009765625 0.013020833333333334
3 0.634765625 0.5 0.73046875 1.0