3 0.49673202614379086 0.9901719901719902 0.006535947712418301 0.009828009828009828
3 0.5392156862745098 0.9791154791154791 0.06535947712418301 0.04176904176904177
3 0.5408496732026143 0.9226044226044227 0.006535947712418301 0.007371007371007371
3 0.5253267973856209 0.9103194103194103 0.008169934640522876 0.007371007371007371
3 0.5400326797385621 0.9078624078624079 0.011437908496732025 0.012285012285012284
3 0.4861111111111111 0.8943488943488943 0.004901960784313725 0.004914004914004914
3 0.4812091503267974 0.8882063882063882 0.0016339869281045752 0.002457002457002457
3 0.5253267973856209 0.8906633906633906 0.014705882352941176 0.0171990171990172
3 0.48937908496732024 0.871007371007371 0.004901960784313725 0.007371007371007371
3 0.9035947712418301 0.8648648648648649 0.006535947712418301 0.004914004914004914
3 0.8962418300653595 0.8636363636363636 0.0016339869281045752 0.002457002457002457
3 0.5147058823529411 0.8562653562653563 0.006535947712418301 0.007371007371007371
3 0.4861111111111111 0.855036855036855 0.024509803921568627 0.014742014742014743
3 0.15522875816993464 0.855036855036855 0.006535947712418301 0.019656019656019656
3 0.4681372549019608 0.8464373464373465 0.004901960784313725 0.012285012285012284
3 0.6633986928104575 0.85995085995086 0.05228758169934641 0.05405405405405406
3 0.434640522875817 0.8378378378378378 0.006535947712418301 0.009828009828009828
3 0.34068627450980393 0.8341523341523341 0.0016339869281045752 0.002457002457002457
3 0.1576797385620915 0.8353808353808354 0.0016339869281045752 0.004914004914004914
3 0.03839869281045752 0.8316953316953317 0.004901960784313725 0.002457002457002457
3 0.6830065359477124 0.8304668304668305 0.006535947712418301 0.004914004914004914
3 0.04411764705882353 0.8292383292383292 0.0032679738562091504 0.002457002457002457
3 0.2581699346405229 0.9066339066339066 0.5163398692810458 0.18673218673218672
3 0.6584967320261438 0.8132678132678133 0.006535947712418301 0.004914004914004914
3 0.15359477124183007 0.8144963144963145 0.006535947712418301 0.007371007371007371
3 0.30718954248366015 0.8157248157248157 0.029411764705882353 0.014742014742014743
3 0.3227124183006536 0.8083538083538083 0.004901960784313725 0.004914004914004914
3 0.2687908496732026 0.8243243243243243 0.027777777777777776 0.036855036855036855
3 0.4542483660130719 0.816953316953317 0.016339869281045753 0.03194103194103194
3 0.3374183006535948 0.8022113022113022 0.0016339869281045752 0.002457002457002457
3 0.0915032679738562 0.7997542997542998 0.0032679738562091504 0.002457002457002457
3 0.1184640522875817 0.800982800982801 0.021241830065359478 0.009828009828009828
3 0.43137254901960786 0.8058968058968059 0.0196078431372549 0.02457002457002457
3 0.35049019607843135 0.7985257985257985 0.004901960784313725 0.009828009828009828
3 0.38643790849673204 0.7972972972972973 0.05065359477124183 0.012285012285012284
3 0.4297385620915033 0.7874692874692875 0.0032679738562091504 0.007371007371007371
3 0.2622549019607843 0.7923832923832924 0.011437908496732025 0.02702702702702703
3 0.44362745098039214 0.7800982800982801 0.017973856209150325 0.0171990171990172
3 0.5334967320261438 0.7653562653562653 0.0016339869281045752 0.002457002457002457
3 0.6821895424836601 0.757985257985258 0.008169934640522876 0.007371007371007371
3 0.26552287581699346 0.7567567567567568 0.0016339869281045752 0.004914004914004914
3 0.35049019607843135 0.7530712530712531 0.004901960784313725 0.007371007371007371
3 0.5294117647058824 0.7481572481572482 0.0032679738562091504 0.002457002457002457
3 0.6813725490196079 0.7469287469287469 0.0032679738562091504 0.004914004914004914
3 0.4256535947712418 0.7444717444717445 0.004901960784313725 0.004914004914004914
3 0.5326797385620915 0.7346437346437347 0.0032679738562091504 0.004914004914004914
3 0.579248366013072 0.7395577395577395 0.008169934640522876 0.02457002457002457
3 0.42483660130718953 0.7321867321867321 0.006535947712418301 0.009828009828009828
3 0.33578431372549017 0.7113022113022113 0.0016339869281045752 0.002457002457002457
3 0.5522875816993464 0.7076167076167076 0.00980392156862745 0.02457002457002457
3 0.6584967320261438 0.6965601965601965 0.00980392156862745 0.012285012285012284
3 0.5138888888888888 0.7051597051597052 0.024509803921568627 0.044226044226044224
3 0.5334967320261438 0.7014742014742015 0.008169934640522876 0.04668304668304668
3 0.511437908496732 0.6523341523341524 0.006535947712418301 0.022113022113022112
3 0.33169934640522875 0.6179361179361179 0.0032679738562091504 0.007371007371007371
3 0.9093137254901961 0.7186732186732187 0.18137254901960784 0.21867321867321868
3 0.5498366013071896 0.6105651105651105 0.004901960784313725 0.007371007371007371
3 0.5375816993464052 0.6044226044226044 0.006535947712418301 0.009828009828009828
3 0.4991830065359477 0.5995085995085995 0.004901960784313725 0.004914004914004914
3 0.5490196078431373 0.5933660933660934 0.0032679738562091504 0.007371007371007371
3 0.42892156862745096 0.5737100737100738 0.0016339869281045752 0.007371007371007371
3 0.548202614379085 0.5724815724815725 0.008169934640522876 0.009828009828009828
3 0.5253267973856209 0.5896805896805897 0.03104575163398693 0.044226044226044224
3 0.6633986928104575 0.5466830466830467 0.00980392156862745 0.007371007371007371
3 0.14624183006535948 0.5552825552825553 0.008169934640522876 0.02457002457002457
3 0.15931372549019607 0.5356265356265356 0.008169934640522876 0.009828009828009828
3 0.6568627450980392 0.5184275184275184 0.0032679738562091504 0.004914004914004914
3 0.0727124183006536 0.6437346437346437 0.1454248366013072 0.29975429975429974
3 0.14869281045751634 0.4914004914004914 0.0032679738562091504 0.004914004914004914
3 0.8316993464052288 0.47297297297297297 0.0032679738562091504 0.007371007371007371
3 0.8333333333333334 0.4619164619164619 0.0032679738562091504 0.004914004914004914
3 0.7867647058823529 0.25675675675675674 0.004901960784313725 0.002457002457002457
3 0.7745098039215687 0.25675675675675674 0.006535947712418301 0.002457002457002457
3 0.5 0.5 1.0 1.0