3 0.5533333333333333 0.8653333333333333 0.0026666666666666666 0.0026666666666666666
3 0.692 0.852 0.14133333333333334 0.136
3 0.772 0.7773333333333333 0.0026666666666666666 0.0026666666666666666
3 0.7773333333333333 0.772 0.0026666666666666666 0.0026666666666666666
3 0.7893333333333333 0.76 0.005333333333333333 0.005333333333333333
3 0.8053333333333333 0.744 0.005333333333333333 0.005333333333333333
3 0.35733333333333334 0.7053333333333334 0.3466666666666667 0.28
3 0.12 0.5173333333333333 0.005333333333333333 0.005333333333333333
3 0.108 0.5093333333333333 0.008 0.005333333333333333
3 0.018666666666666668 0.432 0.005333333333333333 0.010666666666666666
3 0.07733333333333334 0.38533333333333336 0.064 0.056
3 0.13466666666666666 0.3293333333333333 0.050666666666666665 0.034666666666666665
3 0.44 0.232 0.10666666666666667 0.08533333333333333
3 0.272 0.19866666666666666 0.02666666666666667 0.034666666666666665
3 0.31066666666666665 0.184 0.0026666666666666666 0.010666666666666666
3 0.24533333333333332 0.324 0.416 0.344
3 0.336 0.11333333333333333 0.058666666666666666 0.04533333333333334