3 0.13802083333333334 0.45703125 0.015625 0.0078125
3 0.1015625 0.185546875 0.026041666666666668 0.01171875
3 0.10416666666666667 0.158203125 0.010416666666666666 0.00390625
3 0.11197916666666667 0.12890625 0.015625 0.015625
3 0.21614583333333334 0.1171875 0.015625 0.015625
3 0.2760416666666667 0.103515625 0.010416666666666666 0.01171875
3 0.2265625 0.0859375 0.015625 0.015625
3 0.3229166666666667 0.060546875 0.020833333333333332 0.01171875
3 0.3385416666666667 0.037109375 0.010416666666666666 0.00390625
3 0.21354166666666666 0.03125 0.020833333333333332 0.015625
3 0.5 0.5 1.0 1.0
3 0.3177083333333333 0.021484375 0.041666666666666664 0.04296875
3 0.2552083333333333 0.005859375 0.041666666666666664 0.01171875
3 0.15364583333333334 0.01171875 0.026041666666666668 0.0234375