3 0.22925 0.9992498124531133 0.0015 0.0015003750937734434
3 0.24475 0.9984996249062266 0.0015 0.003000750187546887
3 0.236 0.9909977494373593 0.001 0.0015003750937734434
3 0.617 0.9804951237809453 0.004 0.003000750187546887
3 0.24775 0.978244561140285 0.0015 0.0015003750937734434
3 0.615 0.9707426856714179 0.015 0.006001500375093774
3 0.59975 0.9632408102025506 0.0005 0.0015003750937734434
3 0.683 0.9538634658664666 0.001 0.002250562640660165
3 0.62475 0.9422355588897224 0.0025 0.00450112528132033
3 0.59625 0.9302325581395349 0.0035 0.00900225056264066
3 0.987 0.9126031507876969 0.003 0.011252813203300824
3 0.61125 0.8990997749437359 0.0035 0.011252813203300824
3 0.9805 0.8893473368342085 0.001 0.002250562640660165
3 0.61775 0.8807201800450113 0.0055 0.007501875468867217
3 0.623 0.8743435858964741 0.003 0.0037509377344336083
3 0.60725 0.8687171792948237 0.0015 0.0015003750937734434
3 0.63475 0.8900975243810952 0.0155 0.056264066016504126
3 0.93925 0.8540885221305327 0.0015 0.002250562640660165
3 0.6315 0.8540885221305327 0.002 0.002250562640660165
3 0.6355 0.8522130532633159 0.001 0.0015003750937734434
3 0.629 0.8417104276069017 0.01 0.010502625656414103
3 0.6165 0.8360840210052514 0.001 0.0007501875468867217
3 0.57975 0.8165791447861965 0.0005 0.0007501875468867217
3 0.578 0.8135783945986497 0.002 0.005251312828207052
3 0.681 0.7970742685671418 0.009 0.014253563390847712
3 0.6445 0.7730682670667667 0.007 0.011252813203300824
3 0.68875 0.7625656414103525 0.0065 0.005251312828207052
3 0.6955 0.6905476369092273 0.002 0.0037509377344336083
3 0.69275 0.6882970742685671 0.0025 0.0037509377344336083
3 0.68875 0.6474118529632408 0.0045 0.0015003750937734434
3 0.682 0.6350337584396099 0.006 0.005251312828207052
3 0.69975 0.5933983495873969 0.0065 0.00450112528132033
3 0.69325 0.5903975993998499 0.0025 0.003000750187546887
3 0.72025 0.5510127531882971 0.0095 0.011252813203300824
3 0.72675 0.5438859714928732 0.0055 0.007501875468867217
3 0.18425 0.4283570892723181 0.0065 0.007501875468867217
3 0.4915 0.35521380345086273 0.001 0.0037509377344336083
3 0.48775 0.3514628657164291 0.0015 0.005251312828207052
3 0.49275 0.3488372093023256 0.0025 0.006001500375093774
3 0.09625 0.34321080270067517 0.0035 0.008252063015753939
3 0.11025 0.34171042760690173 0.0025 0.006751687921980495
3 0.09925 0.3420855213803451 0.0025 0.007501875468867217
3 0.10675 0.340960240060015 0.0035 0.006751687921980495
3 0.1035 0.340960240060015 0.004 0.008252063015753939
3 0.12575 0.3379594898724681 0.0085 0.006751687921980495
3 0.09275 0.33308327081770445 0.0005 0.0015003750937734434
3 0.44875 0.32970742685671417 0.0005 0.0007501875468867217
3 0.2175 0.33758439609902474 0.004 0.016504126031507877
3 0.31875 0.33233308327081773 0.0085 0.01350337584396099
3 0.257 0.3169542385596399 0.035 0.03075768942235559
3 0.2665 0.3267066766691673 0.087 0.07576894223555888
3 0.4485 0.27156789197299325 0.001 0.0015003750937734434
3 0.32625 0.2726931732933233 0.0175 0.020255063765941484
3 0.392 0.25806451612903225 0.006 0.007501875468867217
3 0.45 0.29069767441860467 0.074 0.07576894223555888
3 0.485 0.24868717179294825 0.002 0.002250562640660165
3 0.444 0.245311327831958 0.002 0.0015003750937734434
3 0.3195 0.25131282820705175 0.023 0.021005251312828207
3 0.42175 0.2509377344336084 0.0345 0.029257314328582147
3 0.1705 0.22280570142535633 0.002 0.003000750187546887
3 0.324 0.22243060765191297 0.002 0.005251312828207052
3 0.45375 0.22618154538634658 0.0105 0.0172543135783946
3 0.19825 0.25468867216804203 0.0485 0.08327081770442611
3 0.5425 0.22018004501125282 0.014 0.023255813953488372
3 0.5665 0.17104276069017255 0.01 0.01350337584396099
3 0.55825 0.12528132033008252 0.0075 0.010502625656414103
3 0.5405 0.09564891222805702 0.002 0.002250562640660165
3 0.49425 0.1005251312828207 0.0075 0.012003000750187547
3 0.53 0.09302325581395349 0.004 0.007501875468867217
3 0.5165 0.08664666166541636 0.003 0.002250562640660165
3 0.5 0.5 1.0 1.0
3 0.292 0.1072768192048012 0.109 0.2145536384096024
3 0.076 0.0007501875468867217 0.002 0.0015003750937734434