3 0.0810546875 0.6080729166666666 0.005859375 0.0078125
3 0.0283203125 0.5885416666666666 0.005859375 0.010416666666666666
3 0.1572265625 0.5794270833333334 0.001953125 0.0026041666666666665
3 0.0107421875 0.5846354166666666 0.021484375 0.018229166666666668
3 0.0595703125 0.5755208333333334 0.009765625 0.010416666666666666
3 0.1640625 0.56640625 0.00390625 0.0078125
3 0.0556640625 0.5625 0.005859375 0.005208333333333333
3 0.1015625 0.5520833333333334 0.01171875 0.005208333333333333
3 0.1484375 0.5520833333333334 0.00390625 0.015625
3 0.2041015625 0.5390625 0.001953125 0.005208333333333333
3 0.2109375 0.5247395833333334 0.00390625 0.0078125
3 0.2001953125 0.49609375 0.001953125 0.0026041666666666665
3 0.1904296875 0.4830729166666667 0.001953125 0.0026041666666666665
3 0.2041015625 0.4192708333333333 0.005859375 0.010416666666666666
3 0.5 0.5 1.0 1.0