3 0.009027777777777777 0.54375 0.009722222222222222 0.004166666666666667
3 0.0006944444444444445 0.5416666666666666 0.001388888888888889 0.004166666666666667
3 0.9527777777777777 0.465625 0.002777777777777778 0.00625
3 0.0020833333333333333 0.4625 0.004166666666666667 0.004166666666666667
3 0.9569444444444445 0.453125 0.002777777777777778 0.0020833333333333333
3 0.9145833333333333 0.434375 0.001388888888888889 0.0020833333333333333
3 0.22083333333333333 0.43645833333333334 0.005555555555555556 0.010416666666666666
3 0.029166666666666667 0.43333333333333335 0.002777777777777778 0.004166666666666667
3 0.9243055555555556 0.428125 0.004166666666666667 0.010416666666666666
3 0.02847222222222222 0.35833333333333334 0.0125 0.008333333333333333
3 0.11666666666666667 0.34791666666666665 0.002777777777777778 0.004166666666666667
3 0.2 0.2875 0.002777777777777778 0.008333333333333333
3 0.21944444444444444 0.284375 0.002777777777777778 0.00625
3 0.7138888888888889 0.28125 0.008333333333333333 0.0125
3 0.22013888888888888 0.2708333333333333 0.004166666666666667 0.008333333333333333
3 0.19652777777777777 0.26145833333333335 0.001388888888888889 0.0020833333333333333
3 0.20972222222222223 0.2604166666666667 0.005555555555555556 0.0125
3 0.07847222222222222 0.25416666666666665 0.001388888888888889 0.008333333333333333
3 0.09722222222222222 0.34791666666666665 0.19444444444444445 0.20833333333333334
3 0.7666666666666667 0.25104166666666666 0.008333333333333333 0.035416666666666666
3 0.16597222222222222 0.23020833333333332 0.004166666666666667 0.010416666666666666
3 0.7791666666666667 0.225 0.002777777777777778 0.004166666666666667
3 0.05555555555555555 0.221875 0.013888888888888888 0.010416666666666666
3 0.16875 0.21875 0.004166666666666667 0.008333333333333333
3 0.022916666666666665 0.20416666666666666 0.004166666666666667 0.008333333333333333
3 0.7715277777777778 0.209375 0.006944444444444444 0.022916666666666665
3 0.76875 0.18645833333333334 0.0125 0.01875
3 0.5673611111111111 0.14479166666666668 0.001388888888888889 0.0020833333333333333
3 0.76875 0.15208333333333332 0.006944444444444444 0.04583333333333333
3 0.5 0.5552083333333333 1.0 0.8895833333333333
3 0.27569444444444446 0.09375 0.006944444444444444 0.004166666666666667
3 0.5125 0.08333333333333333 0.002777777777777778 0.004166666666666667
3 0.20625 0.08229166666666667 0.006944444444444444 0.00625
3 0.08263888888888889 0.07395833333333333 0.001388888888888889 0.0020833333333333333
3 0.7701388888888889 0.06979166666666667 0.004166666666666667 0.00625
3 0.3486111111111111 0.053125 0.022222222222222223 0.014583333333333334
3 0.3388888888888889 0.036458333333333336 0.005555555555555556 0.014583333333333334
3 0.5576388888888889 0.08020833333333334 0.07361111111111111 0.11041666666666666
3 0.9416666666666667 0.05416666666666667 0.11666666666666667 0.10833333333333334
3 0.83125 0.0625 0.10694444444444444 0.125
3 0.5631944444444444 0.007291666666666667 0.006944444444444444 0.014583333333333334
3 0.4152777777777778 0.003125 0.005555555555555556 0.00625
3 0.2722222222222222 0.019791666666666666 0.011111111111111112 0.03958333333333333