3 0.47719594594594594 0.6182432432432432 0.0016891891891891893 0.0033783783783783786
3 0.43327702702702703 0.6148648648648649 0.005067567567567568 0.0033783783783783786
3 0.49408783783783783 0.6072635135135135 0.008445945945945946 0.008445945945945946
3 0.41047297297297297 0.6021959459459459 0.02702702702702703 0.018581081081081082
3 0.5481418918918919 0.5836148648648649 0.0016891891891891893 0.0016891891891891893
3 0.49915540540540543 0.5802364864864865 0.0016891891891891893 0.0016891891891891893
3 0.5092905405405406 0.575168918918919 0.0016891891891891893 0.0016891891891891893
3 0.27449324324324326 0.5574324324324325 0.005067567567567568 0.0033783783783783786
3 0.5295608108108109 0.5481418918918919 0.005067567567567568 0.005067567567567568
3 0.09206081081081081 0.4907094594594595 0.015202702702702704 0.008445945945945946
3 0.1097972972972973 0.4814189189189189 0.013513513513513514 0.006756756756756757
3 0.13851351351351351 0.44932432432432434 0.0033783783783783786 0.0033783783783783786
3 0.10050675675675676 0.4282094594594595 0.005067567567567568 0.005067567567567568
3 0.12246621621621621 0.42736486486486486 0.015202702702702704 0.010135135135135136
3 0.11908783783783784 0.41300675675675674 0.0016891891891891893 0.0016891891891891893
3 0.0625 0.4096283783783784 0.010135135135135136 0.03547297297297297
3 0.06672297297297297 0.38682432432432434 0.005067567567567568 0.006756756756756757
3 0.18158783783783783 0.4045608108108108 0.07263513513513513 0.19425675675675674
3 0.5084459459459459 0.4864864864864865 0.9290540540540541 0.38175675675675674