3 0.5186666666666667 0.9106666666666666 0.008 0.008
3 0.38666666666666666 0.8226666666666667 0.192 0.13066666666666665
3 0.244 0.7293333333333333 0.04533333333333334 0.034666666666666665
3 0.19466666666666665 0.6986666666666667 0.021333333333333333 0.021333333333333333
3 0.4866666666666667 0.6626666666666666 0.013333333333333334 0.008
3 0.13466666666666666 0.66 0.008 0.008
3 0.4746666666666667 0.756 0.2986666666666667 0.216
3 0.42533333333333334 0.6733333333333333 0.15733333333333333 0.08266666666666667
3 0.37066666666666664 0.624 0.010666666666666666 0.010666666666666666
3 0.32133333333333336 0.632 0.018666666666666668 0.02666666666666667
3 0.3466666666666667 0.6266666666666667 0.016 0.021333333333333333
3 0.4186666666666667 0.6173333333333333 0.016 0.013333333333333334
3 0.09066666666666667 0.38 0.010666666666666666 0.013333333333333334
3 0.4493333333333333 0.33866666666666667 0.0026666666666666666 0.005333333333333333
3 0.43733333333333335 0.33866666666666667 0.010666666666666666 0.005333333333333333
3 0.4653333333333333 0.29733333333333334 0.0026666666666666666 0.0026666666666666666
3 0.10533333333333333 0.284 0.013333333333333334 0.008
3 0.3506666666666667 0.2733333333333333 0.0026666666666666666 0.0026666666666666666
3 0.708 0.25733333333333336 0.0026666666666666666 0.0026666666666666666
3 0.42 0.20666666666666667 0.0026666666666666666 0.0026666666666666666
3 0.756 0.2 0.008 0.005333333333333333
3 0.2946666666666667 0.31066666666666665 0.2853333333333333 0.24266666666666667
3 0.7146666666666667 0.16266666666666665 0.010666666666666666 0.016
3 0.712 0.13866666666666666 0.005333333333333333 0.005333333333333333
3 0.5733333333333334 0.09866666666666667 0.05333333333333334 0.032