3 0.22925 0.9992498124531133 0.0015 0.0015003750937734434
3 0.24475 0.9984996249062266 0.0015 0.003000750187546887
3 0.236 0.9913728432108027 0.001 0.0007501875468867217
3 0.61675 0.9804951237809453 0.0035 0.003000750187546887
3 0.24775 0.978244561140285 0.0015 0.0015003750937734434
3 0.61475 0.9707426856714179 0.0145 0.006001500375093774
3 0.60675 0.9673668417104276 0.0005 0.0007501875468867217
3 0.59975 0.963615903975994 0.0005 0.0007501875468867217
3 0.68275 0.95423855963991 0.0005 0.003000750187546887
3 0.62475 0.9426106526631658 0.0025 0.0037509377344336083
3 0.59625 0.9298574643660915 0.0035 0.009752438109527382
3 0.987 0.9122280570142536 0.003 0.012003000750187547
3 0.63975 0.9069767441860465 0.0055 0.024006001500375095
3 0.61125 0.8994748687171793 0.0035 0.010502625656414103
3 0.61775 0.8807201800450113 0.0055 0.007501875468867217
3 0.62375 0.8735933983495874 0.0025 0.002250562640660165
3 0.60725 0.8687171792948237 0.0015 0.0015003750937734434
3 0.63475 0.8777194298574643 0.0155 0.03150787696924231
3 0.63125 0.854463615903976 0.0015 0.0015003750937734434
3 0.939 0.8537134283570893 0.001 0.0015003750937734434
3 0.63525 0.8518379594898725 0.0005 0.0007501875468867217
3 0.92975 0.840960240060015 0.0005 0.0015003750937734434
3 0.62925 0.8420855213803451 0.0105 0.009752438109527382
3 0.61675 0.8360840210052514 0.0015 0.0007501875468867217
3 0.57875 0.813953488372093 0.0035 0.006001500375093774
3 0.681 0.7966991747936985 0.009 0.01350337584396099
3 0.6445 0.7726931732933233 0.007 0.010502625656414103
3 0.68875 0.7625656414103525 0.0065 0.005251312828207052
3 0.6955 0.6901725431357839 0.002 0.003000750187546887
3 0.69275 0.6882970742685671 0.0025 0.0037509377344336083
3 0.68875 0.6474118529632408 0.0045 0.0015003750937734434
3 0.682 0.6350337584396099 0.006 0.005251312828207052
3 0.69975 0.5933983495873969 0.0065 0.00450112528132033
3 0.69325 0.5903975993998499 0.0025 0.003000750187546887
3 0.72025 0.5513878469617405 0.0095 0.010502625656414103
3 0.72675 0.5438859714928732 0.0055 0.007501875468867217
3 0.18425 0.4283570892723181 0.0065 0.007501875468867217
3 0.4875 0.3563390847711928 0.003 0.016504126031507877
3 0.09625 0.34321080270067517 0.0035 0.008252063015753939
3 0.09925 0.3420855213803451 0.0025 0.007501875468867217
3 0.1065 0.3413353338334584 0.01 0.007501875468867217
3 0.126 0.33833458364591146 0.008 0.006001500375093774
3 0.21725 0.33758439609902474 0.0035 0.016504126031507877
3 0.31925 0.3319579894973743 0.0085 0.012753188297074268
3 0.22625 0.3360840210052513 0.0065 0.021005251312828207
3 0.257 0.3169542385596399 0.035 0.03075768942235559
3 0.26925 0.32633158289572395 0.0815 0.07501875468867217
3 0.32625 0.27344336084021004 0.0175 0.020255063765941484
3 0.32325 0.26069017254313576 0.0015 0.002250562640660165
3 0.39225 0.25806451612903225 0.0065 0.007501875468867217
3 0.45 0.291072768192048 0.074 0.07501875468867217
3 0.485 0.24868717179294825 0.002 0.002250562640660165
3 0.4445 0.245311327831958 0.002 0.0015003750937734434
3 0.3195 0.24943735933983496 0.023 0.0172543135783946
3 0.422 0.2509377344336084 0.034 0.029257314328582147
3 0.17025 0.2231807951987997 0.0015 0.002250562640660165
3 0.324 0.22243060765191297 0.002 0.0037509377344336083
3 0.45375 0.22618154538634658 0.0105 0.0172543135783946
3 0.19825 0.25468867216804203 0.0485 0.08327081770442611
3 0.5425 0.22018004501125282 0.014 0.023255813953488372
3 0.5665 0.17104276069017255 0.01 0.01350337584396099
3 0.5585 0.12565641410352588 0.008 0.009752438109527382
3 0.5405 0.09527381845461365 0.001 0.0015003750937734434
3 0.49425 0.1005251312828207 0.0075 0.012003000750187547
3 0.53 0.09302325581395349 0.004 0.007501875468867217
3 0.5165 0.08627156789197299 0.003 0.003000750187546887
3 0.5 0.5 1.0 1.0
3 0.292 0.10690172543135784 0.109 0.21380345086271568