3 0.203125 0.99609375 0.03125 0.0078125
3 0.2578125 0.9934895833333334 0.01953125 0.013020833333333334
3 0.125 0.9388020833333334 0.08203125 0.12239583333333333
3 0.0703125 0.8489583333333334 0.015625 0.026041666666666668
3 0.048828125 0.8229166666666666 0.00390625 0.010416666666666666
3 0.0419921875 0.6236979166666666 0.005859375 0.0078125
3 0.005859375 0.34765625 0.01171875 0.0078125
3 0.4951171875 0.2265625 0.005859375 0.005208333333333333
3 0.4970703125 0.21614583333333334 0.005859375 0.005208333333333333
3 0.30078125 0.21484375 0.01953125 0.028645833333333332
3 0.4765625 0.18229166666666666 0.0078125 0.015625
3 0.30859375 0.16536458333333334 0.0078125 0.0078125
3 0.458984375 0.1640625 0.015625 0.015625
3 0.509765625 0.15104166666666666 0.01953125 0.057291666666666664
3 0.5263671875 0.11588541666666667 0.005859375 0.0078125
3 0.3623046875 0.08723958333333333 0.005859375 0.0078125
3 0.560546875 0.5 0.87890625 1.0