3 0.8261538461538461 0.6153846153846154 0.004615384615384616 0.004195804195804196
3 0.8 0.6122377622377623 0.0015384615384615385 0.002097902097902098
3 0.8661538461538462 0.6146853146853147 0.007692307692307693 0.009790209790209791
3 0.8253846153846154 0.6087412587412587 0.0015384615384615385 0.0006993006993006993
3 0.805 0.6073426573426574 0.0038461538461538464 0.006293706293706294
3 0.8911538461538462 0.6027972027972028 0.0007692307692307692 0.0013986013986013986
3 0.8823076923076923 0.5968531468531468 0.0015384615384615385 0.002097902097902098
3 0.8084615384615385 0.5926573426573427 0.021538461538461538 0.024475524475524476
3 0.8092307692307692 0.5814685314685315 0.003076923076923077 0.0034965034965034965
3 0.8819230769230769 0.5765734265734266 0.002307692307692308 0.00909090909090909
3 0.8346153846153846 0.5769230769230769 0.026153846153846153 0.015384615384615385
3 0.8553846153846154 0.5944055944055944 0.036923076923076927 0.05454545454545454
3 0.8807692307692307 0.5671328671328671 0.0015384615384615385 0.004195804195804196
3 0.8830769230769231 0.5608391608391609 0.0015384615384615385 0.0013986013986013986
3 0.8826923076923077 0.5548951048951049 0.0007692307692307692 0.0006993006993006993
3 0.8242307692307692 0.5503496503496503 0.002307692307692308 0.0013986013986013986
3 0.806923076923077 0.5597902097902098 0.009230769230769232 0.021678321678321677
3 0.8819230769230769 0.5444055944055944 0.0007692307692307692 0.002097902097902098
3 0.805 0.5451048951048951 0.0038461538461538464 0.0048951048951048955
3 0.8061538461538461 0.5391608391608391 0.0015384615384615385 0.002797202797202797
3 0.8819230769230769 0.5395104895104895 0.0007692307692307692 0.0048951048951048955
3 0.8226923076923077 0.5377622377622377 0.0007692307692307692 0.004195804195804196
3 0.835 0.5307692307692308 0.0038461538461538464 0.008391608391608392
3 0.8061538461538461 0.5307692307692308 0.004615384615384616 0.012587412587412588
3 0.8484615384615385 0.5206293706293706 0.009230769230769232 0.00909090909090909
3 0.815 0.49615384615384617 0.005384615384615384 0.023076923076923078
3 0.82 0.4811188811188811 0.0015384615384615385 0.002797202797202797
3 0.8626923076923076 0.5223776223776224 0.023846153846153847 0.09230769230769231
3 0.8061538461538461 0.47692307692307695 0.006153846153846154 0.004195804195804196
3 0.12538461538461537 0.48776223776223776 0.009230769230769232 0.032867132867132866
3 0.7992307692307692 0.46223776223776225 0.003076923076923077 0.022377622377622378
3 0.12038461538461538 0.45314685314685316 0.005384615384615384 0.006993006993006993
3 0.7984615384615384 0.44300699300699303 0.003076923076923077 0.006293706293706294
3 0.7980769230769231 0.43566433566433566 0.002307692307692308 0.002797202797202797
3 0.8073076923076923 0.4269230769230769 0.008461538461538461 0.00909090909090909
3 0.7976923076923077 0.42482517482517484 0.003076923076923077 0.011888111888111888
3 0.808076923076923 0.41818181818181815 0.01 0.005594405594405594
3 0.8769230769230769 0.40804195804195803 0.003076923076923077 0.0006993006993006993
3 0.7542307692307693 0.4024475524475524 0.0007692307692307692 0.002097902097902098
3 0.7496153846153846 0.3965034965034965 0.005384615384615384 0.009790209790209791
3 0.49153846153846154 0.4881118881118881 0.8353846153846154 0.48391608391608393
3 0.07307692307692308 0.25 0.004615384615384616 0.01048951048951049