3 0.27734375 0.9934895833333334 0.01171875 0.013020833333333334
3 0.21875 0.96875 0.00390625 0.015625
3 0.2783203125 0.9583333333333334 0.005859375 0.041666666666666664
3 0.1328125 0.9270833333333334 0.265625 0.14583333333333334
3 0.28515625 0.81640625 0.00390625 0.0026041666666666665
3 0.009765625 0.7981770833333334 0.01953125 0.013020833333333334
3 0.2890625 0.6705729166666666 0.00390625 0.0078125
3 0.27734375 0.6731770833333334 0.00390625 0.0234375
3 0.08203125 0.40625 0.00390625 0.005208333333333333
3 0.2421875 0.14322916666666666 0.0078125 0.010416666666666666
3 0.615234375 0.5 0.76953125 1.0