3 0.8545 0.8695 0.195 0.189
3 0.7555 0.7015 0.003 0.003
3 0.76 0.694 0.002 0.004
3 0.7615 0.689 0.001 0.002
3 0.7395 0.6885 0.001 0.001
3 0.746 0.6575 0.002 0.003
3 0.5485 0.6175 0.001 0.001
3 0.1305 0.58 0.003 0.004
3 0.132 0.572 0.004 0.008
3 0.59 0.5545 0.002 0.009
3 0.6115 0.547 0.001 0.01
3 0.5905 0.543 0.001 0.002
3 0.6125 0.5355 0.003 0.007
3 0.19 0.5215 0.002 0.003
3 0.193 0.513 0.002 0.008
3 0.529 0.4975 0.002 0.003
3 0.1825 0.496 0.003 0.004
3 0.533 0.4665 0.008 0.025
3 0.5485 0.438 0.003 0.012
3 0.543 0.404 0.024 0.092
3 0.536 0.3535 0.002 0.003
3 0.231 0.375 0.008 0.048
3 0.222 0.334 0.006 0.002
3 0.1895 0.4155 0.075 0.177
3 0.554 0.328 0.002 0.014
3 0.3495 0.313 0.001 0.002
3 0.557 0.2915 0.004 0.009
3 0.362 0.261 0.004 0.002
3 0.58 0.382 0.696 0.63