3 0.12135416666666667 0.98515625 0.0010416666666666667 0.0015625
3 0.11666666666666667 0.98515625 0.0020833333333333333 0.0015625
3 0.32864583333333336 0.96015625 0.0010416666666666667 0.0015625
3 0.6192708333333333 0.92890625 0.0010416666666666667 0.0015625
3 0.278125 0.93046875 0.004166666666666667 0.0046875
3 0.06822916666666666 0.91796875 0.0010416666666666667 0.0015625
3 0.0484375 0.9171875 0.023958333333333335 0.0125
3 0.016145833333333335 0.90859375 0.003125 0.0046875
3 0.171875 0.903125 0.004166666666666667 0.009375
3 0.3640625 0.91640625 0.06979166666666667 0.0390625
3 0.026041666666666668 0.90234375 0.004166666666666667 0.0109375
3 0.31145833333333334 0.89609375 0.004166666666666667 0.0109375
3 0.5171875 0.88984375 0.0010416666666666667 0.0015625
3 0.027604166666666666 0.88828125 0.0010416666666666667 0.0015625
3 0.23541666666666666 0.88515625 0.0020833333333333333 0.0015625
3 0.041666666666666664 0.89609375 0.020833333333333332 0.0234375
3 0.23697916666666666 0.90703125 0.042708333333333334 0.0515625
3 0.3651041666666667 0.88515625 0.009375 0.0140625
3 0.08802083333333334 0.88125 0.003125 0.00625
3 0.0640625 0.88671875 0.011458333333333333 0.0234375
3 0.034375 0.87265625 0.008333333333333333 0.0109375
3 0.14114583333333333 0.89453125 0.051041666666666666 0.0703125
3 0.05364583333333333 0.8578125 0.0010416666666666667 0.003125
3 0.43854166666666666 0.85546875 0.014583333333333334 0.0203125
3 0.14427083333333332 0.8671875 0.03854166666666667 0.046875
3 0.4239583333333333 0.846875 0.004166666666666667 0.021875
3 0.07864583333333333 0.83671875 0.011458333333333333 0.0203125
3 0.5557291666666667 0.81640625 0.0010416666666666667 0.0015625
3 0.24739583333333334 0.8109375 0.005208333333333333 0.009375
3 0.5744791666666667 0.80625 0.0010416666666666667 0.003125
3 0.2625 0.86640625 0.07291666666666667 0.1359375
3 0.4984375 0.80703125 0.03229166666666667 0.0203125
3 0.3015625 0.79921875 0.003125 0.0078125
3 0.44479166666666664 0.80078125 0.020833333333333332 0.0171875
3 0.4296875 0.80703125 0.023958333333333335 0.0390625
3 0.40520833333333334 0.79296875 0.0020833333333333333 0.0109375
3 0.034375 0.83046875 0.06875 0.0921875
3 0.14583333333333334 0.78671875 0.00625 0.0171875
3 0.057291666666666664 0.77734375 0.0020833333333333333 0.0046875
3 0.033854166666666664 0.7671875 0.026041666666666668 0.04375
3 0.06822916666666666 0.73984375 0.007291666666666667 0.0109375
3 0.017708333333333333 0.734375 0.0020833333333333333 0.003125
3 0.27395833333333336 0.7046875 0.00625 0.009375
3 0.11354166666666667 0.76484375 0.08125 0.1390625
3 0.15677083333333333 0.70078125 0.009375 0.0140625
3 0.17395833333333333 0.68125 0.004166666666666667 0.00625
3 0.5 0.5 1.0 1.0