3 0.486 0.804 0.002 0.002
3 0.4815 0.7975 0.003 0.003
3 0.8545 0.8695 0.195 0.189
3 0.4215 0.7685 0.003 0.005
3 0.4555 0.7805 0.049 0.059
3 0.4195 0.7535 0.009 0.009
3 0.4755 0.751 0.011 0.008
3 0.469 0.7445 0.002 0.003
3 0.4175 0.7445 0.005 0.005
3 0.43 0.7475 0.018 0.013
3 0.5415 0.7425 0.003 0.009
3 0.4645 0.738 0.005 0.006
3 0.539 0.7345 0.002 0.003
3 0.4195 0.735 0.009 0.008
3 0.4605 0.731 0.001 0.002
3 0.5835 0.766 0.205 0.088
3 0.427 0.7175 0.006 0.007
3 0.3735 0.717 0.005 0.006
3 0.395 0.7105 0.002 0.001
3 0.441 0.7225 0.032 0.035
3 0.41 0.7145 0.022 0.029
3 0.6435 0.6975 0.007 0.005
3 0.5145 0.694 0.005 0.008
3 0.3675 0.6885 0.005 0.005
3 0.422 0.693 0.016 0.018
3 0.6515 0.682 0.001 0.002
3 0.3845 0.7155 0.061 0.071
3 0.412 0.6775 0.004 0.003
3 0.36 0.6805 0.008 0.009
3 0.4365 0.6695 0.001 0.001
3 0.421 0.674 0.012 0.014
3 0.512 0.6655 0.002 0.003
3 0.4125 0.6575 0.001 0.001
3 0.4795 0.66 0.003 0.008
3 0.341 0.6795 0.056 0.069
3 0.273 0.6325 0.002 0.003
3 0.539 0.6265 0.002 0.001
3 0.378 0.623 0.002 0.002
3 0.3695 0.6215 0.001 0.001
3 0.349 0.619 0.002 0.004
3 0.454 0.611 0.002 0.002
3 0.5475 0.6105 0.013 0.015
3 0.3785 0.6035 0.003 0.003
3 0.231 0.601 0.002 0.002
3 0.5385 0.6 0.003 0.002
3 0.3955 0.597 0.003 0.004
3 0.385 0.597 0.006 0.008
3 0.3845 0.591 0.001 0.002
3 0.399 0.591 0.006 0.008
3 0.286 0.585 0.002 0.002
3 0.4065 0.5825 0.009 0.005
3 0.204 0.576 0.004 0.004
3 0.5685 0.576 0.005 0.006
3 0.229 0.571 0.006 0.006
3 0.359 0.567 0.002 0.002
3 0.8285 0.615 0.037 0.108
3 0.3715 0.5735 0.019 0.027
3 0.1865 0.5615 0.003 0.003
3 0.562 0.559 0.002 0.002
3 0.5835 0.56 0.011 0.006
3 0.6105 0.5575 0.003 0.003
3 0.617 0.554 0.002 0.002
3 0.55 0.554 0.002 0.002
3 0.5785 0.5525 0.005 0.003
3 0.1995 0.553 0.007 0.004
3 0.8235 0.554 0.005 0.012
3 0.3745 0.5565 0.011 0.017
3 0.3545 0.5525 0.011 0.009
3 0.3535 0.5465 0.001 0.001
3 0.5685 0.547 0.019 0.014
3 0.5395 0.541 0.003 0.002
3 0.385 0.54 0.002 0.004
3 0.3835 0.5585 0.023 0.049
3 0.595 0.532 0.004 0.004
3 0.551 0.531 0.002 0.002
3 0.3635 0.534 0.009 0.008
3 0.3465 0.5345 0.009 0.009
3 0.1575 0.529 0.007 0.008
3 0.1665 0.534 0.019 0.02
3 0.8415 0.508 0.001 0.002
3 0.706 0.5125 0.006 0.011
3 0.529 0.5105 0.006 0.011
3 0.168 0.506 0.002 0.002
3 0.8405 0.505 0.001 0.002
3 0.8225 0.5275 0.023 0.061
3 0.635 0.4975 0.004 0.003
3 0.8015 0.4915 0.005 0.011
3 0.6235 0.487 0.005 0.008
3 0.704 0.49 0.01 0.018
3 0.782 0.4635 0.01 0.011
3 0.7025 0.455 0.005 0.004
3 0.78 0.4515 0.004 0.007
3 0.7 0.449 0.002 0.002
3 0.7205 0.4415 0.001 0.001
3 0.7765 0.4405 0.001 0.001
3 0.769 0.4385 0.006 0.019
3 0.8065 0.428 0.001 0.002
3 0.282 0.4075 0.002 0.001
3 0.1985 0.4025 0.003 0.003
3 0.2805 0.3995 0.001 0.001
3 0.1805 0.404 0.007 0.01
3 0.6565 0.3935 0.001 0.001
3 0.1945 0.392 0.001 0.002
3 0.2815 0.39 0.003 0.002
3 0.2225 0.387 0.005 0.006
3 0.7485 0.3835 0.001 0.003
3 0.2875 0.5445 0.257 0.327
3 0.2105 0.383 0.011 0.014
3 0.2265 0.3705 0.001 0.001
3 0.241 0.3705 0.006 0.005
3 0.2985 0.368 0.005 0.008
3 0.291 0.364 0.002 0.002
3 0.3045 0.362 0.005 0.008
3 0.2825 0.358 0.001 0.002
3 0.243 0.3585 0.004 0.003
3 0.229 0.356 0.002 0.002
3 0.254 0.35 0.006 0.004
3 0.238 0.3505 0.01 0.009
3 0.2355 0.3435 0.001 0.001
3 0.2375 0.3405 0.001 0.001
3 0.721 0.3395 0.004 0.005
3 0.283 0.3215 0.004 0.003
3 0.6385 0.3185 0.007 0.005
3 0.636 0.3085 0.004 0.003
3 0.2925 0.3115 0.011 0.011
3 0.6205 0.307 0.011 0.01
3 0.6415 0.3025 0.005 0.003
3 0.615 0.2975 0.004 0.003
3 0.6235 0.296 0.003 0.002
3 0.636 0.296 0.008 0.006
3 0.3655 0.282 0.005 0.004
3 0.6575 0.2635 0.001 0.001
3 0.3655 0.2605 0.003 0.003
3 0.638 0.259 0.004 0.002
3 0.6665 0.2355 0.003 0.003
3 0.4085 0.235 0.009 0.014
3 0.43 0.2125 0.002 0.001
3 0.4575 0.2105 0.007 0.005
3 0.5505 0.1785 0.001 0.001
3 0.5555 0.176 0.005 0.002
3 0.519 0.414 0.474 0.48
3 0.544 0.1715 0.002 0.001
3 0.5865 0.1715 0.007 0.005
3 0.539 0.1695 0.008 0.007