3 0.78 0.9844444444444445 0.04888888888888889 0.03111111111111111
3 0.4533333333333333 0.8955555555555555 0.008888888888888889 0.022222222222222223
3 0.5355555555555556 0.8377777777777777 0.022222222222222223 0.04888888888888889
3 0.4222222222222222 0.9044444444444445 0.4444444444444444 0.19111111111111112
3 0.41555555555555557 0.8133333333333334 0.19111111111111112 0.02666666666666667
3 0.4777777777777778 0.7911111111111111 0.022222222222222223 0.008888888888888889
3 0.5866666666666667 0.7955555555555556 0.008888888888888889 0.02666666666666667
3 0.5288888888888889 0.7688888888888888 0.017777777777777778 0.035555555555555556
3 0.25555555555555554 0.43777777777777777 0.013333333333333334 0.0044444444444444444
3 0.22 0.44 0.03111111111111111 0.008888888888888889
3 0.46 0.4288888888888889 0.12 0.013333333333333334
3 0.4822222222222222 0.4066666666666667 0.08444444444444445 0.0044444444444444444
3 0.5755555555555556 0.40444444444444444 0.04888888888888889 0.008888888888888889
3 0.2111111111111111 0.3466666666666667 0.013333333333333334 0.008888888888888889
3 0.24888888888888888 0.3288888888888889 0.008888888888888889 0.008888888888888889
3 0.4888888888888889 0.22666666666666666 0.035555555555555556 0.017777777777777778
3 0.4911111111111111 0.2 0.013333333333333334 0.008888888888888889
3 0.5022222222222222 0.18 0.044444444444444446 0.013333333333333334
3 0.3244444444444444 0.06222222222222222 0.008888888888888889 0.008888888888888889
3 0.3 0.024444444444444446 0.057777777777777775 0.04888888888888889