3 0.16927083333333334 0.61328125 0.026041666666666668 0.0234375
3 0.15364583333333334 0.583984375 0.026041666666666668 0.02734375
3 0.140625 0.54296875 0.010416666666666666 0.0078125
3 0.1875 0.498046875 0.020833333333333332 0.01171875
3 0.19270833333333334 0.2578125 0.010416666666666666 0.0078125
3 0.1484375 0.14453125 0.036458333333333336 0.0234375
3 0.1484375 0.09765625 0.015625 0.0078125
3 0.1640625 0.09765625 0.06770833333333333 0.0703125
3 0.3854166666666667 0.060546875 0.010416666666666666 0.01171875
3 0.3046875 0.087890625 0.140625 0.12890625
3 0.5 0.5 1.0 1.0
3 0.3932291666666667 0.009765625 0.015625 0.01953125
3 0.3255208333333333 0.001953125 0.005208333333333333 0.00390625
3 0.2890625 0.009765625 0.036458333333333336 0.01953125