2 0.68212890625 0.4707174231332357 0.4833984375 0.6076134699853587
2 0.2822265625 0.5468521229868228 0.33203125 0.9062957540263543
2 0.794921875 0.08638360175695461 0.001953125 0.0029282576866764276
2 0.71484375 0.06881405563689605 0.005859375 0.0029282576866764276
2 0.18115234375 0.05197657393850659 0.0029296875 0.010248901903367497
2 0.02490234375 0.06661786237188873 0.0244140625 0.0424597364568082
2 0.529296875 0.03953147877013177 0.001953125 0.0029282576866764276
2 0.9677734375 0.020497803806734993 0.001953125 0.005856515373352855
2 0.04052734375 0.013177159590043924 0.0009765625 0.0029282576866764276
2 0.01708984375 0.008784773060029283 0.0029296875 0.005856515373352855
2 0.0087890625 0.005856515373352855 0.00390625 0.0029282576866764276
2 0.00537109375 0.01683748169838946 0.0048828125 0.024890190336749635
2 0.12255859375 0.04172767203513909 0.0244140625 0.07759882869692533
2 0.9853515625 0.043923865300146414 0.029296875 0.08784773060029283
2 0.5 0.1281112737920937 1.0 0.2562225475841874