2 0.345 0.5141921397379913 0.002 0.002183406113537118
2 0.453 0.5753275109170306 0.078 0.14192139737991266
2 0.303 0.42358078602620086 0.002 0.004366812227074236
2 0.325 0.4203056768558952 0.002 0.002183406113537118
2 0.322 0.38318777292576417 0.012 0.015283842794759825
2 0.346 0.38100436681222705 0.012 0.024017467248908297
2 0.697 0.36790393013100436 0.01 0.010917030567685589
2 0.646 0.2980349344978166 0.004 0.006550218340611353
2 0.53 0.4497816593886463 0.352 0.3231441048034934
2 0.63 0.28602620087336245 0.024 0.017467248908296942
2 0.645 0.2762008733624454 0.006 0.006550218340611353
2 0.5 0.5 1.0 1.0