2 0.4777777777777778 0.58 0.5377777777777778 0.6266666666666667
2 0.21777777777777776 0.20222222222222222 0.05333333333333334 0.03111111111111111
2 0.11777777777777777 0.20444444444444446 0.04888888888888889 0.035555555555555556
2 0.24888888888888888 0.16666666666666666 0.008888888888888889 0.013333333333333334
2 0.21777777777777776 0.16666666666666666 0.02666666666666667 0.013333333333333334
2 0.18888888888888888 0.16666666666666666 0.013333333333333334 0.013333333333333334
2 0.1288888888888889 0.1688888888888889 0.044444444444444446 0.017777777777777778
2 0.09111111111111111 0.16444444444444445 0.013333333333333334 0.017777777777777778
2 0.16666666666666666 0.12 0.2 0.05333333333333334
2 0.2688888888888889 0.06888888888888889 0.0044444444444444444 0.0044444444444444444
2 0.24222222222222223 0.08222222222222222 0.03111111111111111 0.03111111111111111