2 0.8425 0.8911666666666667 0.0036666666666666666 0.003
2 0.5871666666666666 0.8913333333333333 0.004333333333333333 0.0033333333333333335
2 0.8325 0.89 0.008333333333333333 0.0013333333333333333
2 0.33566666666666667 0.891 0.004 0.0033333333333333335
2 0.326 0.89 0.008 0.0013333333333333333
2 0.763 0.9025 0.206 0.027
2 0.5776666666666667 0.89 0.008666666666666666 0.002
2 0.5083333333333333 0.9025 0.206 0.027
2 0.5871666666666666 0.8891666666666667 0.001 0.001
2 0.3115 0.8888333333333334 0.0003333333333333333 0.0003333333333333333
2 0.8423333333333334 0.889 0.0013333333333333333 0.0013333333333333333
2 0.33566666666666667 0.889 0.0013333333333333333 0.0013333333333333333
2 0.822 0.8883333333333333 0.0013333333333333333 0.0006666666666666666
2 0.572 0.8875 0.0013333333333333333 0.0003333333333333333
2 0.25766666666666665 0.9013333333333333 0.208 0.028
2 0.31983333333333336 0.8875 0.0003333333333333333 0.0003333333333333333
2 0.8318333333333333 0.887 0.006333333333333333 0.0006666666666666666
2 0.577 0.887 0.006666666666666667 0.0006666666666666666
2 0.32566666666666666 0.8868333333333334 0.007333333333333333 0.001
2 0.6091666666666666 0.8846666666666667 0.005 0.005333333333333333
2 0.8641666666666666 0.8845 0.005666666666666667 0.006333333333333333
2 0.361 0.8816666666666667 0.0006666666666666666 0.0006666666666666666
2 0.3575 0.8845 0.005666666666666667 0.006333333333333333
2 0.6115 0.881 0.0003333333333333333 0.0006666666666666666
2 0.8691666666666666 0.879 0.0003333333333333333 0.0006666666666666666
2 0.6141666666666666 0.879 0.0003333333333333333 0.0006666666666666666
2 0.3625 0.879 0.0003333333333333333 0.0006666666666666666
2 0.7848333333333334 0.8785 0.001 0.001
2 0.5296666666666666 0.8785 0.0013333333333333333 0.001
2 0.278 0.8785 0.0013333333333333333 0.001
2 0.6113333333333333 0.8761666666666666 0.0013333333333333333 0.0016666666666666668
2 0.7816666666666666 0.8746666666666667 0.0006666666666666666 0.0006666666666666666
2 0.5265 0.8746666666666667 0.001 0.0006666666666666666
2 0.275 0.8746666666666667 0.0006666666666666666 0.0006666666666666666
2 0.8658333333333333 0.8748333333333334 0.0023333333333333335 0.004333333333333333
2 0.8661666666666666 0.8708333333333333 0.0003333333333333333 0.001
2 0.6105 0.8731666666666666 0.0016666666666666668 0.005666666666666667
2 0.359 0.8736666666666667 0.002 0.006666666666666667
2 0.7255 0.868 0.0036666666666666666 0.002
2 0.4705 0.868 0.0036666666666666666 0.002
2 0.21883333333333332 0.868 0.0036666666666666666 0.002
2 0.6098333333333333 0.8446666666666667 0.0003333333333333333 0.0013333333333333333
2 0.3581666666666667 0.8445 0.0003333333333333333 0.0016666666666666668
2 0.8648333333333333 0.8443333333333334 0.0003333333333333333 0.002
2 0.609 0.8533333333333334 0.0026666666666666666 0.023333333333333334
2 0.6076666666666667 0.8405 0.0006666666666666666 0.001
2 0.864 0.8523333333333334 0.0033333333333333335 0.025333333333333333
2 0.3571666666666667 0.8518333333333333 0.003 0.026333333333333334
2 0.6075 0.8388333333333333 0.0003333333333333333 0.001
2 0.3591666666666667 0.8368333333333333 0.0003333333333333333 0.0003333333333333333
2 0.8658333333333333 0.8366666666666667 0.0003333333333333333 0.0006666666666666666
2 0.6568333333333334 0.8366666666666667 0.0003333333333333333 0.002
2 0.40166666666666667 0.8366666666666667 0.0006666666666666666 0.002
2 0.15016666666666667 0.8363333333333334 0.0003333333333333333 0.0013333333333333333
2 0.5295 0.8106666666666666 0.0016666666666666668 0.0006666666666666666
2 0.6923333333333334 0.8105 0.0006666666666666666 0.001
2 0.5361666666666667 0.811 0.004333333333333333 0.002
2 0.43733333333333335 0.8105 0.0006666666666666666 0.001
2 0.278 0.8105 0.002 0.001
2 0.18566666666666667 0.8105 0.0006666666666666666 0.001
2 0.7833333333333333 0.8103333333333333 0.004666666666666667 0.0013333333333333333
2 0.7766666666666666 0.8098333333333333 0.0006666666666666666 0.0003333333333333333
2 0.527 0.8101666666666667 0.002 0.001
2 0.78 0.8096666666666666 0.0006666666666666666 0.0006666666666666666
2 0.5248333333333334 0.8096666666666666 0.001 0.0006666666666666666
2 0.5216666666666666 0.8096666666666666 0.0006666666666666666 0.0006666666666666666
2 0.27466666666666667 0.81 0.004 0.0013333333333333333
2 0.27 0.8096666666666666 0.0006666666666666666 0.0006666666666666666
2 0.2813333333333333 0.8073333333333333 0.0006666666666666666 0.0013333333333333333
2 0.7976666666666666 0.8088333333333333 0.0006666666666666666 0.005
2 0.5426666666666666 0.8085 0.0006666666666666666 0.005
2 0.291 0.8086666666666666 0.0006666666666666666 0.005333333333333333
2 0.7665 0.8055 0.0036666666666666666 0.001
2 0.5278333333333334 0.806 0.0016666666666666668 0.002
2 0.5115 0.8055 0.0036666666666666666 0.001
2 0.25983333333333336 0.8055 0.0036666666666666666 0.001
2 0.7978333333333333 0.805 0.0003333333333333333 0.0006666666666666666
2 0.7881666666666667 0.8068333333333333 0.001 0.004333333333333333
2 0.7828333333333334 0.8058333333333333 0.0016666666666666668 0.0023333333333333335
2 0.5331666666666667 0.8068333333333333 0.001 0.004333333333333333
2 0.2911666666666667 0.805 0.0003333333333333333 0.0006666666666666666
2 0.2813333333333333 0.8053333333333333 0.0006666666666666666 0.0013333333333333333
2 0.27616666666666667 0.8058333333333333 0.0016666666666666668 0.0023333333333333335
2 0.792 0.8076666666666666 0.006 0.008666666666666666
2 0.5336666666666666 0.8038333333333333 0.0006666666666666666 0.001
2 0.7998333333333333 0.8036666666666666 0.0016666666666666668 0.0013333333333333333
2 0.5448333333333333 0.8036666666666666 0.0016666666666666668 0.0013333333333333333
2 0.79 0.8035 0.0033333333333333335 0.0016666666666666668
2 0.537 0.8065 0.005333333333333333 0.007666666666666666
2 0.2931666666666667 0.8035 0.0016666666666666668 0.0016666666666666668
2 0.2848333333333333 0.8073333333333333 0.006333333333333333 0.009333333333333334
2 0.4715 0.8051666666666667 0.006333333333333333 0.005666666666666667
2 0.21983333333333333 0.8051666666666667 0.006333333333333333 0.005666666666666667
2 0.7838333333333334 0.8025 0.003 0.001
2 0.7803333333333333 0.8023333333333333 0.0006666666666666666 0.0006666666666666666
2 0.5288333333333334 0.8025 0.0023333333333333335 0.001
2 0.525 0.8023333333333333 0.0006666666666666666 0.0006666666666666666
2 0.2771666666666667 0.8025 0.003 0.001
2 0.2735 0.8023333333333333 0.0003333333333333333 0.0006666666666666666
2 0.7413333333333333 0.8021666666666667 0.008666666666666666 0.001
2 0.7266666666666667 0.8048333333333333 0.006666666666666667 0.006333333333333333
2 0.4861666666666667 0.8021666666666667 0.008333333333333333 0.001
2 0.4715 0.8021666666666667 0.0016666666666666668 0.001
2 0.23466666666666666 0.8021666666666667 0.008666666666666666 0.001
2 0.7976666666666666 0.801 0.0006666666666666666 0.0006666666666666666
2 0.5423333333333333 0.8008333333333333 0.0006666666666666666 0.0003333333333333333
2 0.44966666666666666 0.8051666666666667 0.004 0.009
2 0.29083333333333333 0.801 0.001 0.0006666666666666666
2 0.198 0.805 0.004 0.008666666666666666
2 0.7076666666666667 0.805 0.01 0.009333333333333334
2 0.45466666666666666 0.8043333333333333 0.006 0.008
2 0.20316666666666666 0.8043333333333333 0.005666666666666667 0.008
2 0.1495 0.8023333333333333 0.001 0.008
2 0.6563333333333333 0.8023333333333333 0.0006666666666666666 0.008666666666666666
2 0.6976666666666667 0.8043333333333333 0.006 0.013333333333333334
2 0.44266666666666665 0.8043333333333333 0.006 0.013333333333333334
2 0.22216666666666668 0.7988333333333333 0.0016666666666666668 0.0023333333333333335
2 0.191 0.8043333333333333 0.006 0.013333333333333334
2 0.7288333333333333 0.7986666666666666 0.0016666666666666668 0.0026666666666666666
2 0.47383333333333333 0.7988333333333333 0.0016666666666666668 0.003
2 0.40116666666666667 0.802 0.001 0.009333333333333334
2 0.7183333333333334 0.8028333333333333 0.006666666666666667 0.011666666666666667
2 0.46316666666666667 0.8028333333333333 0.006333333333333333 0.011666666666666667
2 0.2115 0.8028333333333333 0.006333333333333333 0.011666666666666667
2 0.7256666666666667 0.799 0.0033333333333333335 0.004666666666666667
2 0.4705 0.799 0.0036666666666666666 0.004666666666666667
2 0.3591666666666667 0.7968333333333333 0.0003333333333333333 0.0003333333333333333
2 0.219 0.7996666666666666 0.0033333333333333335 0.006
2 0.8661666666666666 0.7968333333333333 0.0003333333333333333 0.001
2 0.6108333333333333 0.7963333333333333 0.0003333333333333333 0.0013333333333333333
2 0.8661666666666666 0.7908333333333334 0.0003333333333333333 0.001
2 0.6111666666666666 0.7896666666666666 0.0003333333333333333 0.0013333333333333333
2 0.4008333333333333 0.7871666666666667 0.0003333333333333333 0.001
2 0.14916666666666667 0.7871666666666667 0.0003333333333333333 0.001
2 0.8661666666666666 0.7858333333333334 0.0003333333333333333 0.0003333333333333333
2 0.6111666666666666 0.7863333333333333 0.0003333333333333333 0.0013333333333333333
2 0.14916666666666667 0.7835 0.0003333333333333333 0.001
2 0.812 0.7828333333333334 0.012666666666666666 0.013666666666666667
2 0.5568333333333333 0.7828333333333334 0.012333333333333333 0.013666666666666667
2 0.30533333333333335 0.7828333333333334 0.012666666666666666 0.013666666666666667
2 0.6115 0.7758333333333334 0.0003333333333333333 0.001
2 0.7565 0.77 0.004333333333333333 0.007333333333333333
2 0.7518333333333334 0.7866666666666666 0.001 0.04066666666666666
2 0.5011666666666666 0.77 0.004333333333333333 0.007333333333333333
2 0.49683333333333335 0.7866666666666666 0.001 0.04066666666666666
2 0.2495 0.77 0.004333333333333333 0.007333333333333333
2 0.24516666666666667 0.7865 0.001 0.041
2 0.7415 0.7655 0.0036666666666666666 0.001
2 0.4865 0.7655 0.0036666666666666666 0.001
2 0.23483333333333334 0.7655 0.0036666666666666666 0.001
2 0.8651666666666666 0.7601666666666667 0.0003333333333333333 0.0003333333333333333
2 0.3585 0.7601666666666667 0.0003333333333333333 0.0003333333333333333
2 0.718 0.7651666666666667 0.006666666666666667 0.011666666666666667
2 0.4628333333333333 0.7651666666666667 0.007 0.011666666666666667
2 0.21116666666666667 0.7651666666666667 0.007 0.011666666666666667
2 0.7266666666666667 0.7648333333333334 0.006666666666666667 0.011666666666666667
2 0.7256666666666667 0.7595 0.004 0.001
2 0.4713333333333333 0.7648333333333334 0.006666666666666667 0.011666666666666667
2 0.21983333333333333 0.7648333333333334 0.006333333333333333 0.011666666666666667
2 0.6103333333333333 0.7573333333333333 0.0006666666666666666 0.0026666666666666666
2 0.8656666666666667 0.7571666666666667 0.0006666666666666666 0.003
2 0.35883333333333334 0.7571666666666667 0.001 0.003
2 0.752 0.7591666666666667 0.0006666666666666666 0.009
2 0.497 0.7591666666666667 0.0006666666666666666 0.009
2 0.24533333333333332 0.759 0.0006666666666666666 0.009333333333333334
2 0.5263333333333333 0.7543333333333333 0.006 0.0013333333333333333
2 0.7628333333333334 0.7566666666666667 0.004333333333333333 0.007333333333333333
2 0.5078333333333334 0.7566666666666667 0.004333333333333333 0.007333333333333333
2 0.25616666666666665 0.7566666666666667 0.004333333333333333 0.007333333333333333
2 0.7816666666666666 0.7518333333333334 0.006 0.005666666666666667
2 0.5271666666666667 0.7506666666666667 0.003 0.0033333333333333335
2 0.2748333333333333 0.7518333333333334 0.006333333333333333 0.005666666666666667
2 0.7676666666666667 0.7491666666666666 0.008666666666666666 0.001
2 0.7603333333333333 0.7621666666666667 0.014666666666666666 0.027
2 0.5125 0.7493333333333333 0.009 0.0013333333333333333
2 0.505 0.7621666666666667 0.014666666666666666 0.027
2 0.261 0.7491666666666666 0.008666666666666666 0.001
2 0.25366666666666665 0.7621666666666667 0.014666666666666666 0.027
2 0.7811666666666667 0.7456666666666667 0.005666666666666667 0.004
2 0.526 0.7456666666666667 0.006 0.004
2 0.2743333333333333 0.7456666666666667 0.006 0.004
2 0.22116666666666668 0.733 0.001 0.0033333333333333335
2 0.7278333333333333 0.7328333333333333 0.001 0.0036666666666666666
2 0.4726666666666667 0.7328333333333333 0.0013333333333333333 0.0036666666666666666
2 0.7283333333333334 0.7301666666666666 0.0013333333333333333 0.001
2 0.47333333333333333 0.73 0.0013333333333333333 0.0006666666666666666
2 0.22166666666666668 0.73 0.0013333333333333333 0.0006666666666666666
2 0.7415 0.7293333333333333 0.009 0.0013333333333333333
2 0.48633333333333334 0.7293333333333333 0.008666666666666666 0.0013333333333333333
2 0.23466666666666666 0.7293333333333333 0.008666666666666666 0.0013333333333333333
2 0.6695 0.7403333333333333 0.034333333333333334 0.027333333333333334
2 0.41433333333333333 0.7403333333333333 0.034666666666666665 0.027333333333333334
2 0.16266666666666665 0.7403333333333333 0.034666666666666665 0.027333333333333334
2 0.7256666666666667 0.7275 0.0026666666666666666 0.005
2 0.719 0.7296666666666667 0.006666666666666667 0.011333333333333334
2 0.4638333333333333 0.7296666666666667 0.007 0.011333333333333334
2 0.21216666666666667 0.7296666666666667 0.007 0.011333333333333334
2 0.7268333333333333 0.7245 0.006333333333333333 0.0016666666666666668
2 0.4718333333333333 0.7268333333333333 0.006333333333333333 0.006333333333333333
2 0.22016666666666668 0.7268333333333333 0.006333333333333333 0.006333333333333333
2 0.6036666666666667 0.7233333333333334 0.0006666666666666666 0.0013333333333333333
2 0.859 0.723 0.0006666666666666666 0.002
2 0.355 0.7245 0.002 0.005
2 0.3521666666666667 0.7228333333333333 0.001 0.0023333333333333335
2 0.49716666666666665 0.737 0.001 0.034
2 0.8666666666666667 0.7205 0.0006666666666666666 0.0016666666666666668
2 0.7521666666666667 0.7365 0.001 0.033666666666666664
2 0.2455 0.7366666666666667 0.001 0.034
2 0.8618333333333333 0.7231666666666666 0.0023333333333333335 0.007666666666666666
2 0.36 0.72 0.0006666666666666666 0.002
2 0.7573333333333333 0.7185 0.004666666666666667 0.0003333333333333333
2 0.6035 0.7193333333333334 0.0003333333333333333 0.0026666666666666666
2 0.356 0.7193333333333334 0.0006666666666666666 0.0033333333333333335
2 0.6036666666666667 0.7166666666666667 0.0006666666666666666 0.0013333333333333333
2 0.8605 0.7175 0.004333333333333333 0.007
2 0.606 0.7205 0.004 0.013
2 0.3536666666666667 0.7176666666666667 0.004 0.007333333333333333
2 0.867 0.7126666666666667 0.0006666666666666666 0.0006666666666666666
2 0.3601666666666667 0.7126666666666667 0.0003333333333333333 0.002
2 0.6118333333333333 0.7123333333333334 0.0003333333333333333 0.0026666666666666666
2 0.8686666666666667 0.7051666666666667 0.0033333333333333335 0.019
2 0.6135 0.7051666666666667 0.003 0.019
2 0.362 0.7051666666666667 0.0033333333333333335 0.019
2 0.7821666666666667 0.6976666666666667 0.007 0.005333333333333333
2 0.527 0.6976666666666667 0.006666666666666667 0.005333333333333333
2 0.2755 0.6976666666666667 0.007 0.005333333333333333
2 0.782 0.6945 0.002 0.0016666666666666668
2 0.527 0.6945 0.002 0.0016666666666666668
2 0.2753333333333333 0.6945 0.002 0.0016666666666666668
2 0.53 0.6928333333333333 0.0006666666666666666 0.0003333333333333333
2 0.5068333333333334 0.6928333333333333 0.001 0.0003333333333333333
2 0.25516666666666665 0.6928333333333333 0.001 0.0003333333333333333
2 0.785 0.6926666666666667 0.0006666666666666666 0.0006666666666666666
2 0.7615 0.6926666666666667 0.0016666666666666668 0.0006666666666666666
2 0.2783333333333333 0.6928333333333333 0.0006666666666666666 0.001
2 0.7818333333333334 0.6915 0.004333333333333333 0.0036666666666666666
2 0.5266666666666666 0.6915 0.004666666666666667 0.0036666666666666666
2 0.27516666666666667 0.6915 0.004333333333333333 0.0036666666666666666
2 0.718 0.6931666666666667 0.006666666666666667 0.011
2 0.463 0.6931666666666667 0.006666666666666667 0.011
2 0.21133333333333335 0.6931666666666667 0.006666666666666667 0.011
2 0.7263333333333334 0.69 0.006 0.005333333333333333
2 0.4713333333333333 0.6901666666666667 0.006 0.005666666666666667
2 0.21966666666666668 0.69 0.006 0.005333333333333333
2 0.5015 0.687 0.001 0.0026666666666666666
2 0.24983333333333332 0.6873333333333334 0.001 0.0033333333333333335
2 0.7561666666666667 0.687 0.0023333333333333335 0.004666666666666667
2 0.5001666666666666 0.6851666666666667 0.001 0.001
2 0.24866666666666667 0.6853333333333333 0.0006666666666666666 0.0013333333333333333
2 0.7531666666666667 0.6831666666666667 0.0003333333333333333 0.0003333333333333333
2 0.49816666666666665 0.6833333333333333 0.001 0.0006666666666666666
2 0.8011666666666667 0.6881666666666667 0.03166666666666667 0.019666666666666666
2 0.546 0.6881666666666667 0.03133333333333333 0.019666666666666666
2 0.2945 0.6881666666666667 0.03166666666666667 0.019666666666666666
2 0.8616666666666667 0.6771666666666667 0.006666666666666667 0.014333333333333333
2 0.6066666666666667 0.6771666666666667 0.006666666666666667 0.014333333333333333
2 0.355 0.6771666666666667 0.006666666666666667 0.014333333333333333
2 0.1435 0.6696666666666666 0.0003333333333333333 0.002
2 0.867 0.6668333333333333 0.0006666666666666666 0.001
2 0.36033333333333334 0.6668333333333333 0.0006666666666666666 0.001
2 0.6118333333333333 0.6666666666666666 0.001 0.0013333333333333333
2 0.8671666666666666 0.6635 0.0003333333333333333 0.001
2 0.3605 0.6635 0.0003333333333333333 0.001
2 0.612 0.6635 0.0006666666666666666 0.0016666666666666668
2 0.5166666666666667 0.661 0.0006666666666666666 0.0006666666666666666
2 0.2655 0.6605 0.001 0.001
2 0.7736666666666666 0.6591666666666667 0.0013333333333333333 0.001
2 0.7411666666666666 0.6566666666666666 0.008333333333333333 0.0013333333333333333
2 0.61 0.6606666666666666 0.0013333333333333333 0.009333333333333334
2 0.4861666666666667 0.6566666666666666 0.008333333333333333 0.0013333333333333333
2 0.2345 0.6566666666666666 0.008333333333333333 0.0013333333333333333
2 0.8671666666666666 0.6555 0.001 0.0023333333333333335
2 0.6121666666666666 0.6558333333333334 0.001 0.003
2 0.3605 0.6558333333333334 0.001 0.003
2 0.8595 0.6593333333333333 0.007666666666666666 0.010666666666666666
2 0.6043333333333333 0.6593333333333333 0.008 0.010666666666666666
2 0.3526666666666667 0.6593333333333333 0.008 0.010666666666666666
2 0.7271666666666666 0.6561666666666667 0.0036666666666666666 0.010333333333333333
2 0.7211666666666666 0.6563333333333333 0.0036666666666666666 0.010666666666666666
2 0.7136666666666667 0.6568333333333334 0.006666666666666667 0.011666666666666667
2 0.612 0.6515 0.0006666666666666666 0.001
2 0.4721666666666667 0.6561666666666667 0.0036666666666666666 0.010333333333333333
2 0.466 0.6563333333333333 0.004 0.010666666666666666
2 0.4585 0.6568333333333334 0.007 0.011666666666666667
2 0.2205 0.6561666666666667 0.0036666666666666666 0.010333333333333333
2 0.2145 0.6563333333333333 0.0036666666666666666 0.010666666666666666
2 0.207 0.6568333333333334 0.006666666666666667 0.011666666666666667
2 0.3555 0.6503333333333333 0.0003333333333333333 0.0006666666666666666
2 0.8621666666666666 0.6505 0.0003333333333333333 0.0016666666666666668
2 0.5285 0.6491666666666667 0.001 0.0003333333333333333
2 0.785 0.6485 0.0006666666666666666 0.0003333333333333333
2 0.6071666666666666 0.6481666666666667 0.0003333333333333333 0.0003333333333333333
2 0.3555 0.6483333333333333 0.0003333333333333333 0.0006666666666666666
2 0.7748333333333334 0.6465 0.0003333333333333333 0.0003333333333333333
2 0.6545 0.6531666666666667 0.0023333333333333335 0.013666666666666667
2 0.3993333333333333 0.6531666666666667 0.002 0.013666666666666667
2 0.14766666666666667 0.6531666666666667 0.002 0.013666666666666667
2 0.788 0.6453333333333333 0.0006666666666666666 0.0006666666666666666
2 0.7768333333333334 0.6451666666666667 0.0003333333333333333 0.0003333333333333333
2 0.5215 0.6453333333333333 0.001 0.0006666666666666666
2 0.5328333333333334 0.645 0.001 0.0013333333333333333
2 0.768 0.6423333333333333 0.009333333333333334 0.0013333333333333333
2 0.513 0.6423333333333333 0.009333333333333334 0.0013333333333333333
2 0.2613333333333333 0.6421666666666667 0.009333333333333334 0.001
2 0.7811666666666667 0.6403333333333333 0.0003333333333333333 0.0006666666666666666
2 0.526 0.6403333333333333 0.0006666666666666666 0.0006666666666666666
2 0.2745 0.6403333333333333 0.0003333333333333333 0.0006666666666666666
2 0.8445 0.6406666666666667 0.0023333333333333335 0.008
2 0.8095 0.6793333333333333 0.099 0.08533333333333333
2 0.5893333333333334 0.6406666666666667 0.0026666666666666666 0.008
2 0.5526666666666666 0.6793333333333333 0.10266666666666667 0.08533333333333333
2 0.33766666666666667 0.6406666666666667 0.0026666666666666666 0.008
2 0.3011666666666667 0.6793333333333333 0.10233333333333333 0.08533333333333333
2 0.8655 0.6506666666666666 0.007 0.029333333333333333
2 0.7815 0.6376666666666667 0.0016666666666666668 0.0033333333333333335
2 0.6105 0.6456666666666667 0.007 0.019333333333333334
2 0.5265 0.6378333333333334 0.0016666666666666668 0.0036666666666666666
2 0.35883333333333334 0.6506666666666666 0.007 0.029333333333333333
2 0.2748333333333333 0.6378333333333334 0.0016666666666666668 0.0036666666666666666
2 0.87 0.6305 0.0006666666666666666 0.008333333333333333
2 0.3631666666666667 0.6303333333333333 0.001 0.008666666666666666
2 0.6148333333333333 0.6303333333333333 0.001 0.009333333333333334
2 0.8476666666666667 0.626 0.0026666666666666666 0.008
2 0.8455 0.6343333333333333 0.009666666666666667 0.024666666666666667
2 0.5925 0.626 0.0023333333333333335 0.008
2 0.5903333333333334 0.6343333333333333 0.009333333333333334 0.024666666666666667
2 0.3408333333333333 0.626 0.0023333333333333335 0.008
2 0.3388333333333333 0.6343333333333333 0.009666666666666667 0.024666666666666667
2 0.7521666666666667 0.6445 0.001 0.04833333333333333
2 0.741 0.621 0.004 0.0013333333333333333
2 0.48583333333333334 0.621 0.004333333333333333 0.0013333333333333333
2 0.23433333333333334 0.621 0.004 0.0013333333333333333
2 0.7263333333333334 0.6218333333333333 0.0006666666666666666 0.006333333333333333
2 0.21966666666666668 0.6218333333333333 0.0006666666666666666 0.006333333333333333
2 0.7275 0.6165 0.003 0.003
2 0.22066666666666668 0.6166666666666667 0.0033333333333333335 0.0033333333333333335
2 0.7203333333333334 0.6203333333333333 0.006666666666666667 0.011333333333333334
2 0.7115 0.6206666666666667 0.007 0.012
2 0.4723333333333333 0.6198333333333333 0.0033333333333333335 0.010333333333333333
2 0.465 0.6203333333333333 0.006666666666666667 0.011333333333333334
2 0.4563333333333333 0.6206666666666667 0.006666666666666667 0.012
2 0.2135 0.6203333333333333 0.007 0.011333333333333334
2 0.20483333333333334 0.6206666666666667 0.007 0.012
2 0.7523333333333333 0.6063333333333333 0.0013333333333333333 0.02666666666666667
2 0.49716666666666665 0.6306666666666667 0.0016666666666666668 0.07533333333333334
2 0.2455 0.6308333333333334 0.0016666666666666668 0.07566666666666666
2 0.6141666666666666 0.5888333333333333 0.0003333333333333333 0.0036666666666666666
2 0.3625 0.5888333333333333 0.0003333333333333333 0.0036666666666666666
2 0.8693333333333333 0.5885 0.0006666666666666666 0.0036666666666666666
2 0.7528333333333334 0.587 0.001 0.004
2 0.49783333333333335 0.587 0.001 0.004
2 0.24616666666666667 0.5868333333333333 0.001 0.004333333333333333
2 0.7413333333333333 0.584 0.008666666666666666 0.0013333333333333333
2 0.48633333333333334 0.584 0.008666666666666666 0.0013333333333333333
2 0.23466666666666666 0.584 0.008666666666666666 0.0013333333333333333
2 0.4711666666666667 0.585 0.001 0.007333333333333333
2 0.7283333333333334 0.581 0.002 0.0013333333333333333
2 0.7265 0.5845 0.001 0.008333333333333333
2 0.47333333333333333 0.581 0.002 0.0013333333333333333
2 0.221 0.5845 0.0033333333333333335 0.008333333333333333
2 0.7266666666666667 0.5791666666666667 0.0006666666666666666 0.001
2 0.4715 0.579 0.001 0.0013333333333333333
2 0.21983333333333333 0.579 0.001 0.0013333333333333333
2 0.72 0.5838333333333333 0.006666666666666667 0.011666666666666667
2 0.7113333333333334 0.584 0.006666666666666667 0.012
2 0.4648333333333333 0.5838333333333333 0.007 0.011666666666666667
2 0.4563333333333333 0.584 0.006666666666666667 0.012
2 0.21333333333333335 0.5838333333333333 0.006666666666666667 0.011666666666666667
2 0.20466666666666666 0.584 0.006666666666666667 0.012
2 0.7045 0.5673333333333334 0.004333333333333333 0.006666666666666667
2 0.4495 0.5673333333333334 0.004333333333333333 0.006666666666666667
2 0.19783333333333333 0.5673333333333334 0.004333333333333333 0.006666666666666667
2 0.656 0.5633333333333334 0.0006666666666666666 0.0006666666666666666
2 0.14916666666666667 0.5635 0.0003333333333333333 0.001
2 0.753 0.571 0.0006666666666666666 0.019333333333333334
2 0.49783333333333335 0.571 0.001 0.019333333333333334
2 0.24616666666666667 0.571 0.001 0.019333333333333334
2 0.7848333333333334 0.578 0.049 0.036
2 0.5295 0.578 0.049 0.036
2 0.2778333333333333 0.578 0.049 0.036
2 0.7213333333333334 0.5498333333333333 0.002 0.005
2 0.7416666666666667 0.5475 0.004 0.001
2 0.7085 0.5621666666666667 0.014333333333333333 0.030333333333333334
2 0.4866666666666667 0.5475 0.004 0.001
2 0.4533333333333333 0.5621666666666667 0.014 0.030333333333333334
2 0.235 0.5475 0.004 0.001
2 0.20166666666666666 0.5621666666666667 0.014 0.030333333333333334
2 0.4711666666666667 0.548 0.001 0.007333333333333333
2 0.7263333333333334 0.5478333333333333 0.0006666666666666666 0.007666666666666666
2 0.2195 0.5478333333333333 0.001 0.007666666666666666
2 0.7285 0.544 0.0016666666666666668 0.0013333333333333333
2 0.47333333333333333 0.544 0.002 0.0013333333333333333
2 0.22183333333333333 0.544 0.0016666666666666668 0.0013333333333333333
2 0.7203333333333334 0.5445 0.006 0.005666666666666667
2 0.7125 0.5496666666666666 0.006333333333333333 0.016
2 0.4575 0.5496666666666666 0.006333333333333333 0.016
2 0.21366666666666667 0.547 0.006 0.010666666666666666
2 0.20583333333333334 0.5498333333333333 0.006333333333333333 0.01633333333333333
2 0.7263333333333334 0.5418333333333333 0.0013333333333333333 0.001
2 0.4713333333333333 0.542 0.0013333333333333333 0.0013333333333333333
2 0.4653333333333333 0.5468333333333333 0.006 0.011
2 0.21966666666666668 0.542 0.0013333333333333333 0.0013333333333333333
2 0.6671666666666667 0.5446666666666666 0.010333333333333333 0.013333333333333334
2 0.41183333333333333 0.5446666666666666 0.010333333333333333 0.013333333333333334
2 0.16016666666666668 0.5446666666666666 0.010333333333333333 0.013333333333333334
2 0.7685 0.5351666666666667 0.009 0.001
2 0.5135 0.5351666666666667 0.009 0.001
2 0.2618333333333333 0.5351666666666667 0.009 0.001
2 0.7828333333333334 0.5355 0.007 0.011666666666666667
2 0.5278333333333334 0.5355 0.007 0.011666666666666667
2 0.27616666666666667 0.5355 0.007 0.011666666666666667
2 0.6621666666666667 0.5278333333333334 0.008333333333333333 0.015666666666666666
2 0.407 0.5278333333333334 0.008 0.015666666666666666
2 0.15533333333333332 0.5278333333333334 0.008 0.015666666666666666
2 0.4658333333333333 0.5156666666666667 0.005 0.002
2 0.7418333333333333 0.5108333333333334 0.008333333333333333 0.001
2 0.4866666666666667 0.5108333333333334 0.008666666666666666 0.001
2 0.23516666666666666 0.5108333333333334 0.008333333333333333 0.001
2 0.7788333333333334 0.5115 0.006333333333333333 0.004333333333333333
2 0.5236666666666666 0.5115 0.006666666666666667 0.004333333333333333
2 0.27216666666666667 0.5115 0.006333333333333333 0.004333333333333333
2 0.82 0.514 0.013333333333333334 0.015333333333333332
2 0.6555 0.5153333333333333 0.005 0.018
2 0.5648333333333333 0.514 0.013666666666666667 0.015333333333333332
2 0.31316666666666665 0.514 0.013666666666666667 0.015333333333333332
2 0.4005 0.5153333333333333 0.005 0.018666666666666668
2 0.14883333333333335 0.5153333333333333 0.005 0.018666666666666668
2 0.6776666666666666 0.505 0.0026666666666666666 0.006666666666666667
2 0.4225 0.505 0.003 0.006666666666666667
2 0.17083333333333334 0.505 0.003 0.006666666666666667
2 0.7926666666666666 0.5025 0.006666666666666667 0.005
2 0.5375 0.5025 0.006333333333333333 0.005
2 0.28583333333333333 0.5025 0.006333333333333333 0.005
2 0.7191666666666666 0.5083333333333333 0.021666666666666667 0.017333333333333333
2 0.46416666666666667 0.5083333333333333 0.021666666666666667 0.017333333333333333
2 0.2125 0.5083333333333333 0.021666666666666667 0.017333333333333333
2 0.6551666666666667 0.49566666666666664 0.0003333333333333333 0.0013333333333333333
2 0.7851666666666667 0.508 0.015 0.028666666666666667
2 0.53 0.508 0.014666666666666666 0.028666666666666667
2 0.2785 0.508 0.015 0.028666666666666667
2 0.6553333333333333 0.49366666666666664 0.0006666666666666666 0.002
2 0.6821666666666667 0.49183333333333334 0.003 0.007
2 0.42683333333333334 0.49183333333333334 0.003 0.007
2 0.36283333333333334 0.4885 0.0003333333333333333 0.0003333333333333333
2 0.17533333333333334 0.49183333333333334 0.0026666666666666666 0.007
2 0.8695 0.4885 0.0003333333333333333 0.001
2 0.6143333333333333 0.4885 0.0006666666666666666 0.001
2 0.8695 0.4865 0.0003333333333333333 0.0003333333333333333
2 0.6803333333333333 0.49733333333333335 0.01 0.027333333333333334
2 0.42533333333333334 0.49733333333333335 0.01 0.027333333333333334
2 0.17366666666666666 0.49733333333333335 0.01 0.027333333333333334
2 0.2773333333333333 0.48533333333333334 0.0013333333333333333 0.004666666666666667
2 0.529 0.4851666666666667 0.0013333333333333333 0.005
2 0.7845 0.48483333333333334 0.0023333333333333335 0.005666666666666667
2 0.5298333333333334 0.4825 0.0016666666666666668 0.001
2 0.2781666666666667 0.4825 0.0016666666666666668 0.001
2 0.7686666666666667 0.4825 0.004 0.0016666666666666668
2 0.5136666666666667 0.4825 0.004 0.0016666666666666668
2 0.2618333333333333 0.48233333333333334 0.0036666666666666666 0.0013333333333333333
2 0.6143333333333333 0.4831666666666667 0.0006666666666666666 0.0036666666666666666
2 0.3626666666666667 0.483 0.0006666666666666666 0.004
2 0.8693333333333333 0.48283333333333334 0.0006666666666666666 0.004333333333333333
2 0.2755 0.47983333333333333 0.0023333333333333335 0.004333333333333333
2 0.527 0.4796666666666667 0.0026666666666666666 0.004666666666666667
2 0.7833333333333333 0.479 0.006666666666666667 0.006
2 0.5283333333333333 0.47683333333333333 0.006666666666666667 0.0023333333333333335
2 0.27666666666666667 0.47683333333333333 0.006666666666666667 0.0023333333333333335
2 0.742 0.475 0.004 0.0013333333333333333
2 0.487 0.475 0.004 0.0013333333333333333
2 0.23533333333333334 0.475 0.004 0.0013333333333333333
2 0.7275 0.47383333333333333 0.006333333333333333 0.011666666666666667
2 0.7196666666666667 0.4736666666666667 0.004 0.011333333333333334
2 0.4723333333333333 0.47383333333333333 0.006666666666666667 0.011666666666666667
2 0.4645 0.4736666666666667 0.0036666666666666666 0.011333333333333334
2 0.22083333333333333 0.47383333333333333 0.006333333333333333 0.011666666666666667
2 0.21283333333333335 0.4736666666666667 0.0036666666666666666 0.011333333333333334
2 0.712 0.47383333333333333 0.006666666666666667 0.012333333333333333
2 0.4568333333333333 0.47383333333333333 0.007 0.012333333333333333
2 0.20516666666666666 0.47383333333333333 0.007 0.012333333333333333
2 0.3965 0.468 0.0003333333333333333 0.0013333333333333333
2 0.6515 0.4688333333333333 0.0003333333333333333 0.005
2 0.14483333333333334 0.4686666666666667 0.0003333333333333333 0.004666666666666667
2 0.3965 0.4608333333333333 0.0003333333333333333 0.0036666666666666666
2 0.6516666666666666 0.46016666666666667 0.0006666666666666666 0.006333333333333333
2 0.14483333333333334 0.46066666666666667 0.0003333333333333333 0.007333333333333333
2 0.14483333333333334 0.455 0.0003333333333333333 0.0006666666666666666
2 0.14483333333333334 0.45366666666666666 0.0003333333333333333 0.0013333333333333333
2 0.6515 0.4533333333333333 0.0003333333333333333 0.0033333333333333335
2 0.14483333333333334 0.45216666666666666 0.0003333333333333333 0.001
2 0.6141666666666666 0.46316666666666667 0.001 0.026333333333333334
2 0.8691666666666666 0.4628333333333333 0.001 0.026333333333333334
2 0.3625 0.4633333333333333 0.001 0.027333333333333334
2 0.8695 0.4475 0.0003333333333333333 0.001
2 0.6145 0.4475 0.0003333333333333333 0.001
2 0.36283333333333334 0.4475 0.0003333333333333333 0.0016666666666666668
2 0.3965 0.44666666666666666 0.0003333333333333333 0.0006666666666666666
2 0.6515 0.44666666666666666 0.0003333333333333333 0.0013333333333333333
2 0.14483333333333334 0.44666666666666666 0.0003333333333333333 0.0013333333333333333
2 0.7271666666666666 0.44266666666666665 0.005666666666666667 0.0013333333333333333
2 0.472 0.44266666666666665 0.005333333333333333 0.0013333333333333333
2 0.22033333333333333 0.44266666666666665 0.005333333333333333 0.0013333333333333333
2 0.7418333333333333 0.438 0.009 0.0013333333333333333
2 0.48683333333333334 0.438 0.009 0.0013333333333333333
2 0.23516666666666666 0.438 0.009 0.0013333333333333333
2 0.727 0.43616666666666665 0.006 0.007666666666666666
2 0.4716666666666667 0.436 0.006 0.007333333333333333
2 0.22 0.43616666666666665 0.006 0.007666666666666666
2 0.7181666666666666 0.43766666666666665 0.007 0.011333333333333334
2 0.7095 0.43783333333333335 0.006333333333333333 0.011666666666666667
2 0.46316666666666667 0.43766666666666665 0.007 0.011333333333333334
2 0.4543333333333333 0.43783333333333335 0.006666666666666667 0.011666666666666667
2 0.2115 0.43766666666666665 0.007 0.011333333333333334
2 0.20266666666666666 0.43783333333333335 0.006666666666666667 0.011666666666666667
2 0.3635 0.42983333333333335 0.0003333333333333333 0.0003333333333333333
2 0.7691666666666667 0.42966666666666664 0.009 0.0013333333333333333
2 0.5141666666666667 0.42966666666666664 0.009 0.0013333333333333333
2 0.2625 0.42966666666666664 0.009 0.0013333333333333333
2 0.4008333333333333 0.4615 0.0023333333333333335 0.06833333333333333
2 0.14933333333333335 0.4615 0.002 0.069
2 0.656 0.4593333333333333 0.002 0.06533333333333333
2 0.36333333333333334 0.42716666666666664 0.0006666666666666666 0.0016666666666666668
2 0.7833333333333333 0.42983333333333335 0.007333333333333333 0.011
2 0.5281666666666667 0.42983333333333335 0.007 0.011
2 0.2765 0.42983333333333335 0.007 0.011
2 0.87 0.425 0.0006666666666666666 0.01
2 0.36333333333333334 0.42283333333333334 0.0006666666666666666 0.005666666666666667
2 0.615 0.425 0.0006666666666666666 0.010666666666666666
2 0.7175 0.4035 0.0003333333333333333 0.0003333333333333333
2 0.46266666666666667 0.4035 0.0013333333333333333 0.0003333333333333333
2 0.21233333333333335 0.4035 0.0006666666666666666 0.0003333333333333333
2 0.21316666666666667 0.4031666666666667 0.0003333333333333333 0.0003333333333333333
2 0.4648333333333333 0.4031666666666667 0.0016666666666666668 0.001
2 0.2095 0.4028333333333333 0.0003333333333333333 0.0003333333333333333
2 0.7203333333333334 0.4028333333333333 0.0013333333333333333 0.001
2 0.21416666666666667 0.4025 0.0003333333333333333 0.0003333333333333333
2 0.7155 0.40066666666666667 0.0003333333333333333 0.0006666666666666666
2 0.20883333333333334 0.4005 0.0003333333333333333 0.001
2 0.7431666666666666 0.39966666666666667 0.001 0.0006666666666666666
2 0.711 0.4015 0.004 0.004333333333333333
2 0.2365 0.39966666666666667 0.001 0.0006666666666666666
2 0.7156666666666667 0.3993333333333333 0.0006666666666666666 0.0006666666666666666
2 0.4881666666666667 0.3995 0.001 0.001
2 0.20616666666666666 0.39866666666666667 0.0003333333333333333 0.0006666666666666666
2 0.7128333333333333 0.3983333333333333 0.0003333333333333333 0.0006666666666666666
2 0.45466666666666666 0.40016666666666667 0.006 0.007
2 0.20316666666666666 0.40016666666666667 0.005666666666666667 0.007
2 0.7076666666666667 0.39966666666666667 0.0013333333333333333 0.006666666666666667
2 0.7685 0.382 0.004333333333333333 0.0013333333333333333
2 0.5135 0.382 0.004333333333333333 0.0013333333333333333
2 0.2618333333333333 0.382 0.004333333333333333 0.0013333333333333333
2 0.7533333333333333 0.4701666666666667 0.002 0.18033333333333335
2 0.49833333333333335 0.4703333333333333 0.002 0.18066666666666667
2 0.24666666666666667 0.4701666666666667 0.002 0.18033333333333335
2 0.7828333333333334 0.38183333333333336 0.007 0.010333333333333333
2 0.5276666666666666 0.38183333333333336 0.007333333333333333 0.010333333333333333
2 0.276 0.382 0.007333333333333333 0.010666666666666666
2 0.8633333333333333 0.389 0.014 0.046
2 0.6081666666666666 0.3895 0.014333333333333333 0.047
2 0.35633333333333334 0.3883333333333333 0.014666666666666666 0.04666666666666667
2 0.6681666666666667 0.6106666666666667 0.041 0.5226666666666666
2 0.4131666666666667 0.6106666666666667 0.041 0.5226666666666666
2 0.16133333333333333 0.6115 0.04133333333333333 0.5243333333333333
2 0.8585 0.6123333333333333 0.036333333333333336 0.5306666666666666
2 0.6033333333333334 0.6123333333333333 0.03666666666666667 0.5306666666666666
2 0.3516666666666667 0.6123333333333333 0.03666666666666667 0.5306666666666666
2 0.43866666666666665 0.333 0.0006666666666666666 0.002
2 0.6936666666666667 0.3325 0.0006666666666666666 0.003
2 0.18683333333333332 0.33216666666666667 0.001 0.003
2 0.8315 0.33316666666666667 0.004333333333333333 0.007666666666666666
2 0.5765 0.33316666666666667 0.004333333333333333 0.007666666666666666
2 0.32466666666666666 0.33316666666666667 0.004 0.007666666666666666
2 0.695 0.32816666666666666 0.0033333333333333335 0.0023333333333333335
2 0.44 0.32766666666666666 0.0033333333333333335 0.0013333333333333333
2 0.33216666666666667 0.33266666666666667 0.005 0.011333333333333334
2 0.18833333333333332 0.32766666666666666 0.0033333333333333335 0.0013333333333333333
2 0.17683333333333334 0.335 0.014333333333333333 0.020666666666666667
2 0.6836666666666666 0.3348333333333333 0.014 0.021
2 0.8075 0.3185 0.0003333333333333333 0.0003333333333333333
2 0.55 0.3185 0.0006666666666666666 0.0003333333333333333
2 0.30083333333333334 0.3185 0.0003333333333333333 0.0003333333333333333
2 0.8386666666666667 0.32816666666666666 0.006 0.02033333333333333
2 0.7306666666666667 0.31816666666666665 0.0013333333333333333 0.0003333333333333333
2 0.7261666666666666 0.31816666666666665 0.0036666666666666666 0.0003333333333333333
2 0.476 0.31816666666666665 0.002 0.0003333333333333333
2 0.22466666666666665 0.31816666666666665 0.0006666666666666666 0.0003333333333333333
2 0.22366666666666668 0.31816666666666665 0.0006666666666666666 0.0003333333333333333
2 0.719 0.31783333333333336 0.007333333333333333 0.0003333333333333333
2 0.5835 0.328 0.005666666666666667 0.020666666666666667
2 0.4708333333333333 0.318 0.004333333333333333 0.0006666666666666666
2 0.21516666666666667 0.318 0.012333333333333333 0.0006666666666666666
2 0.7125 0.31766666666666665 0.005 0.0006666666666666666
2 0.7013333333333334 0.3255 0.006 0.01633333333333333
2 0.46116666666666667 0.31766666666666665 0.013 0.0006666666666666666
2 0.8328333333333333 0.31716666666666665 0.0003333333333333333 0.0003333333333333333
2 0.6971666666666667 0.32133333333333336 0.0016666666666666668 0.008666666666666666
2 0.44633333333333336 0.3253333333333333 0.006 0.016666666666666666
2 0.442 0.32133333333333336 0.002 0.008666666666666666
2 0.205 0.3175 0.006 0.001
2 0.19466666666666665 0.3253333333333333 0.006 0.016666666666666666
2 0.19016666666666668 0.32133333333333336 0.0016666666666666668 0.008666666666666666
2 0.6906666666666667 0.32 0.0013333333333333333 0.008
2 0.42883333333333334 0.33066666666666666 0.015 0.029333333333333333
2 0.184 0.31983333333333336 0.0013333333333333333 0.007666666666666666
2 0.5746666666666667 0.322 0.006 0.012666666666666666
2 0.4513333333333333 0.31583333333333335 0.0006666666666666666 0.0003333333333333333
2 0.3288333333333333 0.321 0.0023333333333333335 0.010666666666666666
2 0.8295 0.32183333333333336 0.005 0.013
2 0.706 0.31566666666666665 0.0013333333333333333 0.0006666666666666666
2 0.3225 0.32183333333333336 0.005 0.013
2 0.19933333333333333 0.3155 0.0013333333333333333 0.001
2 0.8328333333333333 0.31483333333333335 0.001 0.0003333333333333333
2 0.32616666666666666 0.31483333333333335 0.0003333333333333333 0.0003333333333333333
2 0.8295 0.3145 0.001 0.001
2 0.82 0.325 0.014 0.022
2 0.7053333333333334 0.31433333333333335 0.0006666666666666666 0.0006666666666666666
2 0.5745 0.31433333333333335 0.001 0.0006666666666666666
2 0.5655 0.325 0.013 0.022
2 0.5765 0.31383333333333335 0.0003333333333333333 0.0003333333333333333
2 0.32266666666666666 0.31433333333333335 0.0013333333333333333 0.0013333333333333333
2 0.31383333333333335 0.3248333333333333 0.013 0.022333333333333334
2 0.837 0.31533333333333335 0.005333333333333333 0.004
2 0.815 0.3135 0.0006666666666666666 0.0003333333333333333
2 0.582 0.31533333333333335 0.005333333333333333 0.004
2 0.3315 0.315 0.003 0.0033333333333333335
2 0.5596666666666666 0.31316666666666665 0.0006666666666666666 0.0003333333333333333
2 0.196 0.31416666666666665 0.004 0.0023333333333333335
2 0.7068333333333333 0.31316666666666665 0.0016666666666666668 0.001
2 0.7025 0.314 0.004333333333333333 0.0026666666666666666
2 0.45166666666666666 0.3135 0.0013333333333333333 0.0016666666666666668
2 0.44733333333333336 0.314 0.004 0.0026666666666666666
2 0.44066666666666665 0.31333333333333335 0.004666666666666667 0.0013333333333333333
2 0.2 0.31333333333333335 0.0013333333333333333 0.0013333333333333333
2 0.8438333333333333 0.314 0.001 0.0033333333333333335
2 0.337 0.31416666666666665 0.0013333333333333333 0.0036666666666666666
2 0.18883333333333333 0.31333333333333335 0.005 0.002
2 0.5246666666666666 0.31183333333333335 0.0006666666666666666 0.0003333333333333333
2 0.6915 0.3135 0.012333333333333333 0.004333333333333333
2 0.18233333333333332 0.3135 0.007333333333333333 0.004333333333333333
2 0.687 0.31083333333333335 0.0006666666666666666 0.0003333333333333333
2 0.6858333333333333 0.3105 0.001 0.0003333333333333333
2 0.43416666666666665 0.31283333333333335 0.007666666666666666 0.005
2 0.17983333333333335 0.31066666666666665 0.0023333333333333335 0.0006666666666666666
2 0.6831666666666667 0.31216666666666665 0.0016666666666666668 0.004333333333333333
2 0.42816666666666664 0.312 0.0016666666666666668 0.004
2 0.17666666666666667 0.312 0.0013333333333333333 0.004
2 0.4023333333333333 0.301 0.0006666666666666666 0.0026666666666666666
2 0.15066666666666667 0.3006666666666667 0.0006666666666666666 0.0026666666666666666
2 0.6575 0.3006666666666667 0.0003333333333333333 0.0033333333333333335
2 0.8023333333333333 0.29883333333333334 0.002 0.001
2 0.2901666666666667 0.2961666666666667 0.0003333333333333333 0.0003333333333333333
2 0.7991666666666667 0.2961666666666667 0.0016666666666666668 0.001
2 0.5418333333333333 0.296 0.001 0.0006666666666666666
2 0.2956666666666667 0.29333333333333333 0.0006666666666666666 0.0006666666666666666
2 0.2926666666666667 0.277 0.0006666666666666666 0.0006666666666666666
2 0.6073333333333333 0.27466666666666667 0.004 0.04133333333333333
2 0.8623333333333333 0.2745 0.004 0.041666666666666664
2 0.3555 0.2745 0.0036666666666666666 0.041666666666666664
2 0.6698333333333333 0.25283333333333335 0.001 0.0023333333333333335
2 0.4146666666666667 0.253 0.0006666666666666666 0.0026666666666666666
2 0.16316666666666665 0.253 0.001 0.0026666666666666666
2 0.4071666666666667 0.27116666666666667 0.004333333333333333 0.04033333333333333
2 0.15533333333333332 0.27116666666666667 0.004666666666666667 0.04033333333333333
2 0.662 0.271 0.004666666666666667 0.04066666666666666
2 0.30866666666666664 0.24583333333333332 0.0006666666666666666 0.0003333333333333333
2 0.3345 0.2455 0.0003333333333333333 0.0003333333333333333
2 0.8396666666666667 0.24533333333333332 0.0006666666666666666 0.0006666666666666666
2 0.5788333333333333 0.24483333333333332 0.0003333333333333333 0.0003333333333333333
2 0.316 0.2781666666666667 0.086 0.06833333333333333
2 0.8228333333333333 0.278 0.08633333333333333 0.06866666666666667
2 0.5683333333333334 0.2798333333333333 0.08466666666666667 0.07233333333333333
2 0.8181666666666667 0.211 0.0003333333333333333 0.0006666666666666666
2 0.31116666666666665 0.2105 0.0003333333333333333 0.0003333333333333333
2 0.8178333333333333 0.21016666666666667 0.0003333333333333333 0.0003333333333333333
2 0.8175 0.209 0.0003333333333333333 0.0006666666666666666
2 0.5623333333333334 0.20866666666666667 0.0006666666666666666 0.0013333333333333333
2 0.557 0.20983333333333334 0.002 0.0036666666666666666
2 0.31066666666666665 0.20866666666666667 0.0006666666666666666 0.0013333333333333333
2 0.30533333333333335 0.20983333333333334 0.002 0.0036666666666666666
2 0.8123333333333334 0.20966666666666667 0.002 0.004
2 0.7711666666666667 0.20783333333333334 0.001 0.0016666666666666668
2 0.516 0.20783333333333334 0.0006666666666666666 0.0016666666666666668
2 0.2645 0.20766666666666667 0.001 0.0013333333333333333
2 0.815 0.2075 0.0006666666666666666 0.0016666666666666668
2 0.8075 0.2085 0.005 0.0036666666666666666
2 0.56 0.2075 0.0006666666666666666 0.0016666666666666668
2 0.5525 0.2085 0.005 0.0036666666666666666
2 0.30833333333333335 0.20766666666666667 0.0006666666666666666 0.002
2 0.30083333333333334 0.2085 0.005 0.0036666666666666666
2 0.8036666666666666 0.20516666666666666 0.0006666666666666666 0.0003333333333333333
2 0.5943333333333334 0.20533333333333334 0.0006666666666666666 0.0006666666666666666
2 0.5485 0.20516666666666666 0.001 0.0003333333333333333
2 0.297 0.20516666666666666 0.0006666666666666666 0.0003333333333333333
2 0.8493333333333334 0.20483333333333334 0.0006666666666666666 0.001
2 0.3425 0.2045 0.0003333333333333333 0.0003333333333333333
2 0.8475 0.20716666666666667 0.007666666666666666 0.009666666666666667
2 0.5925 0.20716666666666667 0.007666666666666666 0.009666666666666667
2 0.34883333333333333 0.20733333333333334 0.0023333333333333335 0.01
2 0.3406666666666667 0.20716666666666667 0.007333333333333333 0.009666666666666667
2 0.8555 0.20716666666666667 0.0023333333333333335 0.010333333333333333
2 0.6005 0.20716666666666667 0.0023333333333333335 0.010333333333333333
2 0.6761666666666667 0.204 0.0023333333333333335 0.009333333333333334
2 0.421 0.204 0.0026666666666666666 0.009333333333333334
2 0.16933333333333334 0.204 0.002 0.009333333333333334
2 0.6708333333333333 0.20383333333333334 0.003 0.010333333333333333
2 0.4155 0.20383333333333334 0.003 0.010333333333333333
2 0.16383333333333333 0.20383333333333334 0.003 0.010333333333333333
2 0.7935 0.19033333333333333 0.001 0.0006666666666666666
2 0.5383333333333333 0.19033333333333333 0.0006666666666666666 0.0006666666666666666
2 0.2866666666666667 0.19033333333333333 0.0006666666666666666 0.0006666666666666666
2 0.17183333333333334 0.18966666666666668 0.0003333333333333333 0.0006666666666666666
2 0.4235 0.18933333333333333 0.0003333333333333333 0.0006666666666666666
2 0.42383333333333334 0.18833333333333332 0.0003333333333333333 0.0006666666666666666
2 0.6788333333333333 0.1885 0.001 0.0023333333333333335
2 0.7816666666666666 0.18716666666666668 0.0006666666666666666 0.0003333333333333333
2 0.5245 0.18716666666666668 0.001 0.0003333333333333333
2 0.2725 0.18716666666666668 0.0003333333333333333 0.0003333333333333333
2 0.17233333333333334 0.188 0.0006666666666666666 0.002
2 0.4241666666666667 0.18683333333333332 0.0003333333333333333 0.0003333333333333333
2 0.7883333333333333 0.1855 0.0006666666666666666 0.0003333333333333333
2 0.8521666666666666 0.1885 0.003 0.010333333333333333
2 0.597 0.18833333333333332 0.0026666666666666666 0.01
2 0.3451666666666667 0.18833333333333332 0.0023333333333333335 0.01
2 0.8438333333333333 0.18816666666666668 0.008333333333333333 0.010333333333333333
2 0.5888333333333333 0.18816666666666668 0.008333333333333333 0.010333333333333333
2 0.33716666666666667 0.18816666666666668 0.008333333333333333 0.010333333333333333
2 0.7908333333333334 0.18383333333333332 0.004333333333333333 0.0023333333333333335
2 0.5358333333333334 0.18383333333333332 0.004333333333333333 0.0023333333333333335
2 0.2841666666666667 0.18383333333333332 0.0036666666666666666 0.0023333333333333335
2 0.6803333333333333 0.18316666666666667 0.0013333333333333333 0.005
2 0.4251666666666667 0.18316666666666667 0.0016666666666666668 0.005
2 0.1735 0.18316666666666667 0.0016666666666666668 0.005
2 0.6746666666666666 0.185 0.0033333333333333335 0.01
2 0.4195 0.185 0.003 0.01
2 0.16783333333333333 0.18483333333333332 0.003 0.010333333333333333
2 0.5326666666666666 0.17266666666666666 0.002 0.0013333333333333333
2 0.7878333333333334 0.1725 0.0016666666666666668 0.0016666666666666668
2 0.281 0.1725 0.002 0.0016666666666666668
2 0.7841666666666667 0.17183333333333334 0.0016666666666666668 0.001
2 0.5291666666666667 0.17183333333333334 0.0016666666666666668 0.001
2 0.2775 0.17183333333333334 0.0016666666666666668 0.001
2 0.7838333333333334 0.16983333333333334 0.0023333333333333335 0.001
2 0.5286666666666666 0.16983333333333334 0.002 0.001
2 0.2771666666666667 0.16983333333333334 0.0023333333333333335 0.001
2 0.7908333333333334 0.16783333333333333 0.0003333333333333333 0.0003333333333333333
2 0.7856666666666666 0.16816666666666666 0.002 0.001
2 0.5358333333333334 0.16783333333333333 0.0003333333333333333 0.0003333333333333333
2 0.5308333333333334 0.16816666666666666 0.0016666666666666668 0.001
2 0.2841666666666667 0.16783333333333333 0.0003333333333333333 0.0003333333333333333
2 0.279 0.16816666666666666 0.002 0.001
2 0.7881666666666667 0.16816666666666666 0.0016666666666666668 0.0016666666666666668
2 0.5331666666666667 0.168 0.0016666666666666668 0.0013333333333333333
2 0.2815 0.168 0.0016666666666666668 0.0013333333333333333
2 0.8405 0.1705 0.007666666666666666 0.008333333333333333
2 0.42916666666666664 0.1665 0.0003333333333333333 0.0003333333333333333
2 0.33366666666666667 0.1705 0.008 0.008333333333333333
2 0.5851666666666666 0.17033333333333334 0.007666666666666666 0.008666666666666666
2 0.8481666666666666 0.16983333333333334 0.003 0.009666666666666667
2 0.3413333333333333 0.16983333333333334 0.0026666666666666666 0.009666666666666667
2 0.5928333333333333 0.16966666666666666 0.003 0.01
2 0.17783333333333334 0.165 0.0003333333333333333 0.0006666666666666666
2 0.7815 0.1645 0.0003333333333333333 0.0003333333333333333
2 0.5263333333333333 0.1645 0.0006666666666666666 0.0003333333333333333
2 0.5233333333333333 0.1645 0.0013333333333333333 0.0003333333333333333
2 0.27466666666666667 0.1645 0.0006666666666666666 0.0003333333333333333
2 0.7783333333333333 0.16433333333333333 0.0013333333333333333 0.0006666666666666666
2 0.6846666666666666 0.16483333333333333 0.0006666666666666666 0.0016666666666666668
2 0.27166666666666667 0.16433333333333333 0.0013333333333333333 0.0006666666666666666
2 0.6851666666666667 0.16283333333333333 0.0003333333333333333 0.0003333333333333333
2 0.424 0.16666666666666666 0.0033333333333333335 0.01
2 0.17233333333333334 0.16666666666666666 0.0033333333333333335 0.01
2 0.6791666666666667 0.1665 0.0036666666666666666 0.010333333333333333
2 0.7851666666666667 0.15416666666666667 0.001 0.001
2 0.5298333333333334 0.15416666666666667 0.001 0.001
2 0.2781666666666667 0.15416666666666667 0.001 0.001
2 0.18116666666666667 0.15216666666666667 0.0003333333333333333 0.0003333333333333333
2 0.688 0.152 0.0006666666666666666 0.0006666666666666666
2 0.43283333333333335 0.152 0.0003333333333333333 0.0006666666666666666
2 0.7793333333333333 0.14966666666666667 0.0033333333333333335 0.0013333333333333333
2 0.5315 0.14916666666666667 0.0003333333333333333 0.0003333333333333333
2 0.5243333333333333 0.14966666666666667 0.0033333333333333335 0.0013333333333333333
2 0.27266666666666667 0.14966666666666667 0.0033333333333333335 0.0013333333333333333
2 0.7835 0.1495 0.0023333333333333335 0.0023333333333333335
2 0.5285 0.14933333333333335 0.0023333333333333335 0.002
2 0.27666666666666667 0.1495 0.0026666666666666666 0.0023333333333333335
2 0.836 0.152 0.008 0.008
2 0.5806666666666667 0.152 0.008 0.008
2 0.32916666666666666 0.152 0.007666666666666666 0.008
2 0.2808333333333333 0.1475 0.0003333333333333333 0.0003333333333333333
2 0.7876666666666666 0.14733333333333334 0.0006666666666666666 0.0006666666666666666
2 0.3365 0.15133333333333332 0.003 0.009333333333333334
2 0.8433333333333334 0.15133333333333332 0.0033333333333333335 0.01
2 0.5881666666666666 0.15116666666666667 0.003 0.009666666666666667
2 0.78 0.14666666666666667 0.002 0.002
2 0.525 0.14666666666666667 0.002 0.002
2 0.273 0.14666666666666667 0.002 0.002
2 0.7823333333333333 0.14533333333333334 0.0006666666666666666 0.0006666666666666666
2 0.5271666666666667 0.14533333333333334 0.001 0.0006666666666666666
2 0.2755 0.1455 0.001 0.001
2 0.7868333333333334 0.14516666666666667 0.001 0.001
2 0.7843333333333333 0.14516666666666667 0.002 0.001
2 0.5316666666666666 0.14516666666666667 0.0013333333333333333 0.001
2 0.5291666666666667 0.14516666666666667 0.0016666666666666668 0.001
2 0.28 0.14516666666666667 0.0013333333333333333 0.001
2 0.2775 0.14516666666666667 0.0016666666666666668 0.001
2 0.6845 0.14816666666666667 0.0036666666666666666 0.009666666666666667
2 0.4295 0.14816666666666667 0.0036666666666666666 0.009666666666666667
2 0.17783333333333334 0.14816666666666667 0.0036666666666666666 0.009666666666666667
2 0.8385 0.1345 0.0023333333333333335 0.006333333333333333
2 0.33166666666666667 0.13416666666666666 0.0026666666666666666 0.007
2 0.5831666666666667 0.1335 0.003 0.008333333333333333
2 0.6965 0.12633333333333333 0.003 0.008
2 0.4415 0.126 0.003 0.008
2 0.18983333333333333 0.12616666666666668 0.003 0.008333333333333333
2 0.6986666666666667 0.1205 0.0006666666666666666 0.0016666666666666668
2 0.44366666666666665 0.12033333333333333 0.0006666666666666666 0.0013333333333333333
2 0.7896666666666666 0.124 0.0026666666666666666 0.017333333333333333
2 0.7831666666666667 0.1245 0.005666666666666667 0.018333333333333333
2 0.5345 0.12416666666666666 0.0023333333333333335 0.017666666666666667
2 0.5278333333333334 0.12433333333333334 0.005666666666666667 0.018666666666666668
2 0.2826666666666667 0.124 0.0026666666666666666 0.018
2 0.27616666666666667 0.12433333333333334 0.005666666666666667 0.018666666666666668
2 0.5765 0.1135 0.0003333333333333333 0.0003333333333333333
2 0.44516666666666665 0.11616666666666667 0.0023333333333333335 0.006333333333333333
2 0.2785 0.12366666666666666 0.007 0.024666666666666667
2 0.5301666666666667 0.12366666666666666 0.007 0.025333333333333333
2 0.7008333333333333 0.11433333333333333 0.0036666666666666666 0.01
2 0.44716666666666666 0.1105 0.001 0.0023333333333333335
2 0.19383333333333333 0.11516666666666667 0.004333333333333333 0.011666666666666667
2 0.7828333333333334 0.12233333333333334 0.011666666666666667 0.027333333333333334
2 0.5241666666666667 0.10983333333333334 0.004333333333333333 0.0023333333333333335
2 0.27266666666666667 0.11 0.004666666666666667 0.0026666666666666666
2 0.44816666666666666 0.1075 0.0003333333333333333 0.0003333333333333333
2 0.575 0.11 0.0026666666666666666 0.006
2 0.5186666666666667 0.10766666666666666 0.006 0.0026666666666666666
2 0.2663333333333333 0.1075 0.007333333333333333 0.003
2 0.7673333333333333 0.10716666666666666 0.018666666666666668 0.0036666666666666666
2 0.5088333333333334 0.1065 0.012333333333333333 0.0023333333333333335
2 0.25666666666666665 0.1065 0.011333333333333334 0.0023333333333333335
2 0.8261666666666667 0.12 0.017 0.035333333333333335
2 0.5708333333333333 0.12 0.017 0.035333333333333335
2 0.3195 0.12 0.017 0.035333333333333335
2 0.6953333333333334 0.11833333333333333 0.014 0.03333333333333333
2 0.44016666666666665 0.11816666666666667 0.013666666666666667 0.033
2 0.18866666666666668 0.11816666666666667 0.014 0.033
2 0.7475 0.1005 0.0003333333333333333 0.0003333333333333333
2 0.7556666666666667 0.09533333333333334 0.048 0.0013333333333333333
2 0.5005 0.09533333333333334 0.04833333333333333 0.0013333333333333333
2 0.249 0.09533333333333334 0.048666666666666664 0.0013333333333333333