2 0.9176432291666666 0.3447265625 0.001953125 0.001953125
2 0.8942057291666666 0.34326171875 0.0006510416666666666 0.0009765625
2 0.9296875 0.34326171875 0.0026041666666666665 0.0029296875
2 0.9140625 0.342041015625 0.0013020833333333333 0.00048828125
2 0.919921875 0.341796875 0.0013020833333333333 0.00390625
2 0.9163411458333334 0.340087890625 0.001953125 0.00146484375
2 0.9283854166666666 0.33544921875 0.0013020833333333333 0.0009765625
2 0.9228515625 0.335205078125 0.001953125 0.00146484375
2 0.9140625 0.330078125 0.0013020833333333333 0.0029296875
2 0.9108072916666666 0.3310546875 0.0026041666666666665 0.005859375
2 0.9085286458333334 0.332275390625 0.005859375 0.00830078125
2 0.8880208333333334 0.329833984375 0.0013020833333333333 0.00341796875
2 0.9251302083333334 0.3271484375 0.0026041666666666665 0.001953125
2 0.9069010416666666 0.326171875 0.0013020833333333333 0.0009765625
2 0.9111328125 0.326171875 0.001953125 0.001953125
2 0.90234375 0.326416015625 0.0013020833333333333 0.00341796875
2 0.8994140625 0.328125 0.0032552083333333335 0.0078125
2 0.9417317708333334 0.324462890625 0.001953125 0.00146484375
2 0.9225260416666666 0.324951171875 0.0026041666666666665 0.00244140625
2 0.9065755208333334 0.323486328125 0.0006510416666666666 0.00048828125
2 0.9098307291666666 0.32373046875 0.001953125 0.001953125
2 0.9261067708333334 0.3232421875 0.001953125 0.001953125
2 0.9222005208333334 0.3212890625 0.001953125 0.001953125
2 0.8528645833333334 0.318359375 0.0013020833333333333 0.0009765625
2 0.9244791666666666 0.31787109375 0.0013020833333333333 0.00390625
2 0.9293619791666666 0.31787109375 0.005859375 0.0078125
2 0.8746744791666666 0.314453125 0.001953125 0.001953125
2 0.9466145833333334 0.3125 0.0013020833333333333 0.001953125
2 0.8629557291666666 0.311767578125 0.001953125 0.00244140625
2 0.9186197916666666 0.312744140625 0.00390625 0.00830078125
2 0.9153645833333334 0.318359375 0.009114583333333334 0.01953125
2 0.8818359375 0.30908203125 0.0006510416666666666 0.0009765625
2 0.849609375 0.310546875 0.0026041666666666665 0.00390625
2 0.9427083333333334 0.307373046875 0.0013020833333333333 0.00048828125
2 0.9254557291666666 0.310302734375 0.007161458333333333 0.00634765625
2 0.8590494791666666 0.31005859375 0.004557291666666667 0.005859375
2 0.9453125 0.305908203125 0.0013020833333333333 0.00048828125
2 0.9117838541666666 0.306640625 0.001953125 0.001953125
2 0.9166666666666666 0.306884765625 0.0026041666666666665 0.00341796875
2 0.9329427083333334 0.309814453125 0.005208333333333333 0.01025390625
2 0.9228515625 0.30517578125 0.0006510416666666666 0.0009765625
2 0.8567708333333334 0.305419921875 0.0013020833333333333 0.00146484375
2 0.8528645833333334 0.30859375 0.00390625 0.0078125
2 0.927734375 0.302490234375 0.0013020833333333333 0.00146484375
2 0.9244791666666666 0.302734375 0.0026041666666666665 0.001953125
2 0.9192708333333334 0.302978515625 0.0013020833333333333 0.00341796875
2 0.884765625 0.302734375 0.0026041666666666665 0.0029296875
2 0.8994140625 0.301025390625 0.0006510416666666666 0.00048828125
2 0.8883463541666666 0.301513671875 0.001953125 0.00146484375
2 0.8597005208333334 0.302978515625 0.001953125 0.00439453125
2 0.9222005208333334 0.30078125 0.0006510416666666666 0.0009765625
2 0.8723958333333334 0.306640625 0.009114583333333334 0.013671875
2 0.9251302083333334 0.29931640625 0.0026041666666666665 0.001953125
2 0.88671875 0.298828125 0.0013020833333333333 0.0009765625
2 0.9329427083333334 0.299072265625 0.0013020833333333333 0.00341796875
2 0.9222005208333334 0.2978515625 0.0006510416666666666 0.0009765625
2 0.8828125 0.2978515625 0.0013020833333333333 0.0009765625
2 0.8645833333333334 0.302734375 0.006510416666666667 0.0107421875
2 0.9013671875 0.298095703125 0.001953125 0.00244140625
2 0.9303385416666666 0.29931640625 0.0026041666666666665 0.005859375
2 0.9261067708333334 0.296875 0.0006510416666666666 0.0009765625
2 0.8551432291666666 0.298828125 0.004557291666666667 0.0048828125
2 0.9401041666666666 0.29833984375 0.00390625 0.0048828125
2 0.8785807291666666 0.299072265625 0.005859375 0.00634765625
2 0.880859375 0.295654296875 0.0013020833333333333 0.00146484375
2 0.873046875 0.29638671875 0.0013020833333333333 0.0029296875
2 0.8697916666666666 0.2958984375 0.0013020833333333333 0.001953125
2 0.91015625 0.295654296875 0.0026041666666666665 0.00244140625
2 0.9365234375 0.297119140625 0.0032552083333333335 0.00732421875
2 0.9309895833333334 0.294189453125 0.0026041666666666665 0.00146484375
2 0.8834635416666666 0.29443359375 0.0026041666666666665 0.001953125
2 0.9671223958333334 0.29345703125 0.0006510416666666666 0.0009765625
2 0.896484375 0.29345703125 0.0013020833333333333 0.0009765625
2 0.8863932291666666 0.293212890625 0.0006510416666666666 0.00048828125
2 0.939453125 0.293212890625 0.0013020833333333333 0.00146484375
2 0.8746744791666666 0.29345703125 0.001953125 0.001953125
2 0.900390625 0.29345703125 0.0026041666666666665 0.0029296875
2 0.8792317708333334 0.29296875 0.001953125 0.001953125
2 0.8912760416666666 0.294677734375 0.006510416666666667 0.00634765625
2 0.8655598958333334 0.292236328125 0.001953125 0.00146484375
2 0.943359375 0.294677734375 0.0026041666666666665 0.00732421875
2 0.8688151041666666 0.2919921875 0.001953125 0.001953125
2 0.9401041666666666 0.290283203125 0.0013020833333333333 0.00048828125
2 0.9016927083333334 0.290771484375 0.0026041666666666665 0.00146484375
2 0.8974609375 0.289794921875 0.0006510416666666666 0.00048828125
2 0.8837890625 0.289794921875 0.0006510416666666666 0.00048828125
2 0.8619791666666666 0.291015625 0.0013020833333333333 0.0029296875
2 0.9427083333333334 0.289306640625 0.0013020833333333333 0.00048828125
2 0.9332682291666666 0.291259765625 0.004557291666666667 0.00439453125
2 0.9274088541666666 0.2900390625 0.001953125 0.001953125
2 0.9176432291666666 0.291259765625 0.004557291666666667 0.00439453125
2 0.9069010416666666 0.293212890625 0.005208333333333333 0.00830078125
2 0.9544270833333334 0.289306640625 0.0013020833333333333 0.00146484375
2 0.8580729166666666 0.291748046875 0.0026041666666666665 0.00634765625
2 0.9514973958333334 0.288330078125 0.0006510416666666666 0.00048828125
2 0.8876953125 0.290283203125 0.001953125 0.00439453125
2 0.9010416666666666 0.28857421875 0.0026041666666666665 0.001953125
2 0.8792317708333334 0.288818359375 0.0032552083333333335 0.00244140625
2 0.9052734375 0.288330078125 0.001953125 0.00244140625
2 0.9459635416666666 0.2880859375 0.0026041666666666665 0.0029296875
2 0.9244791666666666 0.287109375 0.0013020833333333333 0.0009765625
2 0.8955078125 0.286865234375 0.0006510416666666666 0.00048828125
2 0.9384765625 0.28759765625 0.0006510416666666666 0.0029296875
2 0.9182942708333334 0.287109375 0.001953125 0.001953125
2 0.8619791666666666 0.287109375 0.0013020833333333333 0.001953125
2 0.9993489583333334 0.287353515625 0.0013020833333333333 0.00341796875
2 0.9720052083333334 0.2861328125 0.0013020833333333333 0.0009765625
2 0.9495442708333334 0.285888671875 0.0006510416666666666 0.00048828125
2 0.921875 0.28759765625 0.0013020833333333333 0.00390625
2 0.9153645833333334 0.286376953125 0.0013020833333333333 0.00146484375
2 0.8968098958333334 0.285888671875 0.0006510416666666666 0.00048828125
2 0.8756510416666666 0.286865234375 0.0013020833333333333 0.00244140625
2 0.8828125 0.285888671875 0.0013020833333333333 0.00146484375
2 0.8411458333333334 0.285400390625 0.0013020833333333333 0.00048828125
2 0.9602864583333334 0.287841796875 0.0078125 0.00732421875
2 0.9108072916666666 0.286376953125 0.0026041666666666665 0.00439453125
2 0.8678385416666666 0.286376953125 0.0078125 0.00439453125
2 0.9798177083333334 0.286865234375 0.0026041666666666665 0.00634765625
2 0.876953125 0.284423828125 0.0013020833333333333 0.00146484375
2 0.859375 0.28466796875 0.0013020833333333333 0.001953125
2 0.8336588541666666 0.284423828125 0.001953125 0.00146484375
2 0.9524739583333334 0.28466796875 0.0026041666666666665 0.0029296875
2 0.9072265625 0.283203125 0.001953125 0.0009765625
2 0.8369140625 0.283935546875 0.001953125 0.00244140625
2 0.9563802083333334 0.28369140625 0.00390625 0.0029296875
2 0.8896484375 0.283935546875 0.001953125 0.00439453125
2 0.8792317708333334 0.281982421875 0.0006510416666666666 0.00048828125
2 0.9993489583333334 0.281982421875 0.0013020833333333333 0.00146484375
2 0.9833984375 0.28173828125 0.0006510416666666666 0.0009765625
2 0.9680989583333334 0.285400390625 0.005208333333333333 0.00830078125
2 0.884765625 0.283203125 0.0013020833333333333 0.00390625
2 0.86328125 0.281982421875 0.0013020833333333333 0.00146484375
2 0.8486328125 0.28955078125 0.011067708333333334 0.0166015625
2 0.9541015625 0.28125 0.001953125 0.001953125
2 0.927734375 0.28076171875 0.0013020833333333333 0.0009765625
2 0.8561197916666666 0.28271484375 0.0013020833333333333 0.0048828125
2 0.8492838541666666 0.280517578125 0.0006510416666666666 0.00048828125
2 0.8473307291666666 0.28076171875 0.0006510416666666666 0.0009765625
2 0.9749348958333334 0.280517578125 0.001953125 0.00146484375
2 0.9583333333333334 0.2802734375 0.0013020833333333333 0.0009765625
2 0.9309895833333334 0.283447265625 0.0026041666666666665 0.00732421875
2 0.859375 0.280517578125 0.0013020833333333333 0.00146484375
2 0.8346354166666666 0.280517578125 0.00390625 0.00146484375
2 0.8203125 0.2802734375 0.0026041666666666665 0.0009765625
2 0.830078125 0.281005859375 0.0026041666666666665 0.00341796875
2 0.9075520833333334 0.279296875 0.0013020833333333333 0.0009765625
2 0.9036458333333334 0.27978515625 0.0026041666666666665 0.001953125
2 0.8987630208333334 0.279296875 0.004557291666666667 0.0009765625
2 0.8893229166666666 0.279296875 0.0013020833333333333 0.0009765625
2 0.9140625 0.281982421875 0.010416666666666666 0.00732421875
2 0.8844401041666666 0.279296875 0.001953125 0.001953125
2 0.9534505208333334 0.278076171875 0.0006510416666666666 0.00048828125
2 0.9505208333333334 0.279296875 0.0013020833333333333 0.0029296875
2 0.9212239583333334 0.2783203125 0.0013020833333333333 0.0009765625
2 0.9847005208333334 0.278076171875 0.001953125 0.00146484375
2 0.9638671875 0.2802734375 0.005859375 0.005859375
2 0.9361979166666666 0.279052734375 0.0013020833333333333 0.00341796875
2 0.9036458333333334 0.27783203125 0.0013020833333333333 0.0009765625
2 0.8538411458333334 0.278076171875 0.001953125 0.00146484375
2 0.8453776041666666 0.27783203125 0.0006510416666666666 0.0009765625
2 0.83203125 0.2783203125 0.0013020833333333333 0.001953125
2 0.8942057291666666 0.279541015625 0.0032552083333333335 0.00537109375
2 0.90625 0.27734375 0.0013020833333333333 0.001953125
2 0.880859375 0.277099609375 0.0013020833333333333 0.00146484375
2 0.8662109375 0.27978515625 0.004557291666666667 0.0068359375
2 0.8512369791666666 0.27685546875 0.0006510416666666666 0.0009765625
2 0.9973958333333334 0.276611328125 0.0013020833333333333 0.00146484375
2 0.978515625 0.277099609375 0.0026041666666666665 0.00341796875
2 0.8583984375 0.27685546875 0.001953125 0.0029296875
2 0.9280598958333334 0.275390625 0.0006510416666666666 0.0009765625
2 0.8922526041666666 0.276123046875 0.001953125 0.00244140625
2 0.9661458333333334 0.275390625 0.0026041666666666665 0.001953125
2 0.8610026041666666 0.276123046875 0.001953125 0.00341796875
2 0.9996744791666666 0.274169921875 0.0006510416666666666 0.00048828125
2 0.9430338541666666 0.2744140625 0.0006510416666666666 0.0009765625
2 0.8873697916666666 0.27587890625 0.005208333333333333 0.00390625
2 0.849609375 0.275390625 0.0026041666666666665 0.0029296875
2 0.8411458333333334 0.275390625 0.0013020833333333333 0.0029296875
2 0.947265625 0.274169921875 0.0013020833333333333 0.00146484375
2 0.9401041666666666 0.274169921875 0.0013020833333333333 0.00146484375
2 0.8629557291666666 0.274169921875 0.0006510416666666666 0.00146484375
2 0.9599609375 0.275634765625 0.007161458333333333 0.00537109375
2 0.8701171875 0.273681640625 0.001953125 0.00146484375
2 0.98828125 0.2734375 0.0013020833333333333 0.001953125
2 0.95703125 0.27294921875 0.0013020833333333333 0.0009765625
2 0.9541015625 0.273681640625 0.001953125 0.00244140625
2 0.8577473958333334 0.272705078125 0.0006510416666666666 0.00048828125
2 0.8544921875 0.274658203125 0.004557291666666667 0.00439453125
2 0.9674479166666666 0.272705078125 0.00390625 0.00244140625
2 0.8802083333333334 0.27294921875 0.0026041666666666665 0.0029296875
2 0.873046875 0.277099609375 0.0078125 0.01123046875
2 0.8323567708333334 0.27197265625 0.001953125 0.001953125
2 0.8779296875 0.271484375 0.001953125 0.001953125
2 0.9996744791666666 0.270263671875 0.0006510416666666666 0.00048828125
2 0.9514973958333334 0.271240234375 0.0032552083333333335 0.00244140625
2 0.8987630208333334 0.272216796875 0.004557291666666667 0.00439453125
2 0.8932291666666666 0.271484375 0.0013020833333333333 0.0029296875
2 0.8880208333333334 0.271484375 0.0013020833333333333 0.0029296875
2 0.8531901041666666 0.270751953125 0.001953125 0.00146484375
2 0.9733072916666666 0.270263671875 0.0013020833333333333 0.00146484375
2 0.9557291666666666 0.27001953125 0.0013020833333333333 0.0009765625
2 0.9332682291666666 0.273193359375 0.0032552083333333335 0.00732421875
2 0.9088541666666666 0.271484375 0.0026041666666666665 0.00390625
2 0.8831380208333334 0.270263671875 0.001953125 0.00146484375
2 0.8557942708333334 0.27001953125 0.0006510416666666666 0.0009765625
2 0.9807942708333334 0.272705078125 0.0032552083333333335 0.00732421875
2 0.9700520833333334 0.27001953125 0.0026041666666666665 0.001953125
2 0.86328125 0.2705078125 0.0026041666666666665 0.0029296875
2 0.8515625 0.269287109375 0.0013020833333333333 0.00048828125
2 0.9641927083333334 0.269775390625 0.0026041666666666665 0.00341796875
2 0.8600260416666666 0.27001953125 0.0026041666666666665 0.00390625
2 0.8792317708333334 0.268798828125 0.001953125 0.00244140625
2 0.9869791666666666 0.267578125 0.0013020833333333333 0.0009765625
2 0.9697265625 0.267822265625 0.001953125 0.00146484375
2 0.8538411458333334 0.267578125 0.0006510416666666666 0.0009765625
2 0.8492838541666666 0.267578125 0.0006510416666666666 0.0009765625
2 0.9505208333333334 0.267578125 0.00390625 0.001953125
2 0.9358723958333334 0.268310546875 0.004557291666666667 0.00341796875
2 0.9208984375 0.267333984375 0.0006510416666666666 0.00244140625
2 0.9143880208333334 0.2705078125 0.005859375 0.0087890625
2 0.8968098958333334 0.267578125 0.001953125 0.0029296875
2 0.9674479166666666 0.26611328125 0.0013020833333333333 0.0009765625
2 0.9596354166666666 0.26806640625 0.00390625 0.0048828125
2 0.9453125 0.2666015625 0.0026041666666666665 0.001953125
2 0.8642578125 0.2666015625 0.001953125 0.001953125
2 0.9326171875 0.265869140625 0.001953125 0.00244140625
2 0.8870442708333334 0.266845703125 0.009765625 0.00439453125
2 0.859375 0.265380859375 0.0013020833333333333 0.00146484375
2 0.8401692708333334 0.273193359375 0.012369791666666666 0.01708984375
2 0.97265625 0.265380859375 0.0026041666666666665 0.00244140625
2 0.9029947916666666 0.266845703125 0.0026041666666666665 0.00537109375
2 0.9300130208333334 0.263671875 0.0032552083333333335 0.001953125
2 0.9651692708333334 0.263671875 0.001953125 0.0029296875
2 0.9505208333333334 0.263671875 0.0013020833333333333 0.0029296875
2 0.9371744791666666 0.26220703125 0.0006510416666666666 0.0009765625
2 0.9124348958333334 0.262451171875 0.0006510416666666666 0.00146484375
2 0.888671875 0.263671875 0.0026041666666666665 0.00390625
2 0.8815104166666666 0.26220703125 0.0013020833333333333 0.0009765625
2 0.8662109375 0.26220703125 0.0006510416666666666 0.0009765625
2 0.8424479166666666 0.26220703125 0.0013020833333333333 0.0009765625
2 0.9010416666666666 0.261962890625 0.0013020833333333333 0.00146484375
2 0.9430338541666666 0.26123046875 0.001953125 0.0009765625
2 0.9176432291666666 0.26318359375 0.004557291666666667 0.005859375
2 0.8776041666666666 0.260986328125 0.0013020833333333333 0.00146484375
2 0.8707682291666666 0.26318359375 0.007161458333333333 0.005859375
2 0.9049479166666666 0.260986328125 0.0026041666666666665 0.00244140625
2 0.8492838541666666 0.263427734375 0.009765625 0.00732421875
2 0.9814453125 0.260009765625 0.0006510416666666666 0.00244140625
2 0.9469401041666666 0.259765625 0.001953125 0.001953125
2 0.8994140625 0.259765625 0.001953125 0.001953125
2 0.9358723958333334 0.259765625 0.0006510416666666666 0.0029296875
2 0.9345703125 0.26171875 0.001953125 0.0068359375
2 0.9427083333333334 0.25830078125 0.0013020833333333333 0.0009765625
2 0.9052734375 0.258056640625 0.0006510416666666666 0.00048828125
2 0.8798828125 0.25927734375 0.001953125 0.0029296875
2 0.9915364583333334 0.267333984375 0.016927083333333332 0.02001953125
2 0.8948567708333334 0.26123046875 0.008463541666666666 0.0078125
2 0.9739583333333334 0.264892578125 0.010416666666666666 0.01611328125
2 0.8756510416666666 0.2568359375 0.0013020833333333333 0.0009765625
2 0.9742838541666666 0.257080078125 0.001953125 0.00244140625
2 0.9632161458333334 0.257080078125 0.001953125 0.00244140625
2 0.9466145833333334 0.256591796875 0.0026041666666666665 0.00146484375
2 0.921875 0.257568359375 0.0026041666666666665 0.00341796875
2 0.9951171875 0.255126953125 0.001953125 0.00048828125
2 0.892578125 0.255859375 0.0026041666666666665 0.0029296875
2 0.8551432291666666 0.254638671875 0.0006510416666666666 0.00048828125
2 0.9817708333333334 0.2548828125 0.0026041666666666665 0.001953125
2 0.9768880208333334 0.254638671875 0.001953125 0.00146484375
2 0.9586588541666666 0.2548828125 0.001953125 0.001953125
2 0.9544270833333334 0.25439453125 0.0013020833333333333 0.0009765625
2 0.9293619791666666 0.2578125 0.004557291666666667 0.0078125
2 0.8815104166666666 0.255126953125 0.006510416666666667 0.00244140625
2 0.9254557291666666 0.25537109375 0.001953125 0.00390625
2 0.9085286458333334 0.25634765625 0.005859375 0.005859375
2 0.9007161458333334 0.25537109375 0.001953125 0.00390625
2 0.8665364583333334 0.25634765625 0.0078125 0.005859375
2 0.9567057291666666 0.253173828125 0.0006510416666666666 0.00048828125
2 0.9313151041666666 0.253173828125 0.0006510416666666666 0.00048828125
2 0.9348958333333334 0.253173828125 0.0013020833333333333 0.00146484375
2 0.9192708333333334 0.253173828125 0.0013020833333333333 0.00146484375
2 0.8850911458333334 0.252685546875 0.0006510416666666666 0.00048828125
2 0.8818359375 0.253173828125 0.001953125 0.00146484375
2 0.9518229166666666 0.252685546875 0.0026041666666666665 0.00146484375
2 0.8414713541666666 0.253662109375 0.004557291666666667 0.00341796875
2 0.9147135416666666 0.252685546875 0.0013020833333333333 0.00244140625
2 0.9072265625 0.251953125 0.001953125 0.0009765625
2 0.8688151041666666 0.25244140625 0.001953125 0.001953125
2 0.9225260416666666 0.251708984375 0.0026041666666666665 0.00146484375
2 0.8619791666666666 0.251953125 0.0026041666666666665 0.001953125
2 0.9583333333333334 0.2509765625 0.0013020833333333333 0.0009765625
2 0.9547526041666666 0.25048828125 0.0006510416666666666 0.0009765625
2 0.9514973958333334 0.250244140625 0.0006510416666666666 0.00048828125
2 0.9274088541666666 0.25048828125 0.001953125 0.0009765625
2 0.8961588541666666 0.250244140625 0.0006510416666666666 0.00048828125
2 0.9632161458333334 0.24951171875 0.0006510416666666666 0.0009765625
2 0.8893229166666666 0.25146484375 0.0026041666666666665 0.0048828125
2 0.8610026041666666 0.24951171875 0.0006510416666666666 0.0009765625
2 0.8951822916666666 0.2490234375 0.0013020833333333333 0.0009765625
2 0.9788411458333334 0.2490234375 0.001953125 0.001953125
2 0.9264322916666666 0.24853515625 0.0013020833333333333 0.0009765625
2 0.966796875 0.250244140625 0.0026041666666666665 0.00732421875
2 0.9895833333333334 0.251953125 0.01171875 0.0126953125
2 0.9694010416666666 0.245849609375 0.0013020833333333333 0.00048828125
2 0.9586588541666666 0.24658203125 0.001953125 0.001953125
2 0.8668619791666666 0.24853515625 0.005859375 0.005859375
2 0.8473307291666666 0.252685546875 0.012369791666666666 0.01416015625
2 0.892578125 0.24609375 0.0026041666666666665 0.001953125
2 0.837890625 0.24755859375 0.00390625 0.0048828125
2 0.9742838541666666 0.24609375 0.001953125 0.0029296875
2 0.857421875 0.25439453125 0.009114583333333334 0.01953125
2 0.912109375 0.248046875 0.0078125 0.0078125
2 0.8857421875 0.24560546875 0.0032552083333333335 0.0029296875
2 0.9944661458333334 0.244140625 0.0006510416666666666 0.0009765625
2 0.9817708333333334 0.24462890625 0.0026041666666666665 0.001953125
2 0.9713541666666666 0.244140625 0.0013020833333333333 0.0009765625
2 0.9329427083333334 0.246826171875 0.005208333333333333 0.00634765625
2 0.9130859375 0.244140625 0.001953125 0.0009765625
2 0.9016927083333334 0.248046875 0.010416666666666666 0.009765625
2 0.849609375 0.2431640625 0.0013020833333333333 0.0009765625
2 0.8463541666666666 0.244140625 0.0013020833333333333 0.0029296875
2 0.9869791666666666 0.244384765625 0.006510416666666667 0.00439453125
2 0.9697265625 0.242431640625 0.001953125 0.00048828125
2 0.9514973958333334 0.244140625 0.0032552083333333335 0.00390625
2 0.8932291666666666 0.24267578125 0.0026041666666666665 0.0009765625
2 0.876953125 0.246337890625 0.010416666666666666 0.00830078125
2 0.9567057291666666 0.241943359375 0.0006510416666666666 0.00048828125
2 0.9078776041666666 0.242431640625 0.001953125 0.00146484375
2 0.8704427083333334 0.242431640625 0.0026041666666666665 0.00146484375
2 0.8597005208333334 0.243896484375 0.0032552083333333335 0.00537109375
2 0.9231770833333334 0.24560546875 0.01171875 0.009765625
2 0.8880208333333334 0.240966796875 0.0013020833333333333 0.00048828125
2 0.8639322916666666 0.243896484375 0.0026041666666666665 0.00634765625
2 0.9016927083333334 0.24072265625 0.0013020833333333333 0.0009765625
2 0.90625 0.240234375 0.0026041666666666665 0.001953125
2 0.9951171875 0.240234375 0.0006510416666666666 0.0029296875
2 0.9713541666666666 0.240234375 0.0013020833333333333 0.0029296875
2 0.8984375 0.2412109375 0.0013020833333333333 0.0048828125
2 0.9651692708333334 0.240478515625 0.007161458333333333 0.00439453125
2 0.9345703125 0.239990234375 0.007161458333333333 0.00341796875
2 0.9459635416666666 0.24755859375 0.018229166666666668 0.0205078125
2 0.8955078125 0.237548828125 0.0006510416666666666 0.00048828125
2 0.9973958333333334 0.237548828125 0.0013020833333333333 0.00146484375
2 0.8850911458333334 0.23828125 0.005859375 0.0029296875
2 0.8746744791666666 0.236328125 0.001953125 0.001953125
2 0.8701171875 0.236328125 0.001953125 0.001953125
2 0.91015625 0.236328125 0.0013020833333333333 0.0029296875
2 0.8896484375 0.235107421875 0.0006510416666666666 0.00048828125
2 0.90234375 0.236572265625 0.00390625 0.00439453125
2 0.8424479166666666 0.2353515625 0.0013020833333333333 0.001953125
2 0.9915364583333334 0.238037109375 0.0078125 0.00927734375
2 0.9319661458333334 0.234375 0.0032552083333333335 0.0048828125
2 0.9697265625 0.232177734375 0.001953125 0.00146484375
2 0.935546875 0.23193359375 0.0013020833333333333 0.001953125
2 0.9482421875 0.23291015625 0.0032552083333333335 0.0048828125
2 0.9446614583333334 0.23291015625 0.0026041666666666665 0.0048828125
2 0.8873697916666666 0.23193359375 0.0026041666666666665 0.00390625
2 0.9404296875 0.232421875 0.004557291666666667 0.005859375
2 0.9378255208333334 0.229736328125 0.0006510416666666666 0.00048828125
2 0.9970703125 0.231689453125 0.005859375 0.00732421875
2 0.98828125 0.229248046875 0.0026041666666666665 0.00244140625
2 0.8798828125 0.234130859375 0.007161458333333333 0.01416015625
2 0.9928385416666666 0.22900390625 0.0013020833333333333 0.0048828125
2 0.9661458333333334 0.227294921875 0.0026041666666666665 0.00341796875
2 0.919921875 0.234130859375 0.018229166666666668 0.01806640625
2 0.9192708333333334 0.226806640625 0.0026041666666666665 0.00732421875
2 0.9944661458333334 0.221923828125 0.0006510416666666666 0.00048828125
2 0.9899088541666666 0.2236328125 0.001953125 0.0048828125
2 0.9088541666666666 0.220703125 0.0013020833333333333 0.0029296875
2 0.9964192708333334 0.218505859375 0.0006510416666666666 0.00048828125
2 0.9983723958333334 0.216796875 0.001953125 0.0009765625
2 0.9192708333333334 0.216796875 0.0013020833333333333 0.0009765625
2 0.9140625 0.216796875 0.0013020833333333333 0.0009765625
2 0.98828125 0.216796875 0.0013020833333333333 0.00390625
2 0.9964192708333334 0.214599609375 0.001953125 0.00146484375
2 0.9065755208333334 0.21435546875 0.0006510416666666666 0.0009765625
2 0.9996744791666666 0.212890625 0.0006510416666666666 0.0009765625
2 0.9921875 0.216064453125 0.0013020833333333333 0.00830078125
2 0.9348958333333334 0.212890625 0.0026041666666666665 0.001953125
2 0.9488932291666666 0.212158203125 0.001953125 0.00146484375
2 0.9462890625 0.211669921875 0.0006510416666666666 0.00048828125
2 0.931640625 0.21142578125 0.0013020833333333333 0.0009765625
2 0.9088541666666666 0.211669921875 0.0013020833333333333 0.00146484375
2 0.9401041666666666 0.21142578125 0.0026041666666666665 0.001953125
2 0.9055989583333334 0.2099609375 0.0013020833333333333 0.0009765625
2 0.9928385416666666 0.210693359375 0.006510416666666667 0.00341796875
2 0.9527994791666666 0.210205078125 0.001953125 0.00244140625
2 0.9977213541666666 0.207275390625 0.004557291666666667 0.00244140625
2 0.9873046875 0.204345703125 0.0006510416666666666 0.00146484375
2 0.9508463541666666 0.205078125 0.0032552083333333335 0.0048828125
2 0.9860026041666666 0.202392578125 0.0006510416666666666 0.00048828125
2 0.9983723958333334 0.2021484375 0.0006510416666666666 0.0009765625
2 0.9967447916666666 0.202880859375 0.0013020833333333333 0.00244140625
2 0.9020182291666666 0.201171875 0.001953125 0.0009765625
2 0.9993489583333334 0.200439453125 0.0013020833333333333 0.00146484375
2 0.9765625 0.1982421875 0.0013020833333333333 0.001953125
2 0.9453125 0.19775390625 0.0013020833333333333 0.0009765625
2 0.9296875 0.197265625 0.0013020833333333333 0.0009765625
2 0.9036458333333334 0.197265625 0.0013020833333333333 0.0029296875
2 0.9111328125 0.197265625 0.004557291666666667 0.00390625
2 0.908203125 0.1943359375 0.00390625 0.001953125
2 0.9098307291666666 0.191162109375 0.0006510416666666666 0.00048828125
2 0.9140625 0.191162109375 0.0013020833333333333 0.00146484375
2 0.9114583333333334 0.189453125 0.0013020833333333333 0.001953125
2 0.9098307291666666 0.187744140625 0.0006510416666666666 0.00048828125
2 0.9130859375 0.1875 0.0032552083333333335 0.001953125
2 0.9065755208333334 0.1884765625 0.0032552083333333335 0.0048828125
2 0.9117838541666666 0.18505859375 0.0006510416666666666 0.0009765625
2 0.9020182291666666 0.18408203125 0.0006510416666666666 0.0009765625
2 0.9371744791666666 0.18115234375 0.0006510416666666666 0.0009765625
2 0.9983723958333334 0.1826171875 0.0032552083333333335 0.0068359375
2 0.8893229166666666 0.177490234375 0.0026041666666666665 0.00439453125
2 0.9013671875 0.17138671875 0.0006510416666666666 0.0009765625
2 0.9921875 0.142578125 0.0013020833333333333 0.0029296875
2 0.9964192708333334 0.14599609375 0.007161458333333333 0.017578125
2 0.9990234375 0.128173828125 0.001953125 0.00146484375
2 0.5 0.5 1.0 1.0