2 0.3506666666666667 0.9773333333333334 0.104 0.034666666666666665
2 0.27466666666666667 0.9666666666666667 0.02666666666666667 0.018666666666666668
2 0.6893333333333334 0.8146666666666667 0.2 0.30133333333333334
2 0.7373333333333333 0.628 0.0026666666666666666 0.0026666666666666666
2 0.7226666666666667 0.6253333333333333 0.010666666666666666 0.008
2 0.632 0.5146666666666667 0.037333333333333336 0.037333333333333336
2 0.7066666666666667 0.5506666666666666 0.18133333333333335 0.136
2 0.7906666666666666 0.47733333333333333 0.0026666666666666666 0.005333333333333333
2 0.716 0.4693333333333333 0.13066666666666665 0.13333333333333333
2 0.6013333333333334 0.43866666666666665 0.06666666666666667 0.072
2 0.3973333333333333 0.08666666666666667 0.005333333333333333 0.024
2 0.29733333333333334 0.03866666666666667 0.0026666666666666666 0.0026666666666666666
2 0.3333333333333333 0.484 0.2613333333333333 0.9466666666666667