2 0.7354545454545455 0.8254545454545454 0.0018181818181818182 0.0036363636363636364
2 0.8745454545454545 0.7636363636363637 0.01818181818181818 0.01818181818181818
2 0.32545454545454544 0.7490909090909091 0.0036363636363636364 0.01090909090909091
2 0.8636363636363636 0.74 0.05454545454545454 0.03636363636363636
2 0.8918181818181818 0.7263636363636363 0.02727272727272727 0.02
2 0.8654545454545455 0.7109090909090909 0.014545454545454545 0.01090909090909091
2 0.8536363636363636 0.7045454545454546 0.0018181818181818182 0.0018181818181818182
2 0.6036363636363636 0.6536363636363637 0.007272727272727273 0.005454545454545455
2 0.769090909090909 0.6481818181818182 0.007272727272727273 0.00909090909090909
2 0.7263636363636363 0.6454545454545455 0.005454545454545455 0.0036363636363636364
2 0.6681818181818182 0.6436363636363637 0.012727272727272728 0.007272727272727273
2 0.6636363636363637 0.6263636363636363 0.0036363636363636364 0.005454545454545455
2 0.6709090909090909 0.6236363636363637 0.0036363636363636364 0.0036363636363636364
2 0.6890909090909091 0.6227272727272727 0.01818181818181818 0.00909090909090909
2 0.72 0.62 0.02181818181818182 0.03272727272727273
2 0.6318181818181818 0.6054545454545455 0.00909090909090909 0.007272727272727273
2 0.6563636363636364 0.6036363636363636 0.01818181818181818 0.007272727272727273
2 0.6981818181818182 0.5954545454545455 0.05818181818181818 0.016363636363636365
2 0.6381818181818182 0.5909090909090909 0.02909090909090909 0.01090909090909091
2 0.6890909090909091 0.5827272727272728 0.06545454545454546 0.016363636363636365
2 0.6981818181818182 0.55 0.01818181818181818 0.023636363636363636
2 0.7036363636363636 0.5236363636363637 0.025454545454545455 0.01090909090909091
2 0.6945454545454546 0.4954545454545455 0.01818181818181818 0.016363636363636365
2 0.6472727272727272 0.5181818181818182 0.12727272727272726 0.12727272727272726
2 0.4690909090909091 0.4 0.0036363636363636364 0.0036363636363636364
2 0.01 0.23363636363636364 0.02 0.045454545454545456
2 0.5 0.5 1.0 1.0