2 0.06848958333333334 0.9971354166666667 0.0046875 0.0015625
2 0.08880208333333334 0.9919270833333333 0.0015625 0.0015625
2 0.9690104166666667 0.9903645833333333 0.0015625 0.0005208333333333333
2 0.09140625 0.9880208333333333 0.0015625 0.0010416666666666667
2 0.10078125 0.98515625 0.0005208333333333333 0.0005208333333333333
2 0.9890625 0.9901041666666667 0.021875 0.019791666666666666
2 0.1375 0.9794270833333333 0.0010416666666666667 0.0005208333333333333
2 0.12760416666666666 0.9799479166666667 0.0010416666666666667 0.0015625
2 0.18463541666666666 0.9598958333333333 0.0015625 0.0010416666666666667
2 0.19375 0.9494791666666667 0.003125 0.0010416666666666667
2 0.21380208333333334 0.94609375 0.0234375 0.0109375
2 0.14895833333333333 0.9408854166666667 0.0010416666666666667 0.0005208333333333333
2 0.22786458333333334 0.94296875 0.0036458333333333334 0.005729166666666666
2 0.20625 0.9401041666666666 0.003125 0.0010416666666666667
2 0.22421875 0.9348958333333334 0.0015625 0.0010416666666666667
2 0.31328125 0.9283854166666666 0.0026041666666666665 0.0015625
2 0.3020833333333333 0.9296875 0.014583333333333334 0.004166666666666667
2 0.3072916666666667 0.9276041666666667 0.0020833333333333333 0.0010416666666666667
2 0.20078125 0.9268229166666667 0.0005208333333333333 0.0005208333333333333
2 0.33541666666666664 0.9260416666666667 0.0010416666666666667 0.0010416666666666667
2 0.19661458333333334 0.9260416666666667 0.0015625 0.0010416666666666667
2 0.34140625 0.92578125 0.0026041666666666665 0.0015625
2 0.2890625 0.9221354166666667 0.0010416666666666667 0.0005208333333333333
2 0.2635416666666667 0.9317708333333333 0.065625 0.021875
2 0.14192708333333334 0.9203125 0.0026041666666666665 0.0020833333333333333
2 0.14817708333333332 0.91953125 0.005729166666666666 0.0015625
2 0.0859375 0.9161458333333333 0.0010416666666666667 0.0010416666666666667
2 0.2578125 0.909375 0.0010416666666666667 0.0010416666666666667
2 0.25442708333333336 0.9036458333333334 0.0015625 0.0010416666666666667
2 0.26171875 0.9028645833333333 0.0067708333333333336 0.0046875
2 0.10026041666666667 0.9497395833333333 0.20052083333333334 0.10052083333333334
2 0.054947916666666666 0.89921875 0.0005208333333333333 0.0005208333333333333
2 0.27239583333333334 0.9 0.0125 0.007291666666666667
2 0.315625 0.8911458333333333 0.0020833333333333333 0.0020833333333333333
2 0.0018229166666666667 0.8854166666666666 0.0036458333333333334 0.003125
2 0.98515625 0.7919270833333333 0.0026041666666666665 0.0015625
2 0.00026041666666666666 0.7341145833333333 0.0005208333333333333 0.0005208333333333333
2 0.005989583333333334 0.6872395833333333 0.0036458333333333334 0.0078125
2 0.03359375 0.6809895833333334 0.0005208333333333333 0.0015625
2 0.0018229166666666667 0.68125 0.0036458333333333334 0.004166666666666667
2 0.005989583333333334 0.6526041666666667 0.011979166666666667 0.011458333333333333
2 0.054947916666666666 0.6455729166666667 0.0005208333333333333 0.0005208333333333333
2 0.06145833333333333 0.6447916666666667 0.0010416666666666667 0.0010416666666666667
2 0.0018229166666666667 0.58125 0.0036458333333333334 0.003125
2 0.5 0.5 1.0 1.0