2 0.5 0.6906666666666667 0.3973333333333333 0.6186666666666667
2 0.32266666666666666 0.36533333333333334 0.005333333333333333 0.010666666666666666
2 0.6746666666666666 0.36666666666666664 0.010666666666666666 0.018666666666666668
2 0.324 0.32133333333333336 0.0026666666666666666 0.008
2 0.33066666666666666 0.284 0.010666666666666666 0.050666666666666665
2 0.6653333333333333 0.272 0.024 0.13333333333333333
2 0.652 0.19066666666666668 0.0026666666666666666 0.013333333333333334
2 0.412 0.20933333333333334 0.04 0.072
2 0.5773333333333334 0.208 0.06666666666666667 0.07466666666666667
2 0.5426666666666666 0.16 0.008 0.010666666666666666
2 0.6453333333333333 0.136 0.005333333333333333 0.016
2 0.6413333333333333 0.124 0.0026666666666666666 0.0026666666666666666
2 0.5306666666666666 0.07866666666666666 0.010666666666666666 0.09866666666666667
2 0.468 0.08266666666666667 0.013333333333333334 0.10666666666666667
2 0.496 0.004 0.058666666666666666 0.008