2 0.47152777777777777 0.86875 0.5013888888888889 0.08194444444444444
2 0.19652777777777777 0.7604166666666666 0.018055555555555554 0.015277777777777777
2 0.20069444444444445 0.7423611111111111 0.001388888888888889 0.001388888888888889
2 0.19652777777777777 0.7291666666666666 0.006944444444444444 0.019444444444444445
2 0.22569444444444445 0.7298611111111111 0.034722222222222224 0.029166666666666667
2 0.25763888888888886 0.7194444444444444 0.018055555555555554 0.016666666666666666
2 0.2965277777777778 0.7041666666666667 0.004166666666666667 0.005555555555555556
2 0.23402777777777778 0.7090277777777778 0.009722222222222222 0.02638888888888889
2 0.25833333333333336 0.6909722222222222 0.008333333333333333 0.02361111111111111
2 0.3638888888888889 0.6506944444444445 0.002777777777777778 0.009722222222222222
2 0.3326388888888889 0.65625 0.02361111111111111 0.0375
2 0.30277777777777776 0.6638888888888889 0.03888888888888889 0.058333333333333334
2 0.35 0.6319444444444444 0.011111111111111112 0.005555555555555556
2 0.40902777777777777 0.6215277777777778 0.006944444444444444 0.015277777777777777
2 0.3951388888888889 0.6222222222222222 0.05694444444444444 0.05
2 0.3951388888888889 0.5993055555555555 0.0125 0.006944444444444444
2 0.4305555555555556 0.5993055555555555 0.03611111111111111 0.029166666666666667
2 0.43819444444444444 0.5840277777777778 0.004166666666666667 0.009722222222222222
2 0.46041666666666664 0.5868055555555556 0.020833333333333332 0.018055555555555554
2 0.40555555555555556 0.5784722222222223 0.002777777777777778 0.004166666666666667
2 0.46458333333333335 0.56875 0.004166666666666667 0.006944444444444444
2 0.49166666666666664 0.5652777777777778 0.013888888888888888 0.019444444444444445
2 0.5152777777777777 0.55625 0.008333333333333333 0.0125
2 0.575 0.5423611111111111 0.005555555555555556 0.004166666666666667
2 0.46041666666666664 0.5173611111111112 0.001388888888888889 0.001388888888888889
2 0.25555555555555554 0.42986111111111114 0.14722222222222223 0.07361111111111111
2 0.36875 0.38055555555555554 0.0875 0.08055555555555556
2 0.21041666666666667 0.15069444444444444 0.029166666666666667 0.04027777777777778
2 0.18055555555555555 0.1451388888888889 0.027777777777777776 0.029166666666666667
2 0.15694444444444444 0.1451388888888889 0.011111111111111112 0.029166666666666667
2 0.12777777777777777 0.1451388888888889 0.041666666666666664 0.029166666666666667
2 0.09236111111111112 0.1451388888888889 0.02361111111111111 0.029166666666666667
2 0.050694444444444445 0.13958333333333334 0.05694444444444444 0.04027777777777778
2 0.16111111111111112 0.12222222222222222 0.008333333333333333 0.008333333333333333
2 0.12430555555555556 0.06944444444444445 0.15416666666666667 0.09722222222222222