2 0.510625 0.565625 0.00125 0.00125
2 0.585625 0.56125 0.00875 0.005
2 0.5875 0.55 0.01 0.005
2 0.569375 0.546875 0.01125 0.00375
2 0.585625 0.538125 0.00125 0.00125
2 0.4975 0.5375 0.0025 0.0025
2 0.576875 0.535625 0.00375 0.00125
2 0.555 0.53375 0.0125 0.005
2 0.609375 0.530625 0.00125 0.00125
2 0.585625 0.525625 0.00125 0.00125
2 0.57375 0.525 0.005 0.0025
2 0.54 0.52 0.0125 0.005
2 0.555625 0.520625 0.01125 0.00875
2 0.576875 0.5125 0.00375 0.0025
2 0.55875 0.51125 0.005 0.0025
2 0.59125 0.505 0.0075 0.0025
2 0.58 0.5025 0.005 0.0025
2 0.57 0.500625 0.0025 0.00125
2 0.560625 0.5 0.00125 0.0025
2 0.593125 0.495625 0.00375 0.00125
2 0.545 0.496875 0.015 0.00375
2 0.576875 0.491875 0.00375 0.00125
2 0.571875 0.490625 0.00125 0.00125
2 0.545625 0.486875 0.00125 0.00125
2 0.5325 0.48375 0.0225 0.005
2 0.545625 0.475 0.00875 0.005
2 0.563125 0.46875 0.00875 0.0025
2 0.548125 0.465 0.00625 0.0025
2 0.5625 0.458125 0.0025 0.00125
2 0.45125 0.33875 0.005 0.0075
2 0.405 0.328125 0.005 0.00375
2 0.448125 0.325625 0.00375 0.00375
2 0.4375 0.330625 0.015 0.02125
2 0.395625 0.3175 0.01125 0.0025
2 0.315 0.314375 0.005 0.00375
2 0.43625 0.30875 0.0025 0.0025
2 0.316875 0.303125 0.00625 0.00375
2 0.600625 0.254375 0.03875 0.04125
2 0.406875 0.22375 0.00125 0.0025
2 0.4975 0.31125 0.145 0.1875
2 0.82 0.16125 0.36 0.3225
2 0.59375 0.111875 0.2125 0.22375
2 0.409375 0.05 0.05875 0.1
2 0.3525 0.158125 0.16 0.31625
2 0.24125 0.03875 0.065 0.0775
2 0.5 0.5 1.0 1.0