2 0.6453488372093024 0.962 0.011627906976744186 0.008
2 0.627906976744186 0.962 0.013953488372093023 0.012
2 0.786046511627907 0.93 0.009302325581395349 0.004
2 0.8011627906976744 0.934 0.011627906976744186 0.016
2 0.7197674418604652 0.924 0.0069767441860465115 0.004
2 0.7337209302325581 0.912 0.0069767441860465115 0.008
2 0.7837209302325582 0.909 0.004651162790697674 0.006
2 0.7174418604651163 0.903 0.0069767441860465115 0.006
2 0.7302325581395349 0.898 0.013953488372093023 0.008
2 0.9476744186046512 0.777 0.002325581395348837 0.002
2 0.9267441860465117 0.775 0.002325581395348837 0.002
2 0.9244186046511628 0.76 0.0069767441860465115 0.004
2 0.9197674418604651 0.751 0.002325581395348837 0.002
2 0.9255813953488372 0.748 0.004651162790697674 0.004
2 0.9104651162790698 0.747 0.0069767441860465115 0.002
2 0.9174418604651163 0.732 0.002325581395348837 0.004
2 0.9406976744186046 0.701 0.011627906976744186 0.006
2 0.9267441860465117 0.702 0.01627906976744186 0.012
2 0.9267441860465117 0.687 0.002325581395348837 0.002
2 0.9279069767441861 0.678 0.004651162790697674 0.004
2 0.9674418604651163 0.645 0.009302325581395349 0.01
2 0.9616279069767442 0.588 0.0069767441860465115 0.004
2 0.7709302325581395 0.534 0.011627906976744186 0.008
2 0.7906976744186046 0.521 0.009302325581395349 0.006
2 0.5802325581395349 0.512 0.8116279069767441 0.976