2 0.534375 0.63125 0.00625 0.0025
2 0.269375 0.515625 0.43125 0.34625
2 0.701875 0.466875 0.44625 0.41875
2 0.25 0.129375 0.0275 0.01625
2 0.281875 0.128125 0.03625 0.01875
2 0.325 0.126875 0.05 0.02125
2 0.185 0.126875 0.0325 0.02125
2 0.218125 0.12625 0.02125 0.0225
2 0.12375 0.12625 0.02 0.0225
2 0.2325 0.125 0.01 0.0225
2 0.150625 0.125625 0.03625 0.02375
2 0.263125 0.093125 0.02875 0.01625
2 0.215 0.09625 0.0175 0.0225
2 0.2 0.093125 0.015 0.01625
2 0.2425 0.09 0.0175 0.0225
2 0.176875 0.09 0.03125 0.0225
2 0.175 0.06 0.075 0.05
2 0.071875 0.079375 0.07125 0.11125