2 0.00546875 0.4171875 0.0015625 0.0015625
2 0.04765625 0.366796875 0.0015625 0.00234375
2 0.057421875 0.355859375 0.00078125 0.00078125
2 0.02109375 0.3453125 0.0015625 0.0015625
2 0.082421875 0.330859375 0.00234375 0.00234375
2 0.04140625 0.32265625 0.0015625 0.0015625
2 0.102734375 0.3078125 0.00234375 0.0015625
2 0.110546875 0.285546875 0.00078125 0.00078125
2 0.108203125 0.270703125 0.00078125 0.00078125
2 0.126953125 0.265625 0.00234375 0.0015625
2 0.128515625 0.258203125 0.00078125 0.00078125
2 0.13671875 0.2515625 0.0015625 0.003125
2 0.131640625 0.248828125 0.00390625 0.00234375
2 0.123046875 0.247265625 0.00546875 0.00078125
2 0.1375 0.244140625 0.0015625 0.00078125
2 0.133984375 0.241796875 0.00234375 0.00078125
2 0.13828125 0.241015625 0.003125 0.00234375
2 0.14296875 0.2375 0.0046875 0.003125
2 0.143359375 0.23125 0.00234375 0.0015625
2 0.5 0.5 1.0 1.0