2 0.6390625 0.8614583333333333 0.009375 0.010416666666666666
2 0.6 0.8541666666666666 0.0125 0.004166666666666667
2 0.5015625 0.85625 0.115625 0.020833333333333332
2 0.50625 0.8708333333333333 0.44375 0.058333333333333334
2 0.5625 0.6041666666666666 0.025 0.020833333333333332
2 0.528125 0.6052083333333333 0.03125 0.022916666666666665
2 0.4640625 0.60625 0.090625 0.025
2 0.5125 0.5635416666666667 0.0375 0.022916666666666665
2 0.5625 0.5625 0.05625 0.025
2 0.45 0.5625 0.08125 0.025
2 0.403125 0.403125 0.00625 0.0020833333333333333
2 0.3328125 0.4010416666666667 0.121875 0.010416666666666666
2 0.5796875 0.5416666666666666 0.334375 0.4875