2 0.7135135135135136 0.7432432432432432 0.010810810810810811 0.021621621621621623
2 0.7567567567567568 0.6891891891891891 0.016216216216216217 0.005405405405405406
2 0.8418918918918918 0.5864864864864865 0.01891891891891892 0.005405405405405406
2 0.7648648648648648 0.5513513513513514 0.010810810810810811 0.005405405405405406
2 0.845945945945946 0.5256756756756756 0.016216216216216217 0.008108108108108109
2 0.8635135135135135 0.4391891891891892 0.008108108108108109 0.008108108108108109
2 0.5472972972972973 0.2797297297297297 0.03513513513513514 0.04594594594594595
2 0.7405405405405405 0.09594594594594595 0.04864864864864865 0.02972972972972973
2 0.37432432432432433 0.11351351351351352 0.1 0.07567567567567568
2 0.28378378378378377 0.02702702702702703 0.005405405405405406 0.005405405405405406
2 0.922972972972973 0.22567567567567567 0.15405405405405406 0.45135135135135135
2 0.2743243243243243 0.006756756756756757 0.03513513513513514 0.013513513513513514
2 0.5 0.46621621621621623 1.0 0.9324324324324325