2 0.95 0.9416666666666667 0.041666666666666664 0.04722222222222222
2 0.9048611111111111 0.9416666666666667 0.0375 0.04722222222222222
2 0.8618055555555556 0.9416666666666667 0.0375 0.04722222222222222
2 0.8166666666666667 0.9416666666666667 0.041666666666666664 0.04722222222222222
2 0.7673611111111112 0.9416666666666667 0.043055555555555555 0.04722222222222222
2 0.69375 0.9416666666666667 0.05138888888888889 0.04722222222222222
2 0.6423611111111112 0.9416666666666667 0.04583333333333333 0.04722222222222222
2 0.6944444444444444 0.9194444444444444 0.002777777777777778 0.005555555555555556
2 0.6583333333333333 0.9201388888888888 0.011111111111111112 0.020833333333333332
2 0.5 0.9208333333333333 1.0 0.15833333333333333
2 0.8319444444444445 0.8576388888888888 0.33611111111111114 0.07916666666666666
2 0.8166666666666667 0.8048611111111111 0.07777777777777778 0.009722222222222222
2 0.7895833333333333 0.7840277777777778 0.02638888888888889 0.02361111111111111
2 0.3645833333333333 0.7909722222222222 0.0875 0.0375
2 0.7291666666666666 0.7743055555555556 0.016666666666666666 0.015277777777777777
2 0.3388888888888889 0.7548611111111111 0.03611111111111111 0.006944444444444444
2 0.7472222222222222 0.7541666666666667 0.025 0.008333333333333333
2 0.39166666666666666 0.7527777777777778 0.013888888888888888 0.005555555555555556
2 0.37083333333333335 0.7527777777777778 0.022222222222222223 0.005555555555555556
2 0.7131944444444445 0.7534722222222222 0.04027777777777778 0.009722222222222222
2 0.2923611111111111 0.7527777777777778 0.05416666666666667 0.008333333333333333
2 0.8472222222222222 0.7430555555555556 0.013888888888888888 0.005555555555555556
2 0.7993055555555556 0.74375 0.029166666666666667 0.006944444444444444
2 0.7805555555555556 0.7430555555555556 0.005555555555555556 0.005555555555555556
2 0.7590277777777777 0.7430555555555556 0.009722222222222222 0.005555555555555556
2 0.32430555555555557 0.7430555555555556 0.0125 0.005555555555555556
2 0.8263888888888888 0.7423611111111111 0.022222222222222223 0.006944444444444444
2 0.7701388888888889 0.7423611111111111 0.009722222222222222 0.006944444444444444
2 0.38680555555555557 0.7423611111111111 0.015277777777777777 0.006944444444444444
2 0.3541666666666667 0.7423611111111111 0.044444444444444446 0.006944444444444444
2 0.3055555555555556 0.7430555555555556 0.019444444444444445 0.008333333333333333
2 0.7375 0.7416666666666667 0.030555555555555555 0.008333333333333333
2 0.2875 0.7416666666666667 0.013888888888888888 0.008333333333333333
2 0.84375 0.7319444444444444 0.015277777777777777 0.005555555555555556
2 0.8097222222222222 0.7326388888888888 0.044444444444444446 0.006944444444444444
2 0.7798611111111111 0.7319444444444444 0.0125 0.005555555555555556
2 0.7625 0.7333333333333333 0.019444444444444445 0.008333333333333333
2 0.74375 0.73125 0.015277777777777777 0.006944444444444444
2 0.08263888888888889 0.7291666666666666 0.0125 0.002777777777777778
2 0.33125 0.7013888888888888 0.1125 0.058333333333333334
2 0.30694444444444446 0.6701388888888888 0.002777777777777778 0.001388888888888889
2 0.28541666666666665 0.6666666666666666 0.001388888888888889 0.002777777777777778
2 0.7881944444444444 0.6909722222222222 0.1125 0.05694444444444444
2 0.6868055555555556 0.6916666666666667 0.059722222222222225 0.058333333333333334
2 0.7520833333333333 0.6590277777777778 0.001388888888888889 0.001388888888888889
2 0.7465277777777778 0.6597222222222222 0.004166666666666667 0.002777777777777778
2 0.28541666666666665 0.6277777777777778 0.034722222222222224 0.08333333333333333
2 0.32222222222222224 0.49375 0.05 0.10694444444444444
2 0.6527777777777778 0.6069444444444444 0.20277777777777778 0.4111111111111111
2 0.7243055555555555 0.3819444444444444 0.30416666666666664 0.03611111111111111
2 0.5743055555555555 0.35555555555555557 0.004166666666666667 0.002777777777777778
2 0.7222222222222222 0.35694444444444445 0.3 0.011111111111111112
2 0.7625 0.34375 0.008333333333333333 0.009722222222222222
2 0.7479166666666667 0.34375 0.018055555555555554 0.009722222222222222
2 0.7201388888888889 0.34375 0.034722222222222224 0.009722222222222222
2 0.6256944444444444 0.34305555555555556 0.15138888888888888 0.013888888888888888
2 0.8284722222222223 0.36736111111111114 0.12083333333333333 0.12916666666666668
2 0.7965277777777777 0.2902777777777778 0.015277777777777777 0.013888888888888888
2 0.7597222222222222 0.29097222222222224 0.019444444444444445 0.018055555555555554
2 0.68125 0.2923611111111111 0.0375 0.02361111111111111
2 0.5 0.40625 1.0 0.8125