2 0.13666666666666666 0.7975 0.0016666666666666668 0.0016666666666666668
2 0.13875 0.79625 0.0008333333333333334 0.0008333333333333334
2 0.14708333333333334 0.7904166666666667 0.0008333333333333334 0.0008333333333333334
2 0.14916666666666667 0.78875 0.0016666666666666668 0.0008333333333333334
2 0.14958333333333335 0.7566666666666667 0.0008333333333333334 0.005
2 0.08416666666666667 0.7516666666666667 0.09333333333333334 0.11
2 0.29041666666666666 0.6866666666666666 0.0025 0.0016666666666666668
2 0.3120833333333333 0.64375 0.0025 0.005833333333333334
2 0.48375 0.5595833333333333 0.0008333333333333334 0.0008333333333333334
2 0.44375 0.5454166666666667 0.005833333333333334 0.0025
2 0.30916666666666665 0.6054166666666667 0.35333333333333333 0.22083333333333333
2 0.49041666666666667 0.4925 0.0075 0.005
2 0.49875 0.4875 0.0025 0.0016666666666666668
2 0.9645833333333333 0.19875 0.005833333333333334 0.004166666666666667
2 0.565 0.48791666666666667 0.87 0.5908333333333333
2 0.5241666666666667 0.39875 0.9516666666666667 0.5525