2 0.49850746268656715 0.9428571428571428 0.2626865671641791 0.08
2 0.1626865671641791 0.9442857142857143 0.25970149253731345 0.08285714285714285
2 0.29701492537313434 0.8842857142857142 0.008955223880597015 0.03142857142857143
2 0.8194029850746268 0.9157142857142857 0.2716417910447761 0.13428571428571429
2 0.7298507462686568 0.7871428571428571 0.008955223880597015 0.008571428571428572
2 0.39552238805970147 0.7814285714285715 0.026865671641791045 0.03142857142857143
2 0.1701492537313433 0.77 0.029850746268656716 0.025714285714285714
2 0.3850746268656716 0.7542857142857143 0.011940298507462687 0.017142857142857144
2 0.7 0.7685714285714286 0.020895522388059702 0.05142857142857143
2 0.6149253731343284 0.7728571428571429 0.03582089552238806 0.07714285714285714
2 0.5358208955223881 0.73 0.0029850746268656717 0.002857142857142857
2 0.36268656716417913 0.7542857142857143 0.014925373134328358 0.05714285714285714
2 0.7940298507462686 0.7514285714285714 0.08955223880597014 0.05714285714285714
2 0.9298507462686567 0.7642857142857142 0.08656716417910448 0.08857142857142856
2 0.07313432835820896 0.7557142857142857 0.09253731343283582 0.07142857142857142
2 0.735820895522388 0.7442857142857143 0.03880597014925373 0.054285714285714284
2 0.8970149253731343 0.7228571428571429 0.03880597014925373 0.017142857142857144
2 0.4164179104477612 0.7242857142857143 0.020895522388059702 0.02
2 0.9 0.7128571428571429 0.0029850746268656717 0.002857142857142857
2 0.8432835820895522 0.7157142857142857 0.04477611940298507 0.008571428571428572
2 0.9388059701492537 0.7142857142857143 0.008955223880597015 0.011428571428571429
2 0.208955223880597 0.7114285714285714 0.01791044776119403 0.017142857142857144
2 0.8865671641791045 0.7042857142857143 0.011940298507462687 0.014285714285714285
2 0.8 0.7028571428571428 0.011940298507462687 0.011428571428571429
2 0.4925373134328358 0.73 0.10149253731343283 0.06571428571428571
2 0.8537313432835821 0.7 0.041791044776119404 0.022857142857142857
2 0.7671641791044777 0.6885714285714286 0.011940298507462687 0.011428571428571429
2 0.5761194029850746 0.7057142857142857 0.03582089552238806 0.045714285714285714
2 0.050746268656716415 0.6857142857142857 0.005970149253731343 0.005714285714285714
2 0.8044776119402985 0.6785714285714286 0.008955223880597015 0.014285714285714285
2 0.7223880597014926 0.7 0.029850746268656716 0.05714285714285714
2 0.8925373134328358 0.6657142857142857 0.01791044776119403 0.02857142857142857
2 0.041791044776119404 0.6585714285714286 0.005970149253731343 0.014285714285714285
2 0.9492537313432836 0.6728571428571428 0.023880597014925373 0.054285714285714284
2 0.5985074626865672 0.6585714285714286 0.026865671641791045 0.04285714285714286
2 0.6044776119402985 0.6057142857142858 0.014925373134328358 0.022857142857142857
2 0.5791044776119403 0.6 0.005970149253731343 0.011428571428571429
2 0.7477611940298508 0.6142857142857143 0.09253731343283582 0.10857142857142857
2 0.8686567164179104 0.56 0.011940298507462687 0.011428571428571429
2 0.8059701492537313 0.5828571428571429 0.07761194029850746 0.05714285714285714
2 0.6074626865671642 0.5628571428571428 0.008955223880597015 0.017142857142857144
2 0.5671641791044776 0.5585714285714286 0.011940298507462687 0.014285714285714285
2 0.5925373134328358 0.54 0.014925373134328358 0.022857142857142857
2 0.608955223880597 0.5171428571428571 0.011940298507462687 0.017142857142857144
2 0.7432835820895523 0.53 0.07164179104477612 0.07142857142857142
2 0.5552238805970149 0.5071428571428571 0.023880597014925373 0.025714285714285714
2 0.4164179104477612 0.4928571428571429 0.008955223880597015 0.008571428571428572
2 0.917910447761194 0.5671428571428572 0.07462686567164178 0.18
2 0.41044776119402987 0.48142857142857143 0.008955223880597015 0.008571428571428572
2 0.19850746268656716 0.5028571428571429 0.026865671641791045 0.05142857142857143
2 0.7059701492537314 0.47714285714285715 0.008955223880597015 0.011428571428571429
2 0.7223880597014926 0.47285714285714286 0.005970149253731343 0.008571428571428572
2 0.4014925373134328 0.47 0.008955223880597015 0.008571428571428572
2 0.3940298507462687 0.4614285714285714 0.011940298507462687 0.008571428571428572
2 0.18955223880597014 0.6257142857142857 0.21194029850746268 0.34285714285714286
2 0.5940298507462687 0.4742857142857143 0.05373134328358209 0.045714285714285714
2 0.3805970149253731 0.4514285714285714 0.008955223880597015 0.005714285714285714
2 0.9492537313432836 0.4585714285714286 0.01791044776119403 0.03142857142857143
2 0.14925373134328357 0.44571428571428573 0.011940298507462687 0.011428571428571429
2 0.4701492537313433 0.5785714285714286 0.21791044776119403 0.28285714285714286
2 0.8328358208955224 0.47 0.13134328358208955 0.07714285714285714
2 0.09104477611940298 0.5071428571428571 0.11044776119402985 0.15142857142857144
2 0.764179104477612 0.30142857142857143 0.05373134328358209 0.02
2 0.48955223880597015 0.2957142857142857 0.17313432835820897 0.02
2 0.48955223880597015 0.27714285714285714 0.208955223880597 0.017142857142857144
2 0.8283582089552238 0.28285714285714286 0.22388059701492538 0.045714285714285714
2 0.24029850746268658 0.07428571428571429 0.014925373134328358 0.02857142857142857
2 0.1880597014925373 0.024285714285714285 0.01791044776119403 0.008571428571428572
2 0.4925373134328358 0.1357142857142857 0.23283582089552238 0.24857142857142858
2 0.1537313432835821 0.16285714285714287 0.2537313432835821 0.3028571428571429
2 0.8283582089552238 0.13285714285714287 0.23582089552238805 0.2542857142857143