2 0.7632575757575758 0.6881313131313131 0.003787878787878788 0.007575757575757576
2 0.7537878787878788 0.6679292929292929 0.01893939393939394 0.022727272727272728
2 0.7585227272727273 0.6477272727272727 0.001893939393939394 0.0025252525252525255
2 0.6496212121212122 0.6313131313131313 0.007575757575757576 0.010101010101010102
2 0.6638257575757576 0.6199494949494949 0.001893939393939394 0.0025252525252525255
2 0.6401515151515151 0.6224747474747475 0.007575757575757576 0.012626262626262626
2 0.13920454545454544 0.04419191919191919 0.005681818181818182 0.007575757575757576
2 0.11647727272727272 0.04292929292929293 0.005681818181818182 0.010101010101010102
2 0.08996212121212122 0.04040404040404041 0.005681818181818182 0.005050505050505051
2 0.10321969696969698 0.041666666666666664 0.005681818181818182 0.012626262626262626
2 0.05776515151515151 0.036616161616161616 0.001893939393939394 0.0025252525252525255
2 0.023674242424242424 0.041666666666666664 0.005681818181818182 0.012626262626262626
2 0.4990530303030303 0.5 0.5625 1.0