2 0.02090909090909091 0.21727272727272728 0.0018181818181818182 0.0018181818181818182
2 0.026363636363636363 0.2109090909090909 0.012727272727272728 0.01818181818181818
2 0.15272727272727274 0.19454545454545455 0.007272727272727273 0.007272727272727273
2 0.37363636363636366 0.16818181818181818 0.02 0.00909090909090909
2 0.38272727272727275 0.1590909090909091 0.0018181818181818182 0.0018181818181818182
2 0.33 0.16 0.00909090909090909 0.0036363636363636364
2 0.34454545454545454 0.1572727272727273 0.00909090909090909 0.005454545454545455
2 0.39545454545454545 0.15545454545454546 0.00909090909090909 0.005454545454545455
2 0.43454545454545457 0.15272727272727274 0.014545454545454545 0.007272727272727273
2 0.5054545454545455 0.5336363636363637 0.9709090909090909 0.8054545454545454
2 0.43 0.13727272727272727 0.1509090909090909 0.04181818181818182