2 0.8727272727272727 0.7242990654205608 0.14909090909090908 0.037383177570093455
2 0.9 0.6214953271028038 0.03272727272727273 0.0514018691588785
2 0.8472727272727273 0.6063084112149533 0.01090909090909091 0.030373831775700934
2 0.8463636363636363 0.5245327102803738 0.02727272727272727 0.0397196261682243
2 0.9145454545454546 0.5011682242990654 0.0036363636363636364 0.007009345794392523
2 0.8927272727272727 0.5128504672897196 0.02909090909090909 0.030373831775700934
2 0.87 0.49883177570093457 0.005454545454545455 0.007009345794392523
2 0.9345454545454546 0.4848130841121495 0.025454545454545455 0.016355140186915886
2 0.8945454545454545 0.477803738317757 0.007272727272727273 0.007009345794392523
2 0.3290909090909091 0.4742990654205608 0.007272727272727273 0.009345794392523364
2 0.8963636363636364 0.4672897196261682 0.007272727272727273 0.009345794392523364
2 0.3109090909090909 0.441588785046729 0.0036363636363636364 0.004672897196261682
2 0.5045454545454545 0.5619158878504673 0.990909090909091 0.3294392523364486