2 0.346 0.5163755458515283 0.004 0.006550218340611353
2 0.453 0.5764192139737991 0.078 0.14410480349344978
2 0.325 0.4192139737991266 0.002 0.004366812227074236
2 0.302 0.42139737991266374 0.004 0.008733624454148471
2 0.322 0.38318777292576417 0.012 0.015283842794759825
2 0.279 0.37554585152838427 0.002 0.004366812227074236
2 0.346 0.38100436681222705 0.012 0.024017467248908297
2 0.698 0.36899563318777295 0.008 0.008733624454148471
2 0.646 0.29912663755458513 0.004 0.004366812227074236
2 0.53 0.4497816593886463 0.352 0.3231441048034934
2 0.63 0.28602620087336245 0.024 0.017467248908296942
2 0.645 0.2762008733624454 0.006 0.006550218340611353
2 0.5 0.5 1.0 1.0