2 0.916015625 0.78125 0.00390625 0.005208333333333333
2 0.1826171875 0.6640625 0.001953125 0.005208333333333333
2 0.177734375 0.6432291666666666 0.00390625 0.005208333333333333
2 0.8427734375 0.4192708333333333 0.005859375 0.010416666666666666
2 0.853515625 0.3828125 0.00390625 0.005208333333333333
2 0.841796875 0.3763020833333333 0.01171875 0.018229166666666668
2 0.888671875 0.32421875 0.01953125 0.07552083333333333
2 0.771484375 0.2786458333333333 0.0078125 0.026041666666666668
2 0.8515625 0.2903645833333333 0.01953125 0.07552083333333333
2 0.8076171875 0.23177083333333334 0.009765625 0.010416666666666666
2 0.80859375 0.19921875 0.0078125 0.0078125
2 0.85546875 0.1953125 0.0078125 0.010416666666666666
2 0.8291015625 0.20572916666666666 0.029296875 0.08333333333333333
2 0.8134765625 0.14322916666666666 0.013671875 0.010416666666666666
2 0.771484375 0.12890625 0.0078125 0.018229166666666668
2 0.7373046875 0.10807291666666667 0.001953125 0.0078125
2 0.69921875 0.09375 0.00390625 0.005208333333333333
2 0.673828125 0.059895833333333336 0.00390625 0.005208333333333333
2 0.6865234375 0.046875 0.013671875 0.010416666666666666
2 0.7783203125 0.07942708333333333 0.158203125 0.15885416666666666
2 0.6962890625 0.5 0.607421875 1.0