2 0.7295 0.7285 0.001 0.001
2 0.806 0.65 0.022 0.014
2 0.174 0.739 0.326 0.212
2 0.495 0.6985 0.324 0.203
2 0.889 0.599 0.04 0.016
2 0.8295 0.7205 0.303 0.275
2 0.1995 0.515 0.353 0.194
2 0.768 0.493 0.242 0.212
2 0.5755 0.4425 0.353 0.337
2 0.272 0.1065 0.042 0.031
2 0.226 0.1065 0.044 0.031
2 0.1805 0.106 0.041 0.03
2 0.1345 0.106 0.043 0.032
2 0.092 0.1045 0.046 0.039
2 0.091 0.0635 0.05 0.031
2 0.2035 0.0625 0.045 0.047
2 0.3185 0.07 0.047 0.064
2 0.278 0.0535 0.016 0.063
2 0.248 0.0535 0.036 0.063
2 0.1515 0.0535 0.051 0.063
2 0.0705 0.0705 0.087 0.107