2 0.315 0.91625 0.24 0.0175
2 0.3175 0.8975 0.2 0.015
2 0.31375 0.86125 0.1025 0.0225
2 0.755 0.835 0.01 0.005
2 0.77625 0.79125 0.0125 0.0025
2 0.395 0.76625 0.06 0.0575
2 0.75375 0.67625 0.0125 0.0125
2 0.77125 0.6475 0.0125 0.02
2 0.75125 0.62375 0.0175 0.0175
2 0.74375 0.6025 0.0125 0.005
2 0.7 0.565 0.005 0.005
2 0.77625 0.56625 0.0075 0.0175
2 0.76375 0.565 0.0075 0.015
2 0.74375 0.565 0.0075 0.015
2 0.72125 0.56125 0.0075 0.0125
2 0.6825 0.55875 0.01 0.0275
2 0.755 0.48625 0.055 0.0325
2 0.71625 0.48 0.0175 0.02
2 0.68875 0.47875 0.0275 0.0225
2 0.3 0.64625 0.19 0.4125
2 0.6775 0.44375 0.01 0.0125
2 0.655 0.43625 0.01 0.0175
2 0.29625 0.4325 0.0675 0.04
2 0.74125 0.4 0.0225 0.01
2 0.47 0.505 0.07 0.23
2 0.16125 0.50375 0.0725 0.2275
2 0.2775 0.39625 0.085 0.0575
2 0.38125 0.4 0.0725 0.1
2 0.39375 0.2575 0.0125 0.005
2 0.39375 0.24875 0.0075 0.0075
2 0.3175 0.29 0.155 0.155
2 0.31625 0.20875 0.2425 0.0975
2 0.74625 0.4575 0.4275 0.765
2 0.32 0.0775 0.195 0.02