2 0.234375 0.672 0.00125 0.002
2 0.38 0.674 0.015 0.01
2 0.385 0.67 0.0025 0.006
2 0.379375 0.6665 0.00125 0.001
2 0.2375 0.66 0.005 0.008
2 0.24625 0.6535 0.0025 0.003
2 0.24125 0.646 0.0025 0.002
2 0.43875 0.6485 0.015 0.023
2 0.439375 0.602 0.00375 0.004
2 0.2275 0.6165 0.0075 0.033
2 0.403125 0.6005 0.00375 0.003
2 0.32875 0.625 0.0725 0.064
2 0.44125 0.562 0.02 0.026
2 0.240625 0.5685 0.04625 0.065
2 0.4625 0.523 0.0075 0.008
2 0.466875 0.516 0.00875 0.012
2 0.42625 0.508 0.0075 0.006
2 0.344375 0.524 0.11625 0.038
2 0.446875 0.4725 0.01125 0.005
2 0.474375 0.457 0.01125 0.006
2 0.375 0.447 0.0025 0.002
2 0.326875 0.4465 0.01625 0.007
2 0.3475 0.4345 0.0025 0.001
2 0.326875 0.4375 0.02125 0.009
2 0.345 0.423 0.0125 0.002
2 0.4525 0.427 0.05 0.052
2 0.235625 0.4305 0.05875 0.059
2 0.426875 0.386 0.00375 0.002
2 0.416875 0.3845 0.00375 0.003
2 0.2775 0.381 0.0025 0.004
2 0.406875 0.3785 0.01125 0.007
2 0.28125 0.3745 0.005 0.003
2 0.303125 0.3735 0.00625 0.003
2 0.378125 0.361 0.03125 0.018
2 0.309375 0.3605 0.03125 0.019
2 0.363125 0.341 0.00125 0.002
2 0.36625 0.337 0.0025 0.004
2 0.32375 0.339 0.0075 0.01
2 0.363125 0.3265 0.00875 0.009
2 0.324375 0.3245 0.00625 0.005
2 0.32375 0.3115 0.005 0.011
2 0.365 0.3105 0.005 0.015