2 0.7013333333333334 0.632 0.048 0.02666666666666667
2 0.276 0.616 0.056 0.02666666666666667
2 0.5853333333333334 0.5626666666666666 0.034666666666666665 0.021333333333333333
2 0.4093333333333333 0.5533333333333333 0.056 0.029333333333333333
2 0.3506666666666667 0.5253333333333333 0.024 0.010666666666666666
2 0.332 0.5066666666666667 0.050666666666666665 0.010666666666666666
2 0.372 0.5 0.024 0.013333333333333334
2 0.7173333333333334 0.5226666666666666 0.192 0.064
2 0.39866666666666667 0.488 0.008 0.005333333333333333
2 0.49866666666666665 0.616 0.9866666666666667 0.288
2 0.8826666666666667 0.484 0.11733333333333333 0.072
2 0.8133333333333334 0.44 0.005333333333333333 0.005333333333333333
2 0.7933333333333333 0.432 0.008 0.010666666666666666
2 0.7813333333333333 0.424 0.005333333333333333 0.005333333333333333
2 0.152 0.4533333333333333 0.18666666666666668 0.096
2 0.49733333333333335 0.43866666666666665 0.38666666666666666 0.088
2 0.6733333333333333 0.37866666666666665 0.09866666666666667 0.064