2 0.7208333333333333 0.7625 0.005 0.0016666666666666668
2 0.3075 0.7625 0.0016666666666666668 0.0016666666666666668
2 0.6291666666666667 0.7641666666666667 0.051666666666666666 0.018333333333333333
2 0.4558333333333333 0.7641666666666667 0.055 0.018333333333333333
2 0.33 0.7575 0.03666666666666667 0.008333333333333333
2 0.7516666666666667 0.7533333333333333 0.04666666666666667 0.016666666666666666
2 0.21416666666666667 0.7483333333333333 0.028333333333333332 0.006666666666666667
2 0.87 0.7441666666666666 0.04 0.015
2 0.10916666666666666 0.7375 0.0016666666666666668 0.0016666666666666668
2 0.9583333333333334 0.7308333333333333 0.03 0.011666666666666667
2 0.615 0.5641666666666667 0.04666666666666667 0.041666666666666664
2 0.44416666666666665 0.5633333333333334 0.04833333333333333 0.04
2 0.7358333333333333 0.5608333333333333 0.045 0.03833333333333333
2 0.6291666666666667 0.5491666666666667 0.011666666666666667 0.015
2 0.45916666666666667 0.5491666666666667 0.011666666666666667 0.015
2 0.32 0.5608333333333333 0.043333333333333335 0.03833333333333333
2 0.8525 0.5591666666666667 0.045 0.03833333333333333
2 0.75 0.5466666666666666 0.01 0.013333333333333334
2 0.5791666666666667 0.5508333333333333 0.005 0.021666666666666667
2 0.5558333333333333 0.5516666666666666 0.035 0.023333333333333334
2 0.4083333333333333 0.5508333333333333 0.006666666666666667 0.021666666666666667
2 0.385 0.5516666666666666 0.03666666666666667 0.023333333333333334
2 0.33416666666666667 0.5466666666666666 0.011666666666666667 0.013333333333333334
2 0.21666666666666667 0.5458333333333333 0.01 0.011666666666666667
2 0.20083333333333334 0.5591666666666667 0.041666666666666664 0.03833333333333333
2 0.09916666666666667 0.5558333333333333 0.015 0.03166666666666667
2 0.9391666666666667 0.5558333333333333 0.041666666666666664 0.035
2 0.8658333333333333 0.545 0.011666666666666667 0.013333333333333334
2 0.7008333333333333 0.5491666666666667 0.005 0.021666666666666667
2 0.6791666666666667 0.5491666666666667 0.035 0.021666666666666667
2 0.28583333333333333 0.5491666666666667 0.005 0.021666666666666667
2 0.2625 0.5491666666666667 0.035 0.021666666666666667
2 0.10583333333333333 0.5483333333333333 0.005 0.02
2 0.9525 0.5425 0.011666666666666667 0.011666666666666667
2 0.8191666666666667 0.5466666666666666 0.005 0.02
2 0.7966666666666666 0.5475 0.03333333333333333 0.021666666666666667
2 0.17 0.5466666666666666 0.006666666666666667 0.02
2 0.14833333333333334 0.5475 0.03333333333333333 0.021666666666666667
2 0.9075 0.5441666666666667 0.005 0.018333333333333333
2 0.8991666666666667 0.5441666666666667 0.008333333333333333 0.018333333333333333
2 0.08083333333333333 0.5441666666666667 0.005 0.018333333333333333
2 0.060833333333333336 0.5441666666666667 0.03166666666666667 0.021666666666666667
2 0.5791666666666667 0.5333333333333333 0.008333333333333333 0.01
2 0.4075 0.5333333333333333 0.008333333333333333 0.01
2 0.8183333333333334 0.5308333333333334 0.006666666666666667 0.008333333333333333
2 0.7008333333333333 0.5316666666666666 0.008333333333333333 0.01
2 0.28583333333333333 0.5316666666666666 0.008333333333333333 0.01
2 0.16916666666666666 0.5308333333333334 0.008333333333333333 0.008333333333333333
2 0.9075 0.5291666666666667 0.008333333333333333 0.008333333333333333
2 0.08083333333333333 0.5291666666666667 0.008333333333333333 0.008333333333333333
2 0.735 0.5325 0.04666666666666667 0.025
2 0.6141666666666666 0.5333333333333333 0.04833333333333333 0.02666666666666667
2 0.44333333333333336 0.5333333333333333 0.05 0.02666666666666667
2 0.31916666666666665 0.5325 0.045 0.025
2 0.1 0.5266666666666666 0.016666666666666666 0.013333333333333334
2 0.9391666666666667 0.5291666666666667 0.041666666666666664 0.021666666666666667
2 0.8516666666666667 0.53 0.043333333333333335 0.023333333333333334
2 0.2 0.53 0.04 0.023333333333333334
2 0.9658333333333333 0.37416666666666665 0.0016666666666666668 0.0016666666666666668
2 0.88 0.36666666666666664 0.0033333333333333335 0.0033333333333333335
2 0.23166666666666666 0.3675 0.0033333333333333335 0.005
2 0.765 0.3625 0.0033333333333333335 0.005
2 0.3491666666666667 0.3625 0.0016666666666666668 0.005
2 0.645 0.3566666666666667 0.0033333333333333335 0.006666666666666667
2 0.4741666666666667 0.3566666666666667 0.005 0.006666666666666667
2 0.9641666666666666 0.355 0.0016666666666666668 0.013333333333333334
2 0.22916666666666666 0.3475 0.0016666666666666668 0.015
2 0.8783333333333333 0.3475 0.0033333333333333335 0.018333333333333333
2 0.7633333333333333 0.3416666666666667 0.0033333333333333335 0.016666666666666666
2 0.3466666666666667 0.3416666666666667 0.0033333333333333335 0.016666666666666666
2 0.6433333333333333 0.3375 0.0033333333333333335 0.015
2 0.4716666666666667 0.335 0.0033333333333333335 0.02
2 0.7275 0.2841666666666667 0.0016666666666666668 0.0016666666666666668
2 0.31083333333333335 0.2825 0.0016666666666666668 0.0016666666666666668
2 0.6058333333333333 0.27416666666666667 0.0016666666666666668 0.0016666666666666668
2 0.435 0.27416666666666667 0.0033333333333333335 0.005
2 0.9391666666666667 0.26166666666666666 0.005 0.0033333333333333335
2 0.21583333333333332 0.26166666666666666 0.0016666666666666668 0.0033333333333333335
2 0.1125 0.26166666666666666 0.005 0.0033333333333333335
2 0.9258333333333333 0.25583333333333336 0.0016666666666666668 0.0016666666666666668
2 0.09833333333333333 0.25583333333333336 0.0033333333333333335 0.0016666666666666668
2 0.85 0.2475 0.006666666666666667 0.005
2 0.6308333333333334 0.24583333333333332 0.0016666666666666668 0.0016666666666666668
2 0.2025 0.24833333333333332 0.008333333333333333 0.006666666666666667
2 0.7425 0.24416666666666667 0.0016666666666666668 0.0016666666666666668
2 0.3258333333333333 0.24416666666666667 0.0016666666666666668 0.0016666666666666668
2 0.8391666666666666 0.2425 0.005 0.0016666666666666668
2 0.19 0.2425 0.0033333333333333335 0.0016666666666666668
2 0.4575 0.24333333333333335 0.005 0.006666666666666667
2 0.735 0.23916666666666667 0.006666666666666667 0.005
2 0.31833333333333336 0.23833333333333334 0.01 0.006666666666666667
2 0.7225 0.23333333333333334 0.008333333333333333 0.0033333333333333335
2 0.305 0.23333333333333334 0.0033333333333333335 0.0033333333333333335
2 0.615 0.23 0.013333333333333334 0.01
2 0.445 0.23 0.013333333333333334 0.01
2 0.6 0.2225 0.006666666666666667 0.0016666666666666668
2 0.42833333333333334 0.22166666666666668 0.01 0.0033333333333333335