2 0.4257692307692308 0.7580769230769231 0.005384615384615384 0.002307692307692308
2 0.4153846153846154 0.7507692307692307 0.003076923076923077 0.0015384615384615385
2 0.3992307692307692 0.7365384615384616 0.007692307692307693 0.005384615384615384
2 0.27153846153846156 0.6565384615384615 0.003076923076923077 0.002307692307692308
2 0.7330769230769231 0.5834615384615385 0.004615384615384616 0.002307692307692308
2 0.7507692307692307 0.5761538461538461 0.0015384615384615385 0.0015384615384615385
2 0.5034615384615385 0.5442307692307692 0.0007692307692307692 0.0007692307692307692
2 0.8953846153846153 0.5146153846153846 0.0015384615384615385 0.0015384615384615385
2 0.8980769230769231 0.5134615384615384 0.0007692307692307692 0.0007692307692307692
2 0.13884615384615384 0.5061538461538462 0.014615384615384615 0.004615384615384616
2 0.6207692307692307 0.49961538461538463 0.007692307692307693 0.0038461538461538464
2 0.1523076923076923 0.49615384615384617 0.0015384615384615385 0.0015384615384615385
2 0.9338461538461539 0.495 0.0015384615384615385 0.0007692307692307692
2 0.9392307692307692 0.4919230769230769 0.007692307692307693 0.005384615384615384
2 0.9446153846153846 0.4888461538461538 0.0015384615384615385 0.0007692307692307692
2 0.6465384615384615 0.4888461538461538 0.0007692307692307692 0.0007692307692307692
2 0.6488461538461539 0.4880769230769231 0.0007692307692307692 0.0007692307692307692
2 0.9523076923076923 0.4857692307692308 0.012307692307692308 0.005384615384615384
2 0.6892307692307692 0.4757692307692308 0.006153846153846154 0.0038461538461538464
2 0.695 0.47307692307692306 0.0007692307692307692 0.0015384615384615385
2 0.4403846153846154 0.425 0.0007692307692307692 0.0007692307692307692
2 0.42653846153846153 0.42 0.036153846153846154 0.023076923076923078
2 0.7688461538461538 0.3515384615384615 0.002307692307692308 0.003076923076923077
2 0.7573076923076923 0.35192307692307695 0.005384615384615384 0.01
2 0.765 0.34615384615384615 0.0038461538461538464 0.003076923076923077
2 0.933076923076923 0.3373076923076923 0.0015384615384615385 0.0007692307692307692
2 0.8823076923076923 0.335 0.003076923076923077 0.002307692307692308
2 0.5911538461538461 0.30846153846153845 0.002307692307692308 0.003076923076923077
2 0.5503846153846154 0.30423076923076925 0.0007692307692307692 0.0007692307692307692
2 0.47 0.29846153846153844 0.006153846153846154 0.003076923076923077
2 0.605 0.29923076923076924 0.008461538461538461 0.007692307692307693
2 0.585 0.29730769230769233 0.005384615384615384 0.005384615384615384
2 0.5734615384615385 0.2953846153846154 0.002307692307692308 0.0015384615384615385
2 0.5911538461538461 0.29307692307692307 0.002307692307692308 0.003076923076923077
2 0.5161538461538462 0.2923076923076923 0.0015384615384615385 0.0015384615384615385
2 0.5688461538461539 0.2907692307692308 0.0038461538461538464 0.003076923076923077
2 0.5996153846153847 0.2796153846153846 0.002307692307692308 0.0038461538461538464
2 0.5773076923076923 0.25 0.002307692307692308 0.0015384615384615385
2 0.5584615384615385 0.24769230769230768 0.003076923076923077 0.0015384615384615385
2 0.9346153846153846 0.24384615384615385 0.007692307692307693 0.006153846153846154
2 0.5765384615384616 0.24384615384615385 0.011538461538461539 0.006153846153846154
2 0.5711538461538461 0.2373076923076923 0.0007692307692307692 0.0007692307692307692
2 0.5873076923076923 0.2376923076923077 0.005384615384615384 0.003076923076923077
2 0.5973076923076923 0.23461538461538461 0.01 0.004615384615384616
2 0.615 0.2296153846153846 0.0007692307692307692 0.0007692307692307692
2 0.8830769230769231 0.28307692307692306 0.23384615384615384 0.13538461538461538
2 0.6192307692307693 0.21423076923076922 0.004615384615384616 0.002307692307692308
2 0.36038461538461536 0.21423076923076922 0.014615384615384615 0.01
2 0.405 0.195 0.0038461538461538464 0.0038461538461538464
2 0.6592307692307692 0.1930769230769231 0.0015384615384615385 0.0015384615384615385
2 0.6634615384615384 0.18923076923076923 0.002307692307692308 0.003076923076923077
2 0.43 0.18153846153846154 0.010769230769230769 0.007692307692307693
2 0.4796153846153846 0.17653846153846153 0.002307692307692308 0.002307692307692308
2 0.46692307692307694 0.17384615384615384 0.0015384615384615385 0.0015384615384615385
2 0.45653846153846156 0.17384615384615384 0.014615384615384615 0.012307692307692308
2 0.57 0.15 0.0015384615384615385 0.003076923076923077
2 0.6311538461538462 0.13538461538461538 0.0007692307692307692 0.0015384615384615385
2 0.6 0.13423076923076924 0.0015384615384615385 0.002307692307692308
2 0.5942307692307692 0.13615384615384615 0.0038461538461538464 0.006153846153846154
2 0.6407692307692308 0.1296153846153846 0.0015384615384615385 0.002307692307692308
2 0.6269230769230769 0.13038461538461538 0.004615384615384616 0.0038461538461538464
2 0.6334615384615384 0.1280769230769231 0.0007692307692307692 0.0007692307692307692
2 0.5907692307692308 0.12846153846153846 0.006153846153846154 0.003076923076923077
2 0.5792307692307692 0.125 0.004615384615384616 0.002307692307692308
2 0.29423076923076924 0.12307692307692308 0.025384615384615384 0.007692307692307693
2 0.3161538461538462 0.11730769230769231 0.004615384615384616 0.002307692307692308
2 0.24307692307692308 0.11576923076923076 0.0015384615384615385 0.0007692307692307692
2 0.33115384615384613 0.11346153846153846 0.0007692307692307692 0.0007692307692307692
2 0.6338461538461538 0.1076923076923077 0.004615384615384616 0.0015384615384615385
2 0.6061538461538462 0.10461538461538461 0.003076923076923077 0.0015384615384615385
2 0.3576923076923077 0.09692307692307692 0.0015384615384615385 0.0015384615384615385
2 0.6842307692307692 0.08269230769230769 0.0007692307692307692 0.0007692307692307692
2 0.5492307692307692 0.07846153846153846 0.0015384615384615385 0.0015384615384615385
2 0.7046153846153846 0.07692307692307693 0.0015384615384615385 0.0015384615384615385
2 0.5546153846153846 0.07653846153846154 0.003076923076923077 0.002307692307692308
2 0.2988461538461539 0.06576923076923077 0.008461538461538461 0.0038461538461538464
2 0.595 0.03653846153846154 0.0007692307692307692 0.0007692307692307692
2 0.5992307692307692 0.03576923076923077 0.0015384615384615385 0.0007692307692307692
2 0.691923076923077 0.03423076923076923 0.005384615384615384 0.002307692307692308
2 0.6053846153846154 0.033846153846153845 0.004615384615384616 0.0015384615384615385
2 0.698076923076923 0.03307692307692308 0.002307692307692308 0.0015384615384615385
2 0.6115384615384616 0.032692307692307694 0.0015384615384615385 0.0007692307692307692
2 0.7042307692307692 0.03192307692307692 0.0007692307692307692 0.0007692307692307692
2 0.6942307692307692 0.030384615384615385 0.0007692307692307692 0.0007692307692307692
2 0.6569230769230769 0.031153846153846153 0.010769230769230769 0.005384615384615384
2 0.7065384615384616 0.027307692307692307 0.006923076923076923 0.002307692307692308
2 0.6707692307692308 0.026923076923076925 0.009230769230769232 0.004615384615384616
2 0.7373076923076923 0.16346153846153846 0.5253846153846153 0.28076923076923077
2 0.6676923076923077 0.023846153846153847 0.0015384615384615385 0.0015384615384615385
2 0.6707692307692308 0.018461538461538463 0.003076923076923077 0.0015384615384615385
2 0.8696153846153846 0.015384615384615385 0.005384615384615384 0.003076923076923077
2 0.541923076923077 0.4815384615384615 0.9161538461538462 0.9353846153846154
2 0.7003846153846154 0.019230769230769232 0.036153846153846154 0.010769230769230769
2 0.7088461538461538 0.013461538461538462 0.0007692307692307692 0.0007692307692307692
2 0.8742307692307693 0.010384615384615384 0.005384615384615384 0.002307692307692308
2 0.7542307692307693 0.008076923076923077 0.002307692307692308 0.0007692307692307692
2 0.7596153846153846 0.006538461538461538 0.002307692307692308 0.0007692307692307692
2 0.7796153846153846 0.002307692307692308 0.002307692307692308 0.0015384615384615385
2 0.7892307692307692 0.006153846153846154 0.026153846153846153 0.012307692307692308