2 0.7595744680851064 0.9602803738317757 0.029787234042553193 0.02336448598130841
2 0.597872340425532 0.955607476635514 0.02127659574468085 0.014018691588785047
2 0.46595744680851064 0.9509345794392523 0.02127659574468085 0.014018691588785047
2 0.8851063829787233 0.9532710280373832 0.03404255319148936 0.028037383177570093
2 0.274468085106383 0.9392523364485982 0.029787234042553193 0.018691588785046728
2 0.08297872340425531 0.9252336448598131 0.02127659574468085 0.018691588785046728
2 0.31063829787234043 0.8177570093457944 0.11914893617021277 0.06542056074766354
2 0.5404255319148936 0.8177570093457944 0.26382978723404255 0.08411214953271028
2 0.49361702127659574 0.7663551401869159 0.01702127659574468 0.018691588785046728
2 0.5829787234042553 0.7616822429906542 0.01702127659574468 0.018691588785046728
2 0.8893617021276595 0.7546728971962616 0.01702127659574468 0.014018691588785047
2 0.26382978723404255 0.7546728971962616 0.01702127659574468 0.014018691588785047
2 0.20851063829787234 0.7476635514018691 0.00851063829787234 0.009345794392523364
2 0.8553191489361702 0.7429906542056075 0.01702127659574468 0.018691588785046728
2 0.9234042553191489 0.7383177570093458 0.01702127659574468 0.018691588785046728
2 0.8063829787234043 0.7850467289719626 0.251063829787234 0.1588785046728972
2 0.9361702127659575 0.677570093457944 0.00851063829787234 0.009345794392523364
2 0.12340425531914893 0.7453271028037384 0.23829787234042554 0.1542056074766355
2 0.5914893617021276 0.6542056074766355 0.00851063829787234 0.018691588785046728
2 0.30851063829787234 0.6285046728971962 0.00425531914893617 0.004672897196261682
2 0.3446808510638298 0.5934579439252337 0.02553191489361702 0.018691588785046728
2 0.3148936170212766 0.5747663551401869 0.01702127659574468 0.009345794392523364
2 0.26170212765957446 0.5233644859813084 0.05531914893617021 0.06542056074766354
2 0.7723404255319148 0.4766355140186916 0.029787234042553193 0.018691588785046728
2 0.6127659574468085 0.4742990654205608 0.02553191489361702 0.014018691588785047
2 0.4829787234042553 0.4696261682242991 0.02127659574468085 0.014018691588785047
2 0.9 0.4719626168224299 0.029787234042553193 0.028037383177570093
2 0.28936170212765955 0.45794392523364486 0.02553191489361702 0.018691588785046728
2 0.09787234042553192 0.4439252336448598 0.02553191489361702 0.018691588785046728
2 0.3276595744680851 0.32242990654205606 0.11914893617021277 0.04672897196261682
2 0.5106382978723404 0.2850467289719626 0.01702127659574468 0.018691588785046728
2 0.597872340425532 0.2803738317757009 0.02127659574468085 0.018691588785046728
2 0.902127659574468 0.27102803738317754 0.01702127659574468 0.009345794392523364
2 0.27872340425531916 0.26869158878504673 0.01276595744680851 0.014018691588785047
2 0.22340425531914893 0.26401869158878505 0.01276595744680851 0.014018691588785047
2 0.9404255319148936 0.2570093457943925 0.01702127659574468 0.018691588785046728
2 0.8702127659574468 0.25934579439252337 0.02127659574468085 0.02336448598130841
2 0.6872340425531915 0.3037383177570093 0.5234042553191489 0.1588785046728972
2 0.1425531914893617 0.26635514018691586 0.23404255319148937 0.1588785046728972
2 0.32553191489361705 0.17990654205607476 0.00425531914893617 0.004672897196261682
2 0.6106382978723405 0.1705607476635514 0.01276595744680851 0.02336448598130841
2 0.3851063829787234 0.12850467289719625 0.01276595744680851 0.014018691588785047
2 0.3425531914893617 0.09813084112149532 0.05531914893617021 0.037383177570093455
2 0.1851063829787234 0.08644859813084112 0.02127659574468085 0.014018691588785047
2 0.9765957446808511 0.0630841121495327 0.00425531914893617 0.004672897196261682
2 0.2680851063829787 0.0397196261682243 0.03404255319148936 0.06074766355140187