2 0.26608187134502925 0.45179856115107914 0.0035087719298245615 0.0014388489208633094
2 0.26900584795321636 0.44532374100719424 0.0023391812865497076 0.0014388489208633094
2 0.25555555555555554 0.4435251798561151 0.0035087719298245615 0.0035971223021582736
2 0.26666666666666666 0.44244604316546765 0.00935672514619883 0.0057553956834532375
2 0.25263157894736843 0.439568345323741 0.011695906432748537 0.0028776978417266188
2 0.26374269005847956 0.4377697841726619 0.0011695906432748538 0.0007194244604316547
2 0.27251461988304093 0.4356115107913669 0.0023391812865497076 0.0007194244604316547
2 0.2543859649122807 0.43597122302158275 0.0035087719298245615 0.0028776978417266188
2 0.2 0.43489208633093523 0.004678362573099415 0.002158273381294964
2 0.15906432748538013 0.43381294964028777 0.014035087719298246 0.0028776978417266188
2 0.20818713450292398 0.4327338129496403 0.00935672514619883 0.0035971223021582736
2 0.2695906432748538 0.43237410071942445 0.0035087719298245615 0.004316546762589928
2 0.2578947368421053 0.431294964028777 0.0035087719298245615 0.005035971223021582
2 0.12456140350877193 0.42841726618705034 0.0011695906432748538 0.0007194244604316547
2 0.2766081871345029 0.42805755395683454 0.0011695906432748538 0.0014388489208633094
2 0.20175438596491227 0.4287769784172662 0.008187134502923977 0.0028776978417266188
2 0.21637426900584794 0.42805755395683454 0.004678362573099415 0.0028776978417266188
2 0.1497076023391813 0.4273381294964029 0.0023391812865497076 0.0014388489208633094
2 0.2497076023391813 0.4248201438848921 0.0011695906432748538 0.0007194244604316547
2 0.19824561403508772 0.42589928057553955 0.005847953216374269 0.0028776978417266188
2 0.2590643274853801 0.4248201438848921 0.0035087719298245615 0.002158273381294964
2 0.15204678362573099 0.4237410071942446 0.0023391812865497076 0.0014388489208633094
2 0.13801169590643275 0.42553956834532375 0.007017543859649123 0.007913669064748202
2 0.3128654970760234 0.42194244604316544 0.008187134502923977 0.0035971223021582736
2 0.2596491228070175 0.420863309352518 0.004678362573099415 0.0014388489208633094
2 0.14269005847953217 0.42158273381294964 0.004678362573099415 0.0028776978417266188
2 0.24912280701754386 0.42122302158273384 0.004678362573099415 0.0035971223021582736
2 0.18070175438596492 0.4183453237410072 0.0011695906432748538 0.0007194244604316547
2 0.13099415204678364 0.4197841726618705 0.004678362573099415 0.0035971223021582736
2 0.31812865497076026 0.4179856115107914 0.0023391812865497076 0.0014388489208633094
2 0.147953216374269 0.4183453237410072 0.0035087719298245615 0.002158273381294964
2 0.13801169590643275 0.41762589928057553 0.004678362573099415 0.002158273381294964
2 0.32339181286549706 0.4161870503597122 0.0011695906432748538 0.0007194244604316547
2 0.12339181286549708 0.4172661870503597 0.0035087719298245615 0.0028776978417266188
2 0.13157894736842105 0.4154676258992806 0.0011695906432748538 0.0007194244604316547
2 0.26842105263157895 0.41510791366906474 0.0035087719298245615 0.0014388489208633094
2 0.3192982456140351 0.4143884892086331 0.0023391812865497076 0.0014388489208633094
2 0.2543859649122807 0.41474820143884894 0.0011695906432748538 0.002158273381294964
2 0.0935672514619883 0.4154676258992806 0.004678362573099415 0.0035971223021582736
2 0.23976608187134502 0.4136690647482014 0.0023391812865497076 0.0014388489208633094
2 0.1286549707602339 0.4133093525179856 0.0023391812865497076 0.0007194244604316547
2 0.13157894736842105 0.41258992805755396 0.0011695906432748538 0.0007194244604316547
2 0.10058479532163743 0.41258992805755396 0.0023391812865497076 0.0007194244604316547
2 0.11228070175438597 0.41690647482014387 0.014035087719298246 0.013669064748201438
2 0.27076023391812865 0.410431654676259 0.0035087719298245615 0.002158273381294964
2 0.17309941520467836 0.410431654676259 0.004678362573099415 0.002158273381294964
2 0.13216374269005848 0.41007194244604317 0.0023391812865497076 0.0014388489208633094
2 0.3111111111111111 0.4089928057553957 0.0023391812865497076 0.0007194244604316547
2 0.2625730994152047 0.4079136690647482 0.0035087719298245615 0.0014388489208633094
2 0.3263157894736842 0.4089928057553957 0.004678362573099415 0.005035971223021582
2 0.28421052631578947 0.4075539568345324 0.00935672514619883 0.002158273381294964
2 0.27134502923976606 0.4071942446043165 0.0023391812865497076 0.0014388489208633094
2 0.25555555555555554 0.4079136690647482 0.005847953216374269 0.0028776978417266188
2 0.2783625730994152 0.4050359712230216 0.0023391812865497076 0.0014388489208633094
2 0.11052631578947368 0.40611510791366906 0.008187134502923977 0.0035971223021582736
2 0.2654970760233918 0.40467625899280574 0.004678362573099415 0.002158273381294964
2 0.1280701754385965 0.4035971223021583 0.0035087719298245615 0.0014388489208633094
2 0.06666666666666667 0.4028776978417266 0.004678362573099415 0.0014388489208633094
2 0.2824561403508772 0.4025179856115108 0.0035087719298245615 0.002158273381294964
2 0.2719298245614035 0.4028776978417266 0.005847953216374269 0.004316546762589928
2 0.26783625730994154 0.4014388489208633 0.004678362573099415 0.0014388489208633094
2 0.28830409356725145 0.4025179856115108 0.005847953216374269 0.005035971223021582
2 0.2432748538011696 0.4050359712230216 0.011695906432748537 0.010071942446043165
2 0.12046783625730995 0.40179856115107915 0.004678362573099415 0.0035971223021582736
2 0.10526315789473684 0.4028776978417266 0.004678362573099415 0.0057553956834532375
2 0.25555555555555554 0.4025179856115108 0.008187134502923977 0.006474820143884892
2 0.0935672514619883 0.4003597122302158 0.0023391812865497076 0.002158273381294964
2 0.28128654970760236 0.3989208633093525 0.0011695906432748538 0.0007194244604316547
2 0.24502923976608187 0.3989208633093525 0.0011695906432748538 0.0007194244604316547
2 0.13801169590643275 0.40215827338129495 0.014035087719298246 0.007194244604316547
2 0.06842105263157895 0.39928057553956836 0.0035087719298245615 0.0014388489208633094
2 0.2719298245614035 0.39748201438848924 0.0011695906432748538 0.0007194244604316547
2 0.23508771929824562 0.39748201438848924 0.00935672514619883 0.0035971223021582736
2 0.1239766081871345 0.3971223021582734 0.007017543859649123 0.0028776978417266188
2 0.28362573099415206 0.3960431654676259 0.0035087719298245615 0.002158273381294964
2 0.1584795321637427 0.39568345323741005 0.0035087719298245615 0.0028776978417266188
2 0.26374269005847956 0.39388489208633093 0.0035087719298245615 0.002158273381294964
2 0.30994152046783624 0.39568345323741005 0.007017543859649123 0.007194244604316547
2 0.13508771929824562 0.39388489208633093 0.0035087719298245615 0.0035971223021582736
2 0.24853801169590642 0.3946043165467626 0.010526315789473684 0.007913669064748202
2 0.1023391812865497 0.39388489208633093 0.010526315789473684 0.006474820143884892
2 0.2719298245614035 0.389568345323741 0.0011695906432748538 0.0007194244604316547
2 0.29883040935672517 0.38884892086330936 0.0035087719298245615 0.002158273381294964
2 0.1649122807017544 0.3877697841726619 0.0023391812865497076 0.0014388489208633094
2 0.11812865497076024 0.39316546762589927 0.0304093567251462 0.01223021582733813
2 0.23859649122807017 0.38848920863309355 0.004678362573099415 0.004316546762589928
2 0.09590643274853801 0.38741007194244603 0.0023391812865497076 0.002158273381294964
2 0.12982456140350876 0.38633093525179857 0.0023391812865497076 0.0014388489208633094
2 0.13450292397660818 0.3859712230215827 0.0023391812865497076 0.002158273381294964
2 0.12280701754385964 0.3856115107913669 0.0023391812865497076 0.0014388489208633094
2 0.3105263157894737 0.38633093525179857 0.005847953216374269 0.004316546762589928
2 0.05906432748538012 0.3838129496402878 0.0011695906432748538 0.0007194244604316547
2 0.09649122807017543 0.3834532374100719 0.0011695906432748538 0.0014388489208633094
2 0.06198830409356725 0.3881294964028777 0.021052631578947368 0.01079136690647482
2 0.1415204678362573 0.3834532374100719 0.007017543859649123 0.0028776978417266188
2 0.12222222222222222 0.38201438848920866 0.0035087719298245615 0.0014388489208633094
2 0.24269005847953215 0.381294964028777 0.0011695906432748538 0.0014388489208633094
2 0.09532163742690059 0.38093525179856114 0.0011695906432748538 0.0007194244604316547
2 0.25263157894736843 0.38237410071942446 0.00935672514619883 0.005035971223021582
2 0.13157894736842105 0.3816546762589928 0.008187134502923977 0.0035971223021582736
2 0.07602339181286549 0.38093525179856114 0.0023391812865497076 0.002158273381294964
2 0.2941520467836257 0.37949640287769787 0.0011695906432748538 0.0007194244604316547
2 0.15263157894736842 0.38201438848920866 0.008187134502923977 0.0057553956834532375
2 0.13859649122807016 0.3802158273381295 0.0035087719298245615 0.002158273381294964
2 0.06549707602339182 0.379136690647482 0.0023391812865497076 0.0014388489208633094
2 0.0456140350877193 0.379136690647482 0.0023391812865497076 0.0014388489208633094
2 0.3111111111111111 0.3802158273381295 0.004678362573099415 0.005035971223021582
2 0.3017543859649123 0.381294964028777 0.011695906432748537 0.007194244604316547
2 0.13099415204678364 0.37841726618705035 0.0023391812865497076 0.0014388489208633094
2 0.26608187134502925 0.3776978417266187 0.0011695906432748538 0.0014388489208633094
2 0.2590643274853801 0.38273381294964026 0.017543859649122806 0.011510791366906475
2 0.01929824561403509 0.3773381294964029 0.0011695906432748538 0.0007194244604316547
2 0.005263157894736842 0.3773381294964029 0.0011695906432748538 0.0007194244604316547
2 0.1409356725146199 0.3766187050359712 0.0035087719298245615 0.002158273381294964
2 0.11461988304093568 0.37589928057553956 0.0023391812865497076 0.0007194244604316547
2 0.05263157894736842 0.376978417266187 0.007017543859649123 0.004316546762589928
2 0.32280701754385965 0.37446043165467624 0.0023391812865497076 0.0035971223021582736
2 0.07368421052631578 0.37410071942446044 0.004678362573099415 0.0028776978417266188
2 0.1456140350877193 0.3726618705035971 0.0035087719298245615 0.0014388489208633094
2 0.05497076023391813 0.3726618705035971 0.0023391812865497076 0.0014388489208633094
2 0.2736842105263158 0.37194244604316545 0.0023391812865497076 0.0014388489208633094
2 0.13976608187134504 0.37158273381294965 0.0035087719298245615 0.002158273381294964
2 0.047953216374269005 0.3712230215827338 0.004678362573099415 0.0014388489208633094
2 0.030994152046783626 0.373021582733813 0.0035087719298245615 0.005035971223021582
2 0.11286549707602339 0.36942446043165467 0.0011695906432748538 0.0007194244604316547
2 0.054385964912280704 0.368705035971223 0.0011695906432748538 0.0007194244604316547
2 0.3216374269005848 0.3683453237410072 0.0023391812865497076 0.0014388489208633094
2 0.006432748538011696 0.370863309352518 0.0035087719298245615 0.006474820143884892
2 0.13099415204678364 0.37158273381294965 0.011695906432748537 0.00935251798561151
2 0.01871345029239766 0.36762589928057554 0.0023391812865497076 0.0014388489208633094
2 0.14385964912280702 0.3665467625899281 0.007017543859649123 0.002158273381294964
2 0.13391812865497077 0.3658273381294964 0.0011695906432748538 0.0007194244604316547
2 0.030994152046783626 0.3669064748201439 0.0011695906432748538 0.0028776978417266188
2 0.26900584795321636 0.36546762589928056 0.0023391812865497076 0.0028776978417266188
2 0.1111111111111111 0.36366906474820143 0.004678362573099415 0.002158273381294964
2 0.03216374269005848 0.36330935251798563 0.0011695906432748538 0.0014388489208633094
2 0.13742690058479531 0.36294964028776977 0.005847953216374269 0.002158273381294964
2 0.13099415204678364 0.36258992805755397 0.0023391812865497076 0.0014388489208633094
2 0.05964912280701754 0.3658273381294964 0.011695906432748537 0.007913669064748202
2 0.06725146198830409 0.36151079136690645 0.0035087719298245615 0.002158273381294964
2 0.046198830409356725 0.3622302158273381 0.0035087719298245615 0.0035971223021582736
2 0.13391812865497077 0.3593525179856115 0.0011695906432748538 0.0007194244604316547
2 0.14035087719298245 0.3593525179856115 0.0023391812865497076 0.002158273381294964
2 0.052046783625730994 0.3593525179856115 0.0035087719298245615 0.002158273381294964
2 0.06783625730994151 0.35827338129496406 0.0023391812865497076 0.0014388489208633094
2 0.0608187134502924 0.35899280575539566 0.004678362573099415 0.004316546762589928
2 0.01695906432748538 0.3579136690647482 0.008187134502923977 0.005035971223021582
2 0.1216374269005848 0.3557553956834532 0.004678362573099415 0.0035971223021582736
2 0.14269005847953217 0.35431654676258995 0.007017543859649123 0.0035971223021582736
2 0.14912280701754385 0.3528776978417266 0.0035087719298245615 0.002158273381294964
2 0.09298245614035087 0.37949640287769787 0.04327485380116959 0.05827338129496403
2 0.08596491228070176 0.3514388489208633 0.0035087719298245615 0.002158273381294964
2 0.13216374269005848 0.35215827338129496 0.004678362573099415 0.005035971223021582
2 0.12046783625730995 0.3496402877697842 0.0023391812865497076 0.0014388489208633094
2 0.09824561403508772 0.34928057553956837 0.0023391812865497076 0.0007194244604316547
2 0.01871345029239766 0.35035971223021584 0.004678362573099415 0.0028776978417266188
2 0.25087719298245614 0.3489208633093525 0.0011695906432748538 0.0014388489208633094
2 0.06666666666666667 0.3496402877697842 0.004678362573099415 0.0028776978417266188
2 0.005847953216374269 0.3532374100719424 0.011695906432748537 0.010071942446043165
2 0.14210526315789473 0.34820143884892085 0.0011695906432748538 0.0014388489208633094
2 0.15321637426900586 0.34784172661870505 0.004678362573099415 0.002158273381294964
2 0.08362573099415205 0.34928057553956837 0.008187134502923977 0.006474820143884892
2 0.0608187134502924 0.3471223021582734 0.0023391812865497076 0.002158273381294964
2 0.012280701754385965 0.3471223021582734 0.005847953216374269 0.002158273381294964
2 0.2608187134502924 0.3460431654676259 0.0023391812865497076 0.0014388489208633094
2 0.13976608187134504 0.3460431654676259 0.0035087719298245615 0.0014388489208633094
2 0.01929824561403509 0.3460431654676259 0.0035087719298245615 0.0014388489208633094
2 0.11695906432748537 0.34568345323741007 0.004678362573099415 0.0035971223021582736
2 0.004093567251461989 0.34532374100719426 0.0035087719298245615 0.0028776978417266188
2 0.04327485380116959 0.3514388489208633 0.03976608187134503 0.016546762589928057
2 0.10818713450292397 0.34568345323741007 0.008187134502923977 0.006474820143884892
2 0.013450292397660818 0.3428057553956835 0.0011695906432748538 0.0007194244604316547
2 0.10409356725146199 0.3431654676258993 0.004678362573099415 0.0028776978417266188
2 0.09473684210526316 0.3435251798561151 0.004678362573099415 0.0035971223021582736
2 0.1327485380116959 0.3435251798561151 0.008187134502923977 0.005035971223021582
2 0.22046783625730995 0.3410071942446043 0.005847953216374269 0.0014388489208633094
2 0.11637426900584795 0.3406474820143885 0.0011695906432748538 0.0007194244604316547
2 0.12690058479532162 0.3406474820143885 0.005847953216374269 0.002158273381294964
2 0.07953216374269007 0.3406474820143885 0.0023391812865497076 0.002158273381294964
2 0.05380116959064327 0.34136690647482015 0.004678362573099415 0.0035971223021582736
2 0.2409356725146199 0.33920863309352517 0.0023391812865497076 0.0007194244604316547
2 0.10818713450292397 0.33920863309352517 0.0011695906432748538 0.0007194244604316547
2 0.11637426900584795 0.33884892086330937 0.0011695906432748538 0.0014388489208633094
2 0.16198830409356726 0.33741007194244604 0.0035087719298245615 0.0014388489208633094
2 0.14736842105263157 0.33776978417266185 0.004678362573099415 0.002158273381294964
2 0.06432748538011696 0.33776978417266185 0.004678362573099415 0.002158273381294964
2 0.05555555555555555 0.33705035971223024 0.0035087719298245615 0.002158273381294964
2 0.026900584795321637 0.3366906474820144 0.0023391812865497076 0.0014388489208633094
2 0.016374269005847954 0.3381294964028777 0.007017543859649123 0.004316546762589928
2 0.15497076023391812 0.33705035971223024 0.005847953216374269 0.005035971223021582
2 0.13216374269005848 0.33525179856115106 0.0023391812865497076 0.0014388489208633094
2 0.23625730994152047 0.33489208633093526 0.004678362573099415 0.002158273381294964
2 0.12280701754385964 0.33309352517985613 0.0023391812865497076 0.0014388489208633094
2 0.22982456140350876 0.3327338129496403 0.0035087719298245615 0.002158273381294964
2 0.24678362573099416 0.33345323741007193 0.004678362573099415 0.005035971223021582
2 0.05964912280701754 0.331294964028777 0.004678362573099415 0.002158273381294964
2 0.2415204678362573 0.33057553956834534 0.0035087719298245615 0.002158273381294964
2 0.15263157894736842 0.3316546762589928 0.005847953216374269 0.004316546762589928
2 0.023976608187134502 0.33093525179856115 0.010526315789473684 0.004316546762589928
2 0.23391812865497075 0.32841726618705036 0.0023391812865497076 0.0007194244604316547
2 0.13859649122807016 0.329136690647482 0.0035087719298245615 0.002158273381294964
2 0.18421052631578946 0.329136690647482 0.005847953216374269 0.0035971223021582736
2 0.12339181286549708 0.32805755395683456 0.0035087719298245615 0.0028776978417266188
2 0.0824561403508772 0.32697841726618704 0.0011695906432748538 0.0007194244604316547
2 0.22631578947368422 0.3262589928057554 0.0011695906432748538 0.0007194244604316547
2 0.1304093567251462 0.3262589928057554 0.0011695906432748538 0.0007194244604316547
2 0.02865497076023392 0.3262589928057554 0.0011695906432748538 0.0007194244604316547
2 0.24619883040935672 0.3273381294964029 0.008187134502923977 0.004316546762589928
2 0.07602339181286549 0.3258992805755396 0.0023391812865497076 0.0014388489208633094
2 0.17017543859649123 0.3262589928057554 0.008187134502923977 0.0035971223021582736
2 0.1216374269005848 0.32410071942446045 0.0023391812865497076 0.0007194244604316547
2 0.2239766081871345 0.3237410071942446 0.0035087719298245615 0.0014388489208633094
2 0.21052631578947367 0.3273381294964029 0.00935672514619883 0.008633093525179856
2 0.16257309941520467 0.3237410071942446 0.0023391812865497076 0.0014388489208633094
2 0.10526315789473684 0.3233812949640288 0.004678362573099415 0.002158273381294964
2 0.07485380116959064 0.3233812949640288 0.00935672514619883 0.0035971223021582736
2 0.0017543859649122807 0.3233812949640288 0.0035087719298245615 0.0035971223021582736
2 0.15146198830409358 0.32194244604316546 0.0035087719298245615 0.002158273381294964
2 0.025146198830409357 0.32158273381294966 0.0011695906432748538 0.0014388489208633094
2 0.2391812865497076 0.32050359712230214 0.0011695906432748538 0.0007194244604316547
2 0.12222222222222222 0.32050359712230214 0.0011695906432748538 0.0007194244604316547
2 0.21052631578947367 0.3194244604316547 0.0023391812865497076 0.0014388489208633094
2 0.13333333333333333 0.3194244604316547 0.004678362573099415 0.0028776978417266188
2 0.17192982456140352 0.31762589928057555 0.0023391812865497076 0.0007194244604316547
2 0.09532163742690059 0.31762589928057555 0.0011695906432748538 0.0007194244604316547
2 0.07719298245614035 0.3183453237410072 0.007017543859649123 0.002158273381294964
2 0.21695906432748538 0.31798561151079136 0.005847953216374269 0.0028776978417266188
2 0.20877192982456141 0.3169064748201439 0.0035087719298245615 0.002158273381294964
2 0.11345029239766082 0.31654676258992803 0.004678362573099415 0.0028776978417266188
2 0.22865497076023392 0.31510791366906477 0.005847953216374269 0.0028776978417266188
2 0.13742690058479531 0.31510791366906477 0.0035087719298245615 0.0028776978417266188
2 0.07602339181286549 0.3143884892086331 0.0023391812865497076 0.0014388489208633094
2 0.10584795321637427 0.3147482014388489 0.0035087719298245615 0.0035971223021582736
2 0.21871345029239767 0.3122302158273381 0.0023391812865497076 0.0014388489208633094
2 0.044444444444444446 0.3122302158273381 0.004678362573099415 0.0028776978417266188
2 0.23157894736842105 0.3107913669064748 0.0023391812865497076 0.0014388489208633094
2 0.22631578947368422 0.30971223021582733 0.0035087719298245615 0.0007194244604316547
2 0.11169590643274854 0.3100719424460432 0.0011695906432748538 0.0014388489208633094
2 0.10584795321637427 0.30971223021582733 0.0011695906432748538 0.0007194244604316547
2 0.012865497076023392 0.3064748201438849 0.004678362573099415 0.0014388489208633094
2 0.2239766081871345 0.3053956834532374 0.0035087719298245615 0.002158273381294964
2 0.09824561403508772 0.30683453237410074 0.007017543859649123 0.005035971223021582
2 0.23976608187134502 0.3039568345323741 0.0023391812865497076 0.0007194244604316547
2 0.08947368421052632 0.3053956834532374 0.005847953216374269 0.0035971223021582736
2 0.14035087719298245 0.3035971223021583 0.0023391812865497076 0.0014388489208633094
2 0.07543859649122807 0.30323741007194244 0.0011695906432748538 0.0007194244604316547
2 0.22748538011695907 0.3025179856115108 0.0011695906432748538 0.0007194244604316547
2 0.05146198830409357 0.3035971223021583 0.007017543859649123 0.0028776978417266188
2 0.23333333333333334 0.3017985611510791 0.0011695906432748538 0.0007194244604316547
2 0.20994152046783626 0.3014388489208633 0.0011695906432748538 0.0014388489208633094
2 0.19941520467836257 0.3010791366906475 0.005847953216374269 0.0035971223021582736
2 0.023391812865497075 0.302158273381295 0.016374269005847954 0.0057553956834532375
2 0.12631578947368421 0.3 0.0023391812865497076 0.0028776978417266188
2 0.031578947368421054 0.2996402877697842 0.004678362573099415 0.002158273381294964
2 0.24678362573099416 0.29856115107913667 0.004678362573099415 0.0014388489208633094
2 0.24035087719298245 0.29856115107913667 0.0035087719298245615 0.0014388489208633094
2 0.04502923976608187 0.2989208633093525 0.008187134502923977 0.002158273381294964
2 0.21578947368421053 0.29820143884892086 0.0035087719298245615 0.002158273381294964
2 0.18947368421052632 0.29856115107913667 0.0023391812865497076 0.0028776978417266188
2 0.14035087719298245 0.29676258992805754 0.0023391812865497076 0.0007194244604316547
2 0.01929824561403509 0.29676258992805754 0.0035087719298245615 0.002158273381294964
2 0.2625730994152047 0.2956834532374101 0.0035087719298245615 0.0014388489208633094
2 0.2573099415204678 0.2971223021582734 0.004678362573099415 0.004316546762589928
2 0.13976608187134504 0.2935251798561151 0.0011695906432748538 0.0014388489208633094
2 0.07134502923976609 0.29640287769784174 0.00935672514619883 0.007194244604316547
2 0.25263157894736843 0.29280575539568343 0.0023391812865497076 0.0014388489208633094
2 0.1912280701754386 0.29244604316546763 0.0011695906432748538 0.0007194244604316547
2 0.12105263157894737 0.2931654676258993 0.008187134502923977 0.002158273381294964
2 0.2567251461988304 0.29280575539568343 0.0035087719298245615 0.0028776978417266188
2 0.019883040935672516 0.29280575539568343 0.007017543859649123 0.0028776978417266188
2 0.08538011695906433 0.29136690647482016 0.0023391812865497076 0.0014388489208633094
2 0.24561403508771928 0.2910071942446043 0.0023391812865497076 0.002158273381294964
2 0.13625730994152047 0.289568345323741 0.0035087719298245615 0.002158273381294964
2 0.11461988304093568 0.28992805755395684 0.004678362573099415 0.0028776978417266188
2 0.24678362573099416 0.2884892086330935 0.0023391812865497076 0.0014388489208633094
2 0.17485380116959065 0.2888489208633094 0.0035087719298245615 0.002158273381294964
2 0.14269005847953217 0.2881294964028777 0.0023391812865497076 0.0007194244604316547
2 0.2754385964912281 0.28741007194244605 0.0011695906432748538 0.0007194244604316547
2 0.021052631578947368 0.28776978417266186 0.0023391812865497076 0.0014388489208633094
2 0.21754385964912282 0.28776978417266186 0.007017543859649123 0.0028776978417266188
2 0.13099415204678364 0.28741007194244605 0.004678362573099415 0.002158273381294964
2 0.09941520467836257 0.2949640287769784 0.021052631578947368 0.017266187050359712
2 0.0871345029239766 0.28741007194244605 0.0035087719298245615 0.002158273381294964
2 0.06666666666666667 0.2866906474820144 0.0023391812865497076 0.002158273381294964
2 0.32456140350877194 0.28525179856115107 0.0035087719298245615 0.002158273381294964
2 0.03567251461988304 0.29028776978417264 0.019883040935672516 0.01223021582733813
2 0.22339181286549709 0.2841726618705036 0.004678362573099415 0.0014388489208633094
2 0.06374269005847953 0.2841726618705036 0.0035087719298245615 0.0014388489208633094
2 0.24561403508771928 0.28345323741007195 0.0023391812865497076 0.0014388489208633094
2 0.2596491228070175 0.2827338129496403 0.0023391812865497076 0.0014388489208633094
2 0.1023391812865497 0.28129496402877696 0.0035087719298245615 0.0014388489208633094
2 0.32690058479532164 0.2805755395683453 0.0035087719298245615 0.0014388489208633094
2 0.04912280701754386 0.2805755395683453 0.0023391812865497076 0.0014388489208633094
2 0.3169590643274854 0.2802158273381295 0.0023391812865497076 0.0035971223021582736
2 0.3128654970760234 0.2787769784172662 0.0035087719298245615 0.0007194244604316547
2 0.05497076023391813 0.27949640287769784 0.004678362573099415 0.002158273381294964
2 0.015789473684210527 0.3107913669064748 0.031578947368421054 0.06618705035971223
2 0.32105263157894737 0.27733812949640285 0.0011695906432748538 0.0007194244604316547
2 0.2847953216374269 0.2776978417266187 0.0035087719298245615 0.0014388489208633094
2 0.13801169590643275 0.2776978417266187 0.0023391812865497076 0.0014388489208633094
2 0.0608187134502924 0.27949640287769784 0.004678362573099415 0.005035971223021582
2 0.21461988304093568 0.27697841726618705 0.0035087719298245615 0.0014388489208633094
2 0.195906432748538 0.2758992805755396 0.0011695906432748538 0.0007194244604316547
2 0.3263157894736842 0.2758992805755396 0.0023391812865497076 0.002158273381294964
2 0.23801169590643276 0.2755395683453237 0.0035087719298245615 0.0014388489208633094
2 0.09064327485380116 0.2751798561151079 0.0011695906432748538 0.0007194244604316547
2 0.08187134502923976 0.27661870503597125 0.007017543859649123 0.0035971223021582736
2 0.30116959064327486 0.27446043165467626 0.0011695906432748538 0.0007194244604316547
2 0.09941520467836257 0.2758992805755396 0.007017543859649123 0.005035971223021582
2 0.05321637426900585 0.2737410071942446 0.0011695906432748538 0.0007194244604316547
2 0.2795321637426901 0.2741007194244604 0.0023391812865497076 0.0028776978417266188
2 0.21929824561403508 0.2737410071942446 0.0035087719298245615 0.002158273381294964
2 0.11637426900584795 0.2733812949640288 0.0035087719298245615 0.0014388489208633094
2 0.12339181286549708 0.2733812949640288 0.005847953216374269 0.0028776978417266188
2 0.13391812865497077 0.27266187050359714 0.0035087719298245615 0.0028776978417266188
2 0.2654970760233918 0.2712230215827338 0.0023391812865497076 0.0014388489208633094
2 0.19181286549707602 0.27014388489208635 0.0023391812865497076 0.0007194244604316547
2 0.1 0.27050359712230215 0.0035087719298245615 0.0014388489208633094
2 0.30409356725146197 0.26906474820143883 0.0023391812865497076 0.0014388489208633094
2 0.13567251461988303 0.2694244604316547 0.0023391812865497076 0.002158273381294964
2 0.3169590643274854 0.2697841726618705 0.011695906432748537 0.0057553956834532375
2 0.3087719298245614 0.26762589928057556 0.004678362573099415 0.0014388489208633094
2 0.12573099415204678 0.26762589928057556 0.0035087719298245615 0.0014388489208633094
2 0.10818713450292397 0.2697841726618705 0.008187134502923977 0.0057553956834532375
2 0.27134502923976606 0.26618705035971224 0.0023391812865497076 0.0014388489208633094
2 0.12982456140350876 0.26618705035971224 0.0023391812865497076 0.0014388489208633094
2 0.025730994152046785 0.26618705035971224 0.0023391812865497076 0.0014388489208633094
2 0.25380116959064325 0.2712230215827338 0.00935672514619883 0.012949640287769784
2 0.01929824561403509 0.27482014388489207 0.03859649122807018 0.02014388489208633
2 0.3263157894736842 0.2654676258992806 0.004678362573099415 0.0028776978417266188
2 0.28421052631578947 0.2647482014388489 0.0023391812865497076 0.0014388489208633094
2 0.03216374269005848 0.26366906474820145 0.0011695906432748538 0.0007194244604316547
2 0.27134502923976606 0.2633093525179856 0.0023391812865497076 0.0014388489208633094
2 0.12339181286549708 0.26402877697841726 0.0035087719298245615 0.0028776978417266188
2 0.2742690058479532 0.26151079136690647 0.0011695906432748538 0.0007194244604316547
2 0.1280701754385965 0.26151079136690647 0.0011695906432748538 0.0007194244604316547
2 0.1783625730994152 0.2607913669064748 0.0035087719298245615 0.0007194244604316547
2 0.021052631578947368 0.2607913669064748 0.0023391812865497076 0.0007194244604316547
2 0.2935672514619883 0.260431654676259 0.004678362573099415 0.0014388489208633094
2 0.25380116959064325 0.260431654676259 0.0023391812865497076 0.0014388489208633094
2 0.13976608187134504 0.2607913669064748 0.0035087719298245615 0.002158273381294964
2 0.050292397660818715 0.2643884892086331 0.028070175438596492 0.00935251798561151
2 0.11637426900584795 0.2593525179856115 0.0011695906432748538 0.0007194244604316547
2 0.008771929824561403 0.2651079136690647 0.017543859649122806 0.01223021582733813
2 0.11286549707602339 0.2579136690647482 0.0011695906432748538 0.0007194244604316547
2 0.03567251461988304 0.25971223021582734 0.005847953216374269 0.004316546762589928
2 0.018128654970760234 0.2586330935251799 0.0035087719298245615 0.002158273381294964
2 0.18362573099415205 0.258273381294964 0.004678362573099415 0.004316546762589928
2 0.054385964912280704 0.2568345323741007 0.0011695906432748538 0.0014388489208633094
2 0.04269005847953217 0.2564748201438849 0.0011695906432748538 0.0007194244604316547
2 0.23859649122807017 0.2550359712230216 0.004678362573099415 0.002158273381294964
2 0.03567251461988304 0.2550359712230216 0.005847953216374269 0.002158273381294964
2 0.02631578947368421 0.2550359712230216 0.008187134502923977 0.002158273381294964
2 0.013450292397660818 0.2543165467625899 0.008187134502923977 0.0035971223021582736
2 0.08947368421052632 0.25287769784172665 0.0035087719298245615 0.002158273381294964
2 0.13801169590643275 0.2517985611510791 0.0023391812865497076 0.0014388489208633094
2 0.12748538011695906 0.25287769784172665 0.007017543859649123 0.0035971223021582736
2 0.3216374269005848 0.2514388489208633 0.0023391812865497076 0.002158273381294964
2 0.22982456140350876 0.2503597122302158 0.0011695906432748538 0.0014388489208633094
2 0.05672514619883041 0.25 0.0011695906432748538 0.0007194244604316547
2 0.06725146198830409 0.2514388489208633 0.0035087719298245615 0.005035971223021582
2 0.07368421052631578 0.25359712230215825 0.007017543859649123 0.01223021582733813
2 0.03450292397660819 0.25 0.005847953216374269 0.006474820143884892
2 0.11169590643274854 0.24676258992805755 0.0035087719298245615 0.0014388489208633094
2 0.04678362573099415 0.252158273381295 0.00935672514619883 0.01223021582733813
2 0.05380116959064327 0.24676258992805755 0.004678362573099415 0.0028776978417266188
2 0.28421052631578947 0.24676258992805755 0.007017543859649123 0.0057553956834532375
2 0.1584795321637427 0.2474820143884892 0.022222222222222223 0.010071942446043165
2 0.12631578947368421 0.24316546762589927 0.004678362573099415 0.0014388489208633094
2 0.08830409356725147 0.2647482014388489 0.0456140350877193 0.04460431654676259
2 0.03976608187134503 0.2435251798561151 0.0023391812865497076 0.002158273381294964
2 0.012865497076023392 0.24316546762589927 0.00935672514619883 0.0028776978417266188
2 0.156140350877193 0.24172661870503598 0.0035087719298245615 0.0014388489208633094
2 0.29005847953216374 0.24136690647482015 0.0023391812865497076 0.002158273381294964
2 0.26842105263157895 0.2435251798561151 0.005847953216374269 0.006474820143884892
2 0.1865497076023392 0.2406474820143885 0.0011695906432748538 0.0007194244604316547
2 0.16198830409356726 0.23992805755395682 0.0011695906432748538 0.0007194244604316547
2 0.16900584795321638 0.2406474820143885 0.0011695906432748538 0.0035971223021582736
2 0.1456140350877193 0.239568345323741 0.0035087719298245615 0.0014388489208633094
2 0.03976608187134503 0.23992805755395682 0.004678362573099415 0.002158273381294964
2 0.005263157894736842 0.2474820143884892 0.010526315789473684 0.017266187050359712
2 0.05672514619883041 0.23776978417266187 0.0011695906432748538 0.0007194244604316547
2 0.004678362573099415 0.2381294964028777 0.0023391812865497076 0.0014388489208633094
2 0.2830409356725146 0.23741007194244604 0.0023391812865497076 0.0014388489208633094
2 0.06783625730994151 0.239568345323741 0.007017543859649123 0.0057553956834532375
2 0.14736842105263157 0.2356115107913669 0.0023391812865497076 0.0007194244604316547
2 0.03684210526315789 0.2356115107913669 0.0011695906432748538 0.0007194244604316547
2 0.011695906432748537 0.23309352517985613 0.0023391812865497076 0.0014388489208633094
2 0.07076023391812865 0.23345323741007193 0.005847953216374269 0.0035971223021582736
2 0.06140350877192982 0.2327338129496403 0.005847953216374269 0.002158273381294964
2 0.04736842105263158 0.23237410071942446 0.0035087719298245615 0.0014388489208633094
2 0.03450292397660819 0.23201438848920863 0.0011695906432748538 0.0007194244604316547
2 0.15555555555555556 0.23453237410071942 0.00935672514619883 0.007194244604316547
2 0.32105263157894737 0.2302158273381295 0.0035087719298245615 0.0028776978417266188
2 0.147953216374269 0.22913669064748202 0.0011695906432748538 0.0007194244604316547
2 0.11871345029239766 0.22913669064748202 0.0011695906432748538 0.0007194244604316547
2 0.023976608187134502 0.24028776978417266 0.026900584795321637 0.02302158273381295
2 0.28421052631578947 0.22913669064748202 0.004678362573099415 0.002158273381294964
2 0.3152046783625731 0.2273381294964029 0.0011695906432748538 0.0014388489208633094
2 0.12514619883040937 0.22805755395683452 0.004678362573099415 0.0028776978417266188
2 0.10058479532163743 0.23776978417266187 0.0304093567251462 0.022302158273381296
2 0.03333333333333333 0.22589928057553957 0.0035087719298245615 0.0014388489208633094
2 0.042105263157894736 0.2262589928057554 0.00935672514619883 0.005035971223021582
2 0.14736842105263157 0.2237410071942446 0.0023391812865497076 0.0014388489208633094
2 0.11052631578947368 0.22482014388489208 0.005847953216374269 0.0035971223021582736
2 0.08596491228070176 0.22446043165467625 0.0035087719298245615 0.0028776978417266188
2 0.12105263157894737 0.22302158273381295 0.005847953216374269 0.0014388489208633094
2 0.06140350877192982 0.22194244604316546 0.0011695906432748538 0.0007194244604316547
2 0.03508771929824561 0.22266187050359712 0.004678362573099415 0.002158273381294964
2 0.23333333333333334 0.22050359712230216 0.0011695906432748538 0.0007194244604316547
2 0.1064327485380117 0.22014388489208633 0.0023391812865497076 0.0014388489208633094
2 0.048538011695906436 0.220863309352518 0.0035087719298245615 0.0028776978417266188
2 0.0783625730994152 0.22014388489208633 0.004678362573099415 0.0028776978417266188
2 0.042105263157894736 0.220863309352518 0.007017543859649123 0.004316546762589928
2 0.29005847953216374 0.21942446043165467 0.004678362573099415 0.0028776978417266188
2 0.24035087719298245 0.2183453237410072 0.0011695906432748538 0.0007194244604316547
2 0.14853801169590644 0.21906474820143884 0.004678362573099415 0.002158273381294964
2 0.11228070175438597 0.21906474820143884 0.0023391812865497076 0.002158273381294964
2 0.10116959064327485 0.22014388489208633 0.0035087719298245615 0.004316546762589928
2 0.03684210526315789 0.21906474820143884 0.005847953216374269 0.002158273381294964
2 0.012865497076023392 0.2273381294964029 0.025730994152046785 0.01870503597122302
2 0.20526315789473684 0.21762589928057555 0.0011695906432748538 0.0007194244604316547
2 0.06432748538011696 0.22122302158273383 0.007017543859649123 0.007913669064748202
2 0.056140350877192984 0.21942446043165467 0.004678362573099415 0.004316546762589928
2 0.0017543859649122807 0.2197841726618705 0.0035087719298245615 0.005035971223021582
2 0.0935672514619883 0.21654676258992805 0.0023391812865497076 0.0014388489208633094
2 0.11754385964912281 0.21402877697841727 0.0011695906432748538 0.0007194244604316547
2 0.10994152046783626 0.21618705035971222 0.007017543859649123 0.005035971223021582
2 0.18011695906432748 0.21366906474820144 0.0023391812865497076 0.0014388489208633094
2 0.019883040935672516 0.2133093525179856 0.0023391812865497076 0.0007194244604316547
2 0.0023391812865497076 0.2133093525179856 0.004678362573099415 0.0007194244604316547
2 0.147953216374269 0.21366906474820144 0.0035087719298245615 0.0028776978417266188
2 0.14327485380116958 0.2133093525179856 0.0035087719298245615 0.002158273381294964
2 0.28830409356725145 0.2118705035971223 0.0011695906432748538 0.0007194244604316547
2 0.1736842105263158 0.2118705035971223 0.0011695906432748538 0.0007194244604316547
2 0.011111111111111112 0.21258992805755395 0.0035087719298245615 0.002158273381294964
2 0.16140350877192983 0.2118705035971223 0.004678362573099415 0.002158273381294964
2 0.18771929824561404 0.21007194244604316 0.0035087719298245615 0.0014388489208633094
2 0.15730994152046784 0.21007194244604316 0.0011695906432748538 0.0014388489208633094
2 0.044444444444444446 0.21007194244604316 0.0023391812865497076 0.0014388489208633094
2 0.03391812865497076 0.21007194244604316 0.0023391812865497076 0.0014388489208633094
2 0.15087719298245614 0.20971223021582733 0.0023391812865497076 0.002158273381294964
2 0.12105263157894737 0.21007194244604316 0.0035087719298245615 0.0028776978417266188
2 0.012280701754385965 0.2089928057553957 0.0011695906432748538 0.0007194244604316547
2 0.17192982456140352 0.20755395683453237 0.0023391812865497076 0.0007194244604316547
2 0.03976608187134503 0.20827338129496403 0.0023391812865497076 0.002158273381294964
2 0.01695906432748538 0.20863309352517986 0.005847953216374269 0.0028776978417266188
2 0.14619883040935672 0.20575539568345325 0.0023391812865497076 0.0014388489208633094
2 0.10760233918128655 0.20971223021582733 0.023391812865497075 0.00935251798561151
2 0.15964912280701754 0.20467625899280575 0.0011695906432748538 0.0007194244604316547
2 0.09005847953216374 0.20467625899280575 0.0023391812865497076 0.0007194244604316547
2 0.04678362573099415 0.20503597122302158 0.004678362573099415 0.0014388489208633094
2 0.07953216374269007 0.21223021582733814 0.03508771929824561 0.01870503597122302
2 0.05497076023391813 0.2039568345323741 0.004678362573099415 0.002158273381294964
2 0.18128654970760233 0.20359712230215826 0.007017543859649123 0.004316546762589928
2 0.08362573099415205 0.2039568345323741 0.0035087719298245615 0.005035971223021582
2 0.0023391812865497076 0.2039568345323741 0.004678362573099415 0.005035971223021582
2 0.15497076023391812 0.20323741007194246 0.008187134502923977 0.006474820143884892
2 0.030994152046783626 0.2014388489208633 0.0035087719298245615 0.0028776978417266188
2 0.09590643274853801 0.20107913669064748 0.004678362573099415 0.0035971223021582736
2 0.14502923976608187 0.2 0.004678362573099415 0.0028776978417266188
2 0.026900584795321637 0.19892086330935252 0.0023391812865497076 0.0007194244604316547
2 0.00760233918128655 0.19928057553956835 0.0035087719298245615 0.0014388489208633094
2 0.09064327485380116 0.1985611510791367 0.0011695906432748538 0.0014388489208633094
2 0.015789473684210527 0.19964028776978418 0.005847953216374269 0.0035971223021582736
2 0.3304093567251462 0.1974820143884892 0.0011695906432748538 0.0007194244604316547
2 0.17953216374269007 0.19820143884892086 0.0035087719298245615 0.002158273381294964
2 0.16666666666666666 0.2 0.012865497076023392 0.007194244604316547
2 0.05087719298245614 0.1974820143884892 0.0035087719298245615 0.002158273381294964
2 0.03274853801169591 0.19784172661870503 0.004678362573099415 0.0028776978417266188
2 0.17134502923976608 0.19640287769784173 0.0011695906432748538 0.0014388489208633094
2 0.06315789473684211 0.19676258992805756 0.004678362573099415 0.0035971223021582736
2 0.05555555555555555 0.19640287769784173 0.0035087719298245615 0.0028776978417266188
2 0.1567251461988304 0.1960431654676259 0.004678362573099415 0.0035971223021582736
2 0.15087719298245614 0.19424460431654678 0.0023391812865497076 0.0014388489208633094
2 0.14444444444444443 0.19388489208633095 0.0011695906432748538 0.0007194244604316547
2 0.08304093567251462 0.1949640287769784 0.007017543859649123 0.0028776978417266188
2 0.11052631578947368 0.1985611510791367 0.019883040935672516 0.011510791366906475
2 0.28128654970760236 0.19316546762589928 0.0035087719298245615 0.002158273381294964
2 0.1672514619883041 0.19316546762589928 0.004678362573099415 0.002158273381294964
2 0.07368421052631578 0.19244604316546762 0.0023391812865497076 0.002158273381294964
2 0.009941520467836258 0.1920863309352518 0.0035087719298245615 0.0014388489208633094
2 0.28654970760233917 0.19172661870503596 0.0023391812865497076 0.002158273381294964
2 0.15964912280701754 0.1920863309352518 0.0035087719298245615 0.0028776978417266188
2 0.15380116959064327 0.19136690647482013 0.0011695906432748538 0.0014388489208633094
2 0.004678362573099415 0.1949640287769784 0.00935672514619883 0.008633093525179856
2 0.12690058479532162 0.19028776978417267 0.0011695906432748538 0.0007194244604316547
2 0.06140350877192982 0.1920863309352518 0.0035087719298245615 0.004316546762589928
2 0.05146198830409357 0.19028776978417267 0.00935672514619883 0.0035971223021582736
2 0.18538011695906434 0.1884892086330935 0.0035087719298245615 0.0014388489208633094
2 0.017543859649122806 0.1881294964028777 0.0023391812865497076 0.0007194244604316547
2 0.2064327485380117 0.19892086330935252 0.019883040935672516 0.023741007194244605
2 0.011111111111111112 0.18741007194244605 0.0011695906432748538 0.0007194244604316547
2 0.0011695906432748538 0.18741007194244605 0.0023391812865497076 0.0007194244604316547
2 0.2608187134502924 0.1866906474820144 0.0023391812865497076 0.0007194244604316547
2 0.029239766081871343 0.1906474820143885 0.028070175438596492 0.008633093525179856
2 0.16666666666666666 0.18633093525179856 0.005847953216374269 0.004316546762589928
2 0.02046783625730994 0.18489208633093526 0.0035087719298245615 0.0014388489208633094
2 0.028070175438596492 0.18489208633093526 0.00935672514619883 0.004316546762589928
2 0.1567251461988304 0.18273381294964028 0.0023391812865497076 0.0014388489208633094
2 0.04327485380116959 0.1830935251798561 0.014035087719298246 0.0035971223021582736
2 0.05380116959064327 0.18129496402877698 0.004678362573099415 0.0014388489208633094
2 0.021637426900584796 0.1802158273381295 0.0035087719298245615 0.002158273381294964
2 0.11929824561403508 0.17913669064748203 0.0023391812865497076 0.0014388489208633094
2 0.009941520467836258 0.17805755395683454 0.0035087719298245615 0.002158273381294964
2 0.1608187134502924 0.1776978417266187 0.0035087719298245615 0.0028776978417266188
2 0.1409356725146199 0.17733812949640287 0.005847953216374269 0.002158273381294964
2 0.10701754385964912 0.18525179856115107 0.02456140350877193 0.017985611510791366
2 0.03976608187134503 0.17733812949640287 0.007017543859649123 0.002158273381294964
2 0.14853801169590644 0.17625899280575538 0.0023391812865497076 0.0014388489208633094
2 0.03333333333333333 0.17625899280575538 0.0035087719298245615 0.0014388489208633094
2 0.1239766081871345 0.17553956834532375 0.0023391812865497076 0.0014388489208633094
2 0.0017543859649122807 0.17446043165467626 0.0035087719298245615 0.0007194244604316547
2 0.17017543859649123 0.1748201438848921 0.0035087719298245615 0.0028776978417266188
2 0.15029239766081873 0.1737410071942446 0.0011695906432748538 0.0007194244604316547
2 0.1286549707602339 0.1737410071942446 0.0023391812865497076 0.0007194244604316547
2 0.11461988304093568 0.17410071942446043 0.004678362573099415 0.0014388489208633094
2 0.07543859649122807 0.1737410071942446 0.0011695906432748538 0.0007194244604316547
2 0.14619883040935672 0.1723021582733813 0.0023391812865497076 0.0007194244604316547
2 0.2222222222222222 0.17338129496402876 0.00935672514619883 0.004316546762589928
2 0.023976608187134502 0.17194244604316547 0.0011695906432748538 0.0014388489208633094
2 0.043859649122807015 0.1723021582733813 0.005847953216374269 0.0035971223021582736
2 0.16666666666666666 0.17014388489208634 0.0011695906432748538 0.0007194244604316547
2 0.15730994152046784 0.17446043165467626 0.010526315789473684 0.00935251798561151
2 0.017543859649122806 0.17050359712230215 0.0023391812865497076 0.0014388489208633094
2 0.09005847953216374 0.17589928057553958 0.023391812865497075 0.013669064748201438
2 0.14035087719298245 0.17050359712230215 0.007017543859649123 0.004316546762589928
2 0.09590643274853801 0.1683453237410072 0.0023391812865497076 0.0014388489208633094
2 0.07134502923976609 0.17014388489208634 0.007017543859649123 0.006474820143884892
2 0.012280701754385965 0.16798561151079136 0.0035087719298245615 0.002158273381294964
2 0.2771929824561403 0.1669064748201439 0.0023391812865497076 0.0014388489208633094
2 0.025146198830409357 0.1669064748201439 0.0035087719298245615 0.0014388489208633094
2 0.12456140350877193 0.1658273381294964 0.0011695906432748538 0.0007194244604316547
2 0.08947368421052632 0.16510791366906474 0.0011695906432748538 0.0007194244604316547
2 0.2415204678362573 0.1658273381294964 0.005847953216374269 0.0035971223021582736
2 0.11754385964912281 0.16654676258992807 0.012865497076023392 0.007913669064748202
2 0.03216374269005848 0.1629496402877698 0.0011695906432748538 0.0007194244604316547
2 0.00935672514619883 0.1629496402877698 0.0023391812865497076 0.0007194244604316547
2 0.156140350877193 0.16654676258992807 0.012865497076023392 0.00935251798561151
2 0.14502923976608187 0.16402877697841728 0.007017543859649123 0.004316546762589928
2 0.0035087719298245615 0.16402877697841728 0.007017543859649123 0.004316546762589928
2 0.21812865497076023 0.16079136690647483 0.0035087719298245615 0.002158273381294964
2 0.20058479532163742 0.160431654676259 0.0035087719298245615 0.0014388489208633094
2 0.11578947368421053 0.16079136690647483 0.0023391812865497076 0.002158273381294964
2 0.06315789473684211 0.17410071942446043 0.011695906432748537 0.02877697841726619
2 0.01695906432748538 0.160431654676259 0.0035087719298245615 0.0014388489208633094
2 0.00760233918128655 0.15899280575539568 0.0011695906432748538 0.0014388489208633094
2 0.19005847953216373 0.15971223021582734 0.005847953216374269 0.004316546762589928
2 0.14619883040935672 0.15863309352517985 0.0023391812865497076 0.002158273381294964
2 0.02631578947368421 0.15863309352517985 0.0035087719298245615 0.002158273381294964
2 0.15906432748538013 0.15755395683453238 0.0023391812865497076 0.0014388489208633094
2 0.09415204678362574 0.16115107913669063 0.022222222222222223 0.008633093525179856
2 0.16608187134502925 0.15755395683453238 0.004678362573099415 0.0028776978417266188
2 0.0011695906432748538 0.15683453237410072 0.0023391812865497076 0.0014388489208633094
2 0.05555555555555555 0.1564748201438849 0.0011695906432748538 0.002158273381294964
2 0.15263157894736842 0.1579136690647482 0.005847953216374269 0.006474820143884892
2 0.2970760233918129 0.15431654676258993 0.0023391812865497076 0.0007194244604316547
2 0.1391812865497076 0.15467625899280577 0.0023391812865497076 0.0014388489208633094
2 0.0304093567251462 0.1539568345323741 0.0023391812865497076 0.0028776978417266188
2 0.014619883040935672 0.15323741007194244 0.0035087719298245615 0.0014388489208633094
2 0.15906432748538013 0.15215827338129495 0.0023391812865497076 0.0007194244604316547
2 0.1912280701754386 0.15215827338129495 0.005847953216374269 0.002158273381294964
2 0.17894736842105263 0.15179856115107915 0.0023391812865497076 0.0014388489208633094
2 0.14678362573099416 0.15179856115107915 0.0035087719298245615 0.0014388489208633094
2 0.20818713450292398 0.15071942446043166 0.0023391812865497076 0.0007194244604316547
2 0.07076023391812865 0.15 0.0035087719298245615 0.002158273381294964
2 0.11871345029239766 0.15071942446043166 0.0035087719298245615 0.006474820143884892
2 0.02982456140350877 0.14892086330935253 0.0035087719298245615 0.0028776978417266188
2 0.13625730994152047 0.14712230215827338 0.0011695906432748538 0.0007194244604316547
2 0.06432748538011696 0.15179856115107915 0.007017543859649123 0.010071942446043165
2 0.06023391812865497 0.1474820143884892 0.005847953216374269 0.0028776978417266188
2 0.021637426900584796 0.14784172661870504 0.005847953216374269 0.0035971223021582736
2 0.11052631578947368 0.14640287769784172 0.0035087719298245615 0.002158273381294964
2 0.19005847953216373 0.14424460431654676 0.0011695906432748538 0.002158273381294964
2 0.19707602339181288 0.14316546762589927 0.0035087719298245615 0.0014388489208633094
2 0.15730994152046784 0.1420863309352518 0.0011695906432748538 0.0007194244604316547
2 0.14210526315789473 0.1420863309352518 0.0011695906432748538 0.0007194244604316547
2 0.030994152046783626 0.14280575539568346 0.010526315789473684 0.002158273381294964
2 0.12573099415204678 0.14136690647482014 0.0011695906432748538 0.0007194244604316547
2 0.17251461988304093 0.14136690647482014 0.0035087719298245615 0.002158273381294964
2 0.009941520467836258 0.14676258992805755 0.019883040935672516 0.014388489208633094
2 0.0011695906432748538 0.13956834532374102 0.0023391812865497076 0.0028776978417266188
2 0.14327485380116958 0.13848920863309352 0.0035087719298245615 0.002158273381294964
2 0.2222222222222222 0.13848920863309352 0.004678362573099415 0.0035971223021582736
2 0.18947368421052632 0.13741007194244603 0.004678362573099415 0.0014388489208633094
2 0.05380116959064327 0.13741007194244603 0.0023391812865497076 0.0014388489208633094
2 0.016374269005847954 0.13741007194244603 0.004678362573099415 0.0014388489208633094
2 0.20818713450292398 0.1366906474820144 0.0023391812865497076 0.0014388489208633094
2 0.07719298245614035 0.13741007194244603 0.004678362573099415 0.0028776978417266188
2 0.11812865497076024 0.13992805755395685 0.007017543859649123 0.00935251798561151
2 0.09298245614035087 0.1370503597122302 0.012865497076023392 0.0035971223021582736
2 0.21812865497076023 0.1356115107913669 0.0035087719298245615 0.002158273381294964
2 0.17485380116959065 0.13525179856115108 0.0035087719298245615 0.0014388489208633094
2 0.16666666666666666 0.13489208633093525 0.0011695906432748538 0.0007194244604316547
2 0.1111111111111111 0.13453237410071942 0.0023391812865497076 0.0014388489208633094
2 0.00760233918128655 0.1327338129496403 0.0011695906432748538 0.0007194244604316547
2 0.19298245614035087 0.13345323741007195 0.007017543859649123 0.0035971223021582736
2 0.18187134502923977 0.13129496402877697 0.0011695906432748538 0.0007194244604316547
2 0.16900584795321638 0.13129496402877697 0.0035087719298245615 0.002158273381294964
2 0.20350877192982456 0.1302158273381295 0.0023391812865497076 0.0014388489208633094
2 0.16198830409356726 0.13093525179856116 0.008187134502923977 0.0028776978417266188
2 0.14912280701754385 0.13093525179856116 0.005847953216374269 0.0028776978417266188
2 0.13450292397660818 0.12985611510791367 0.0023391812865497076 0.0007194244604316547
2 0.09824561403508772 0.1316546762589928 0.00935672514619883 0.004316546762589928
2 0.09005847953216374 0.12985611510791367 0.004678362573099415 0.002158273381294964
2 0.20058479532163742 0.12841726618705035 0.0011695906432748538 0.0007194244604316547
2 0.03274853801169591 0.12877697841726618 0.004678362573099415 0.0028776978417266188
2 0.2111111111111111 0.12769784172661872 0.005847953216374269 0.002158273381294964
2 0.11403508771929824 0.12805755395683452 0.0035087719298245615 0.0028776978417266188
2 0.3298245614035088 0.12553956834532373 0.0023391812865497076 0.0007194244604316547
2 0.09239766081871345 0.12661870503597122 0.004678362573099415 0.0028776978417266188
2 0.1567251461988304 0.12697841726618705 0.007017543859649123 0.005035971223021582
2 0.14678362573099416 0.12661870503597122 0.0152046783625731 0.0057553956834532375
2 0.12690058479532162 0.12877697841726618 0.019883040935672516 0.010071942446043165
2 0.1216374269005848 0.12482014388489208 0.004678362573099415 0.002158273381294964
2 0.02865497076023392 0.12553956834532373 0.005847953216374269 0.0035971223021582736
2 0.3333333333333333 0.1237410071942446 0.0023391812865497076 0.0014388489208633094
2 0.195906432748538 0.12553956834532373 0.010526315789473684 0.005035971223021582
2 0.18596491228070175 0.12446043165467625 0.004678362573099415 0.0028776978417266188
2 0.17309941520467836 0.12553956834532373 0.007017543859649123 0.005035971223021582
2 0.1649122807017544 0.1237410071942446 0.0023391812865497076 0.0014388489208633094
2 0.11578947368421053 0.12446043165467625 0.004678362573099415 0.0028776978417266188
2 0.20818713450292398 0.1237410071942446 0.004678362573099415 0.0028776978417266188
2 0.08187134502923976 0.12194244604316547 0.0023391812865497076 0.0007194244604316547
2 0.03391812865497076 0.12266187050359713 0.0023391812865497076 0.002158273381294964
2 0.17251461988304093 0.12122302158273382 0.0011695906432748538 0.0007194244604316547
2 0.14678362573099416 0.1223021582733813 0.005847953216374269 0.0028776978417266188
2 0.19473684210526315 0.12086330935251799 0.0011695906432748538 0.0014388489208633094
2 0.07719298245614035 0.12122302158273382 0.0023391812865497076 0.002158273381294964
2 0.13333333333333333 0.12086330935251799 0.016374269005847954 0.004316546762589928
2 0.09298245614035087 0.11906474820143885 0.0011695906432748538 0.0007194244604316547
2 0.0017543859649122807 0.1197841726618705 0.0035087719298245615 0.002158273381294964
2 0.2198830409356725 0.12014388489208633 0.007017543859649123 0.004316546762589928
2 0.11461988304093568 0.11834532374100719 0.0023391812865497076 0.0007194244604316547
2 0.12923976608187135 0.11798561151079137 0.005847953216374269 0.0014388489208633094
2 0.1871345029239766 0.11726618705035971 0.0023391812865497076 0.0014388489208633094
2 0.12105263157894737 0.11690647482014388 0.0035087719298245615 0.002158273381294964
2 0.09824561403508772 0.1158273381294964 0.0023391812865497076 0.0014388489208633094
2 0.0023391812865497076 0.11654676258992806 0.004678362573099415 0.0028776978417266188
2 0.3327485380116959 0.11510791366906475 0.0035087719298245615 0.0014388489208633094
2 0.1783625730994152 0.11474820143884892 0.0011695906432748538 0.0007194244604316547
2 0.13391812865497077 0.11474820143884892 0.0011695906432748538 0.0007194244604316547
2 0.10994152046783626 0.11546762589928057 0.0023391812865497076 0.002158273381294964
2 0.14327485380116958 0.11474820143884892 0.0035087719298245615 0.002158273381294964
2 0.1 0.11798561151079137 0.012865497076023392 0.010071942446043165
2 0.012865497076023392 0.1251798561151079 0.025730994152046785 0.02446043165467626
2 0.048538011695906436 0.12841726618705035 0.07602339181286549 0.03237410071942446
2 0.11929824561403508 0.110431654676259 0.0023391812865497076 0.0007194244604316547
2 0.09590643274853801 0.11294964028776978 0.004678362573099415 0.0057553956834532375
2 0.16900584795321638 0.11007194244604317 0.0011695906432748538 0.0014388489208633094
2 0.45555555555555555 0.11330935251798561 0.010526315789473684 0.00935251798561151
2 0.11403508771929824 0.1093525179856115 0.0011695906432748538 0.0014388489208633094
2 0.1023391812865497 0.11007194244604317 0.0035087719298245615 0.0028776978417266188
2 0.08771929824561403 0.11007194244604317 0.00935672514619883 0.007194244604316547
2 0.16432748538011696 0.10719424460431655 0.0035087719298245615 0.0028776978417266188
2 0.11812865497076024 0.10647482014388489 0.0023391812865497076 0.0014388489208633094
2 0.2736842105263158 0.10683453237410072 0.007017543859649123 0.0035971223021582736
2 0.10584795321637427 0.10611510791366907 0.0035087719298245615 0.002158273381294964
2 0.00760233918128655 0.10827338129496403 0.0152046783625731 0.006474820143884892
2 0.018128654970760234 0.10467625899280575 0.0011695906432748538 0.0007194244604316547
2 0.2649122807017544 0.10503597122302158 0.0035087719298245615 0.0028776978417266188
2 0.19883040935672514 0.10431654676258993 0.0023391812865497076 0.0014388489208633094
2 0.11461988304093568 0.10431654676258993 0.0023391812865497076 0.0014388489208633094
2 0.1 0.10467625899280575 0.0035087719298245615 0.002158273381294964
2 0.07543859649122807 0.10431654676258993 0.0035087719298245615 0.0014388489208633094
2 0.2801169590643275 0.1039568345323741 0.005847953216374269 0.002158273381294964
2 0.3280701754385965 0.10251798561151079 0.0011695906432748538 0.0007194244604316547
2 0.02982456140350877 0.10719424460431655 0.026900584795321637 0.010071942446043165
2 0.02456140350877193 0.10359712230215827 0.004678362573099415 0.0028776978417266188
2 0.16023391812865498 0.10287769784172662 0.00935672514619883 0.0028776978417266188
2 0.15146198830409358 0.10323741007194244 0.005847953216374269 0.0035971223021582736
2 0.008771929824561403 0.10251798561151079 0.008187134502923977 0.0035971223021582736
2 0.11169590643274854 0.10035971223021582 0.0011695906432748538 0.0007194244604316547
2 0.06783625730994151 0.10359712230215827 0.004678362573099415 0.007194244604316547
2 0.047953216374269005 0.10107913669064748 0.004678362573099415 0.002158273381294964
2 0.27251461988304093 0.10107913669064748 0.00935672514619883 0.005035971223021582
2 0.16198830409356726 0.09928057553956834 0.0035087719298245615 0.0014388489208633094
2 0.1152046783625731 0.09928057553956834 0.0035087719298245615 0.0014388489208633094
2 0.017543859649122806 0.09964028776978417 0.004678362573099415 0.002158273381294964
2 0.3321637426900585 0.09784172661870504 0.0023391812865497076 0.0014388489208633094
2 0.1280701754385965 0.0974820143884892 0.0011695906432748538 0.0007194244604316547
2 0.30350877192982456 0.09676258992805756 0.0035087719298245615 0.002158273381294964
2 0.312280701754386 0.0960431654676259 0.004678362573099415 0.005035971223021582
2 0.04736842105263158 0.09352517985611511 0.0035087719298245615 0.0014388489208633094
2 0.11637426900584795 0.09100719424460432 0.0035087719298245615 0.002158273381294964
2 0.10584795321637427 0.08992805755395683 0.0035087719298245615 0.0014388489208633094
2 0.3128654970760234 0.08920863309352518 0.0035087719298245615 0.0014388489208633094
2 0.29883040935672517 0.09136690647482014 0.012865497076023392 0.0057553956834532375
2 0.21578947368421053 0.08669064748201438 0.0011695906432748538 0.0007194244604316547
2 0.3280701754385965 0.08525179856115107 0.0035087719298245615 0.002158273381294964
2 0.10175438596491228 0.08489208633093526 0.004678362573099415 0.0028776978417266188
2 0.09473684210526316 0.08381294964028776 0.0023391812865497076 0.0007194244604316547
2 0.044444444444444446 0.0841726618705036 0.0023391812865497076 0.0014388489208633094
2 0.10818713450292397 0.08309352517985612 0.0035087719298245615 0.002158273381294964
2 0.06900584795321638 0.08992805755395683 0.007017543859649123 0.017266187050359712
2 0.3309941520467836 0.08129496402877698 0.0023391812865497076 0.0014388489208633094
2 0.09649122807017543 0.07949640287769784 0.0011695906432748538 0.0007194244604316547
2 0.03625730994152047 0.0802158273381295 0.007017543859649123 0.0035971223021582736
2 0.3216374269005848 0.07913669064748201 0.007017543859649123 0.0028776978417266188
2 0.28538011695906434 0.07805755395683453 0.0023391812865497076 0.0007194244604316547
2 0.046198830409356725 0.07877697841726619 0.0035087719298245615 0.002158273381294964
2 0.1783625730994152 0.07733812949640288 0.0035087719298245615 0.002158273381294964
2 0.07192982456140351 0.0776978417266187 0.0035087719298245615 0.0028776978417266188
2 0.25555555555555554 0.07589928057553957 0.0035087719298245615 0.002158273381294964
2 0.1608187134502924 0.07589928057553957 0.0035087719298245615 0.002158273381294964
2 0.1584795321637427 0.08525179856115107 0.029239766081871343 0.020863309352517987
2 0.3175438596491228 0.07446043165467627 0.0011695906432748538 0.0007194244604316547
2 0.06374269005847953 0.07625899280575539 0.005847953216374269 0.004316546762589928
2 0.025146198830409357 0.08669064748201438 0.050292397660818715 0.026618705035971222
2 0.11461988304093568 0.07446043165467627 0.0023391812865497076 0.0035971223021582736
2 0.10116959064327485 0.07661870503597122 0.022222222222222223 0.00935251798561151
2 0.02865497076023392 0.07482014388489208 0.010526315789473684 0.0057553956834532375
2 0.2608187134502924 0.07050359712230216 0.004678362573099415 0.0014388489208633094
2 0.16198830409356726 0.07122302158273382 0.0035087719298245615 0.0028776978417266188
2 0.03567251461988304 0.07050359712230216 0.0011695906432748538 0.0014388489208633094
2 0.3169590643274854 0.07122302158273382 0.00935672514619883 0.004316546762589928
2 0.2976608187134503 0.07194244604316546 0.010526315789473684 0.007194244604316547
2 0.2912280701754386 0.06798561151079137 0.0023391812865497076 0.002158273381294964
2 0.2994152046783626 0.06654676258992806 0.0023391812865497076 0.0007194244604316547
2 0.12222222222222222 0.07086330935251799 0.017543859649122806 0.01079136690647482
2 0.10701754385964912 0.06726618705035971 0.012865497076023392 0.005035971223021582
2 0.0695906432748538 0.0658273381294964 0.0035087719298245615 0.002158273381294964
2 0.17953216374269007 0.06474820143884892 0.0035087719298245615 0.0014388489208633094
2 0.1654970760233918 0.06474820143884892 0.0035087719298245615 0.0014388489208633094
2 0.03625730994152047 0.06546762589928058 0.0023391812865497076 0.0028776978417266188
2 0.11988304093567251 0.06366906474820144 0.0011695906432748538 0.0007194244604316547
2 0.04152046783625731 0.06402877697841726 0.0035087719298245615 0.0028776978417266188
2 0.15964912280701754 0.06115107913669065 0.0011695906432748538 0.0014388489208633094
2 0.15263157894736842 0.06151079136690647 0.0035087719298245615 0.002158273381294964
2 0.4608187134502924 0.06079136690647482 0.004678362573099415 0.002158273381294964
2 0.3327485380116959 0.060071942446043164 0.0011695906432748538 0.0007194244604316547
2 0.2994152046783626 0.06151079136690647 0.007017543859649123 0.0035971223021582736
2 0.20701754385964913 0.060431654676258995 0.0023391812865497076 0.0014388489208633094
2 0.21403508771929824 0.05971223021582734 0.0023391812865497076 0.0014388489208633094
2 0.29064327485380115 0.058992805755395686 0.0035087719298245615 0.0028776978417266188
2 0.13333333333333333 0.0802158273381295 0.0304093567251462 0.045323741007194246
2 0.16257309941520467 0.05827338129496403 0.00935672514619883 0.0028776978417266188
2 0.14327485380116958 0.057194244604316546 0.0011695906432748538 0.0007194244604316547
2 0.09532163742690059 0.0618705035971223 0.022222222222222223 0.010071942446043165
2 0.07543859649122807 0.0579136690647482 0.0035087719298245615 0.002158273381294964
2 0.11286549707602339 0.05611510791366906 0.0035087719298245615 0.0014388489208633094
2 0.05789473684210526 0.058633093525179855 0.008187134502923977 0.006474820143884892
2 0.1654970760233918 0.05467625899280575 0.0011695906432748538 0.0014388489208633094
2 0.07719298245614035 0.05431654676258993 0.0023391812865497076 0.0007194244604316547
2 0.06549707602339182 0.0618705035971223 0.011695906432748537 0.01870503597122302
2 0.09005847953216374 0.053597122302158275 0.011695906432748537 0.0035971223021582736
2 0.05906432748538012 0.05287769784172662 0.005847953216374269 0.002158273381294964
2 0.22573099415204678 0.05071942446043166 0.0023391812865497076 0.0007194244604316547
2 0.13976608187134504 0.05 0.0011695906432748538 0.0007194244604316547
2 0.05087719298245614 0.050359712230215826 0.0035087719298245615 0.0014388489208633094
2 0.147953216374269 0.050359712230215826 0.0035087719298245615 0.0028776978417266188
2 0.15497076023391812 0.048561151079136694 0.0011695906432748538 0.0007194244604316547
2 0.2970760233918129 0.05 0.007017543859649123 0.005035971223021582
2 0.06725146198830409 0.04928057553956835 0.005847953216374269 0.0035971223021582736
2 0.22456140350877193 0.046762589928057555 0.0023391812865497076 0.0014388489208633094
2 0.1865497076023392 0.046762589928057555 0.0011695906432748538 0.0014388489208633094
2 0.33157894736842103 0.046402877697841724 0.0035087719298245615 0.002158273381294964
2 0.1695906432748538 0.046402877697841724 0.0023391812865497076 0.002158273381294964
2 0.0783625730994152 0.04748201438848921 0.007017543859649123 0.008633093525179856
2 0.04327485380116959 0.046402877697841724 0.004678362573099415 0.006474820143884892
2 0.2198830409356725 0.04316546762589928 0.0023391812865497076 0.0014388489208633094
2 0.14327485380116958 0.044964028776978415 0.019883040935672516 0.006474820143884892
2 0.15146198830409358 0.04064748201438849 0.0011695906432748538 0.0007194244604316547
2 0.044444444444444446 0.04136690647482014 0.004678362573099415 0.002158273381294964
2 0.3140350877192982 0.039928057553956835 0.0035087719298245615 0.002158273381294964
2 0.3216374269005848 0.039928057553956835 0.004678362573099415 0.0035971223021582736
2 0.3309941520467836 0.03884892086330935 0.011695906432748537 0.004316546762589928
2 0.1567251461988304 0.03776978417266187 0.004678362573099415 0.002158273381294964
2 0.05555555555555555 0.03705035971223022 0.008187134502923977 0.0035971223021582736
2 0.19298245614035087 0.03525179856115108 0.0023391812865497076 0.0014388489208633094
2 0.1649122807017544 0.03597122302158273 0.004678362573099415 0.0028776978417266188
2 0.12982456140350876 0.03633093525179856 0.014035087719298246 0.0035971223021582736
2 0.048538011695906436 0.03597122302158273 0.0035087719298245615 0.0028776978417266188
2 0.31871345029239767 0.033453237410071945 0.0011695906432748538 0.0007194244604316547
2 0.10350877192982456 0.034892086330935254 0.005847953216374269 0.0035971223021582736
2 0.18830409356725147 0.03273381294964029 0.0023391812865497076 0.0007194244604316547
2 0.08011695906432749 0.03273381294964029 0.0011695906432748538 0.0007194244604316547
2 0.3134502923976608 0.031294964028776975 0.0023391812865497076 0.0007194244604316547
2 0.3263157894736842 0.033093525179856115 0.011695906432748537 0.0057553956834532375
2 0.1608187134502924 0.031294964028776975 0.0035087719298245615 0.002158273381294964
2 0.1456140350877193 0.03669064748201439 0.02456140350877193 0.012949640287769784
2 0.13508771929824562 0.030575539568345324 0.0011695906432748538 0.0007194244604316547
2 0.11929824561403508 0.031654676258992806 0.007017543859649123 0.004316546762589928
2 0.1543859649122807 0.02805755395683453 0.0023391812865497076 0.0014388489208633094
2 0.05263157894736842 0.027697841726618704 0.0023391812865497076 0.0007194244604316547
2 0.13333333333333333 0.027338129496402876 0.0023391812865497076 0.0014388489208633094
2 0.08947368421052632 0.04244604316546763 0.08538011695906433 0.031654676258992806
2 0.19415204678362574 0.026618705035971222 0.0023391812865497076 0.0014388489208633094
2 0.13742690058479531 0.02697841726618705 0.0035087719298245615 0.002158273381294964
2 0.17894736842105263 0.02553956834532374 0.0023391812865497076 0.002158273381294964
2 0.15789473684210525 0.02553956834532374 0.0023391812865497076 0.002158273381294964
2 0.14912280701754385 0.02553956834532374 0.0035087719298245615 0.002158273381294964
2 0.12631578947368421 0.027697841726618704 0.007017543859649123 0.006474820143884892
2 0.3175438596491228 0.02410071942446043 0.0011695906432748538 0.0007194244604316547
2 0.09298245614035087 0.024820143884892086 0.0035087719298245615 0.002158273381294964
2 0.29239766081871343 0.023741007194244605 0.011695906432748537 0.0028776978417266188
2 0.2818713450292398 0.022661870503597123 0.004678362573099415 0.002158273381294964
2 0.06198830409356725 0.022302158273381296 0.0023391812865497076 0.0014388489208633094
2 0.20175438596491227 0.02158273381294964 0.0035087719298245615 0.0014388489208633094
2 0.0847953216374269 0.023741007194244605 0.012865497076023392 0.0057553956834532375
2 0.07134502923976609 0.021223021582733814 0.0023391812865497076 0.0007194244604316547
2 0.30467836257309944 0.020863309352517987 0.008187134502923977 0.0014388489208633094
2 0.2976608187134503 0.02050359712230216 0.0011695906432748538 0.0007194244604316547
2 0.0152046783625731 0.021223021582733814 0.004678362573099415 0.002158273381294964
2 0.1608187134502924 0.02158273381294964 0.005847953216374269 0.004316546762589928
2 0.0935672514619883 0.02014388489208633 0.0023391812865497076 0.0014388489208633094
2 0.08011695906432749 0.02014388489208633 0.0035087719298245615 0.0014388489208633094
2 0.1976608187134503 0.019424460431654675 0.004678362573099415 0.0014388489208633094
2 0.32339181286549706 0.018345323741007193 0.0011695906432748538 0.0007194244604316547
2 0.16842105263157894 0.02302158273381295 0.014035087719298246 0.010071942446043165
2 0.1368421052631579 0.01870503597122302 0.0023391812865497076 0.0014388489208633094
2 0.022222222222222223 0.019784172661870502 0.007017543859649123 0.006474820143884892
2 0.28713450292397663 0.017266187050359712 0.005847953216374269 0.0028776978417266188
2 0.21871345029239767 0.017266187050359712 0.004678362573099415 0.0028776978417266188
2 0.18771929824561404 0.019424460431654675 0.010526315789473684 0.007194244604316547
2 0.15730994152046784 0.015827338129496403 0.0035087719298245615 0.0014388489208633094
2 0.17309941520467836 0.015107913669064749 0.004678362573099415 0.0014388489208633094
2 0.19005847953216373 0.014028776978417265 0.0035087719298245615 0.002158273381294964
2 0.07953216374269007 0.015827338129496403 0.011695906432748537 0.0057553956834532375
2 0.11052631578947368 0.02302158273381295 0.031578947368421054 0.02158273381294964
2 0.14853801169590644 0.012589928057553957 0.0023391812865497076 0.002158273381294964
2 0.13859649122807016 0.012589928057553957 0.0011695906432748538 0.002158273381294964
2 0.32514619883040935 0.011870503597122302 0.004678362573099415 0.002158273381294964
2 0.12923976608187135 0.01223021582733813 0.0035087719298245615 0.0028776978417266188
2 0.1152046783625731 0.01223021582733813 0.0035087719298245615 0.0028776978417266188
2 0.09532163742690059 0.012949640287769784 0.010526315789473684 0.004316546762589928
2 0.1760233918128655 0.011510791366906475 0.0035087719298245615 0.0028776978417266188
2 0.1584795321637427 0.010431654676258994 0.0011695906432748538 0.0007194244604316547
2 0.2847953216374269 0.009712230215827337 0.0011695906432748538 0.0007194244604316547
2 0.2543859649122807 0.010071942446043165 0.0035087719298245615 0.0014388489208633094
2 0.21403508771929824 0.014388489208633094 0.01871345029239766 0.010071942446043165
2 0.08304093567251462 0.010431654676258994 0.004678362573099415 0.002158273381294964
2 0.15321637426900586 0.00935251798561151 0.0023391812865497076 0.0014388489208633094
2 0.19181286549707602 0.00935251798561151 0.007017543859649123 0.0028776978417266188
2 0.1415204678362573 0.008273381294964029 0.0023391812865497076 0.0007194244604316547
2 0.03625730994152047 0.04136690647482014 0.07251461988304093 0.06690647482014389
2 0.32046783625730996 0.007913669064748202 0.0023391812865497076 0.0014388489208633094
2 0.312280701754386 0.009712230215827337 0.004678362573099415 0.005035971223021582
2 0.23333333333333334 0.008273381294964029 0.005847953216374269 0.002158273381294964
2 0.21578947368421053 0.007553956834532374 0.0011695906432748538 0.0007194244604316547
2 0.11754385964912281 0.007553956834532374 0.0011695906432748538 0.0007194244604316547
2 0.10058479532163743 0.008273381294964029 0.007017543859649123 0.002158273381294964
2 0.22631578947368422 0.006115107913669065 0.0011695906432748538 0.0007194244604316547
2 0.2023391812865497 0.007553956834532374 0.00935672514619883 0.0035971223021582736
2 0.17076023391812867 0.006474820143884892 0.0023391812865497076 0.0014388489208633094
2 0.1567251461988304 0.006474820143884892 0.004678362573099415 0.0014388489208633094
2 0.13157894736842105 0.006834532374100719 0.005847953216374269 0.002158273381294964
2 0.28654970760233917 0.006115107913669065 0.004678362573099415 0.002158273381294964
2 0.18128654970760233 0.0057553956834532375 0.0023391812865497076 0.0014388489208633094
2 0.1742690058479532 0.00539568345323741 0.0023391812865497076 0.0007194244604316547
2 0.19005847953216373 0.00539568345323741 0.0035087719298245615 0.002158273381294964
2 0.21169590643274855 0.00539568345323741 0.004678362573099415 0.0035971223021582736
2 0.10116959064327485 0.004676258992805755 0.012865497076023392 0.002158273381294964
2 0.1953216374269006 0.004676258992805755 0.004678362573099415 0.0035971223021582736
2 0.14444444444444443 0.0035971223021582736 0.0035087719298245615 0.0014388489208633094
2 0.2982456140350877 0.004316546762589928 0.007017543859649123 0.004316546762589928
2 0.21578947368421053 0.0028776978417266188 0.0011695906432748538 0.0014388489208633094
2 0.13742690058479531 0.0028776978417266188 0.0035087719298245615 0.0014388489208633094
2 0.08596491228070176 0.003956834532374101 0.005847953216374269 0.0035971223021582736
2 0.0011695906432748538 0.0035971223021582736 0.0023391812865497076 0.0028776978417266188
2 0.16608187134502925 0.002517985611510791 0.004678362573099415 0.002158273381294964
2 0.6730994152046783 0.001079136690647482 0.0011695906432748538 0.002158273381294964
2 0.5 0.5 1.0 1.0
2 0.30760233918128654 0.0007194244604316547 0.004678362573099415 0.0014388489208633094
2 0.2783625730994152 0.001079136690647482 0.004678362573099415 0.002158273381294964
2 0.2608187134502924 0.008992805755395683 0.023391812865497075 0.017985611510791366
2 0.2573099415204678 0.00035971223021582735 0.0023391812865497076 0.0007194244604316547
2 0.21461988304093568 0.00035971223021582735 0.0011695906432748538 0.0007194244604316547
2 0.20701754385964913 0.00035971223021582735 0.0023391812865497076 0.0007194244604316547
2 0.18947368421052632 0.0017985611510791368 0.014035087719298246 0.0035971223021582736
2 0.15497076023391812 0.001079136690647482 0.005847953216374269 0.002158273381294964
2 0.14035087719298245 0.0007194244604316547 0.0023391812865497076 0.0014388489208633094
2 0.1304093567251462 0.003237410071942446 0.012865497076023392 0.006474820143884892
2 0.12514619883040937 0.001079136690647482 0.004678362573099415 0.002158273381294964
2 0.11637426900584795 0.0007194244604316547 0.0035087719298245615 0.0014388489208633094
2 0.10409356725146199 0.0007194244604316547 0.0023391812865497076 0.0014388489208633094
2 0.07894736842105263 0.0017985611510791368 0.0035087719298245615 0.0035971223021582736
2 0.06491228070175438 0.00539568345323741 0.031578947368421054 0.01079136690647482
2 0.025730994152046785 0.014388489208633094 0.05146198830409357 0.02877697841726619
2 0.010526315789473684 0.0007194244604316547 0.0023391812865497076 0.0014388489208633094