2 0.8975225225225225 0.978 0.038288288288288286 0.012
2 0.9448198198198198 0.974 0.02027027027027027 0.008
2 0.7342342342342343 0.975 0.02702702702702703 0.01
2 0.7837837837837838 0.973 0.04954954954954955 0.018
2 0.8997747747747747 0.965 0.006756756756756757 0.006
2 0.9042792792792793 0.95 0.006756756756756757 0.008
2 0.8941441441441441 0.95 0.0045045045045045045 0.008
2 0.7623873873873874 0.953 0.02927927927927928 0.014
2 0.6272522522522522 0.94 0.20945945945945946 0.012
2 0.7578828828828829 0.937 0.006756756756756757 0.01
2 0.8986486486486487 0.924 0.0045045045045045045 0.004
2 0.8772522522522522 0.881 0.006756756756756757 0.01
2 0.8018018018018018 0.87 0.0045045045045045045 0.004
2 0.8682432432432432 0.841 0.02027027027027027 0.066
2 0.8130630630630631 0.833 0.013513513513513514 0.05
2 0.3738738738738739 0.785 0.0045045045045045045 0.006
2 0.37725225225225223 0.683 0.0022522522522522522 0.002
2 0.6373873873873874 0.684 0.23423423423423423 0.064
2 0.4527027027027027 0.653 0.0045045045045045045 0.006
2 0.44707207207207206 0.628 0.01126126126126126 0.04
2 0.41103603603603606 0.617 0.006756756756756757 0.026
2 0.30405405405405406 0.507 0.14414414414414414 0.046
2 0.3885135135135135 0.561 0.015765765765765764 0.174
2 0.6148648648648649 0.386 0.0045045045045045045 0.024
2 0.3963963963963964 0.345 0.009009009009009009 0.002
2 0.7882882882882883 0.319 0.0045045045045045045 0.002
2 0.884009009009009 0.251 0.01126126126126126 0.01
2 0.8040540540540541 0.249 0.018018018018018018 0.018
2 0.8153153153153153 0.222 0.0045045045045045045 0.012
2 0.7488738738738738 0.211 0.0022522522522522522 0.002
2 0.7511261261261262 0.207 0.0022522522522522522 0.002
2 0.8186936936936937 0.206 0.0022522522522522522 0.012
2 0.8738738738738738 0.214 0.009009009009009009 0.032
2 0.4966216216216216 0.447 0.9932432432432432 0.894