2 0.12988826815642457 0.7360335195530726 0.025139664804469275 0.027932960893854747
2 0.1361731843575419 0.6752793296089385 0.0013966480446927375 0.0013966480446927375
2 0.13477653631284917 0.6717877094972067 0.0013966480446927375 0.002793296089385475
2 0.14874301675977653 0.6682960893854749 0.0013966480446927375 0.0013966480446927375
2 0.13058659217877094 0.6668994413407822 0.0013966480446927375 0.0013966480446927375
2 0.15921787709497207 0.6634078212290503 0.002793296089385475 0.002793296089385475
2 0.14455307262569833 0.6613128491620112 0.0013966480446927375 0.0013966480446927375
2 0.29120111731843573 0.6585195530726257 0.009776536312849162 0.006983240223463687
2 0.1564245810055866 0.6578212290502793 0.00558659217877095 0.00558659217877095
2 0.17318435754189945 0.6536312849162011 0.008379888268156424 0.00558659217877095
2 0.12150837988826815 0.6529329608938548 0.002793296089385475 0.004189944134078212
2 0.164804469273743 0.6550279329608939 0.008379888268156424 0.0111731843575419
2 0.16899441340782123 0.6473463687150838 0.002793296089385475 0.0013966480446927375
2 0.2772346368715084 0.6473463687150838 0.0013966480446927375 0.004189944134078212
2 0.1941340782122905 0.6466480446927374 0.002793296089385475 0.002793296089385475
2 0.18854748603351956 0.6480446927374302 0.00558659217877095 0.00558659217877095
2 0.1180167597765363 0.645949720670391 0.0013966480446927375 0.0013966480446927375
2 0.1829608938547486 0.6403631284916201 0.002793296089385475 0.004189944134078212
2 0.1564245810055866 0.6396648044692738 0.002793296089385475 0.002793296089385475
2 0.20391061452513967 0.6375698324022346 0.00558659217877095 0.004189944134078212
2 0.19343575418994413 0.6375698324022346 0.006983240223463687 0.006983240223463687
2 0.15363128491620112 0.6347765363128491 0.002793296089385475 0.0013966480446927375
2 0.16410614525139663 0.6347765363128491 0.0013966480446927375 0.004189944134078212
2 0.07681564245810056 0.6494413407821229 0.055865921787709494 0.0335195530726257
2 0.20041899441340782 0.63268156424581 0.0013966480446927375 0.002793296089385475
2 0.1717877094972067 0.6312849162011173 0.002793296089385475 0.002793296089385475
2 0.6068435754189944 0.6291899441340782 0.004189944134078212 0.0013966480446927375
2 0.5977653631284916 0.6291899441340782 0.002793296089385475 0.0013966480446927375
2 0.15013966480446927 0.6291899441340782 0.0013966480446927375 0.0013966480446927375
2 0.5761173184357542 0.6291899441340782 0.009776536312849162 0.004189944134078212
2 0.1585195530726257 0.6277932960893855 0.0013966480446927375 0.0013966480446927375
2 0.22206703910614525 0.6277932960893855 0.00558659217877095 0.004189944134078212
2 0.2122905027932961 0.6270949720670391 0.002793296089385475 0.002793296089385475
2 0.16899441340782123 0.6270949720670391 0.002793296089385475 0.002793296089385475
2 0.625 0.6256983240223464 0.004189944134078212 0.00558659217877095
2 0.2297486033519553 0.6236033519553073 0.004189944134078212 0.004189944134078212
2 0.16550279329608938 0.6215083798882681 0.0013966480446927375 0.002793296089385475
2 0.5160614525139665 0.6208100558659218 0.006983240223463687 0.004189944134078212
2 0.6745810055865922 0.6187150837988827 0.00558659217877095 0.002793296089385475
2 0.505586592178771 0.6180167597765364 0.002793296089385475 0.0013966480446927375
2 0.6026536312849162 0.6180167597765364 0.05726256983240224 0.006983240223463687
2 0.24231843575418993 0.6152234636871509 0.0013966480446927375 0.0013966480446927375
2 0.2360335195530726 0.6145251396648045 0.00558659217877095 0.002793296089385475
2 0.18435754189944134 0.6180167597765364 0.008379888268156424 0.012569832402234637
2 0.20460893854748605 0.6103351955307262 0.004189944134078212 0.002793296089385475
2 0.5502793296089385 0.7751396648044693 0.835195530726257 0.33519553072625696
2 0.19553072625698323 0.6103351955307262 0.00558659217877095 0.008379888268156424
2 0.21997206703910616 0.6054469273743017 0.0013966480446927375 0.0013966480446927375
2 0.4776536312849162 0.6047486033519553 0.0111731843575419 0.008379888268156424
2 0.6794692737430168 0.6047486033519553 0.046089385474860335 0.013966480446927373
2 0.21508379888268156 0.5991620111731844 0.00558659217877095 0.008379888268156424
2 0.24022346368715083 0.590782122905028 0.002793296089385475 0.002793296089385475
2 0.23393854748603352 0.5858938547486033 0.004189944134078212 0.0013966480446927375
2 0.5384078212290503 0.6068435754189944 0.06005586592178771 0.046089385474860335
2 0.055865921787709494 0.6187150837988827 0.08100558659217877 0.06983240223463687
2 0.47067039106145253 0.5872905027932961 0.00558659217877095 0.015363128491620111
2 0.6738826815642458 0.577513966480447 0.0013966480446927375 0.0013966480446927375
2 0.6424581005586593 0.5998603351955307 0.019553072625698324 0.051675977653631286
2 0.7241620111731844 0.5796089385474861 0.015363128491620111 0.05027932960893855
2 0.18994413407821228 0.5237430167597765 0.019553072625698324 0.0111731843575419
2 0.21508379888268156 0.5104748603351955 0.027932960893854747 0.015363128491620111
2 0.5621508379888268 0.4818435754189944 0.5460893854748603 0.22346368715083798
2 0.06354748603351955 0.33589385474860334 0.012569832402234637 0.018156424581005588
2 0.0824022346368715 0.3303072625698324 0.019553072625698324 0.018156424581005588
2 0.1005586592178771 0.3261173184357542 0.019553072625698324 0.018156424581005588
2 0.05726256983240224 0.3149441340782123 0.019553072625698324 0.018156424581005588
2 0.164804469273743 0.43645251396648044 0.3100558659217877 0.26675977653631283
2 0.07402234636871509 0.3079608938547486 0.019553072625698324 0.018156424581005588
2 0.1424581005586592 0.3121508379888268 0.05865921787709497 0.03212290502793296
2 0.09287709497206705 0.30377094972067037 0.018156424581005588 0.018156424581005588
2 0.17807262569832402 0.3009776536312849 0.015363128491620111 0.018156424581005588
2 0.02094972067039106 0.3023743016759777 0.04189944134078212 0.02094972067039106
2 0.10963687150837989 0.2981843575418994 0.018156424581005588 0.018156424581005588
2 0.125 0.29329608938547486 0.015363128491620111 0.019553072625698324
2 0.1403631284916201 0.28910614525139666 0.018156424581005588 0.01675977653631285
2 0.1627094972067039 0.28212290502793297 0.018156424581005588 0.01675977653631285
2 0.18156424581005587 0.2772346368715084 0.01675977653631285 0.018156424581005588
2 0.19483240223463688 0.2723463687150838 0.015363128491620111 0.01675977653631285
2 0.20810055865921787 0.26885474860335196 0.01675977653631285 0.015363128491620111
2 0.018156424581005588 0.26885474860335196 0.036312849162011177 0.06284916201117319
2 0.952513966480447 0.2032122905027933 0.00558659217877095 0.012569832402234637
2 0.1696927374301676 0.21438547486033518 0.06284916201117319 0.03770949720670391
2 0.1627094972067039 0.19553072625698323 0.06005586592178771 0.025139664804469275
2 0.9427374301675978 0.17807262569832402 0.025139664804469275 0.012569832402234637
2 0.21997206703910616 0.09776536312849161 0.006983240223463687 0.00558659217877095
2 0.21368715083798884 0.09008379888268156 0.027932960893854747 0.012569832402234637
2 0.20949720670391062 0.06634078212290503 0.0335195530726257 0.03212290502793296
2 0.5796089385474861 0.15782122905027932 0.7821229050279329 0.3016759776536313
2 0.3344972067039106 0.0013966480446927375 0.009776536312849162 0.002793296089385475
2 0.3149441340782123 0.002793296089385475 0.015363128491620111 0.00558659217877095
2 0.29608938547486036 0.004189944134078212 0.013966480446927373 0.008379888268156424
2 0.27304469273743015 0.00558659217877095 0.012569832402234637 0.0111731843575419
2 0.2541899441340782 0.006284916201117319 0.01675977653631285 0.012569832402234637
2 0.23533519553072627 0.006983240223463687 0.004189944134078212 0.013966480446927373