2 0.56 0.89 0.06 0.025
2 0.43875 0.81875 0.0125 0.0025
2 0.39375 0.83625 0.1325 0.0475
2 0.53625 0.8325 0.1475 0.06
2 0.31625 0.77125 0.0125 0.0075
2 0.765 0.77 0.025 0.085
2 0.54 0.735 0.02 0.015
2 0.55375 0.77125 0.0325 0.0925
2 0.58375 0.72625 0.0075 0.0075
2 0.54375 0.705 0.0275 0.01
2 0.52 0.70125 0.01 0.0125
2 0.6125 0.72375 0.01 0.0625
2 0.3675 0.72 0.05 0.065
2 0.61125 0.68375 0.0025 0.0025
2 0.56625 0.68375 0.0025 0.0025
2 0.57875 0.68 0.0025 0.005
2 0.74625 0.6775 0.0125 0.02
2 0.37125 0.675 0.0475 0.015
2 0.54 0.655 0.075 0.015
2 0.37875 0.645 0.0375 0.04
2 0.54 0.59625 0.055 0.0075
2 0.50375 0.59625 0.0125 0.0075
2 0.5875 0.62875 0.04 0.0925
2 0.375 0.60125 0.045 0.0375
2 0.375 0.56 0.045 0.04
2 0.5675 0.54 0.01 0.005
2 0.555 0.53625 0.01 0.0025
2 0.53375 0.5325 0.0225 0.005
2 0.37625 0.51875 0.0375 0.0375
2 0.565 0.48375 0.015 0.0075
2 0.5025 0.4775 0.005 0.005
2 0.545 0.475 0.01 0.005
2 0.36875 0.47875 0.0425 0.0375
2 0.57125 0.43875 0.0075 0.0075
2 0.525 0.43625 0.005 0.0025
2 0.54375 0.43625 0.0275 0.0075
2 0.51125 0.43375 0.0175 0.0075
2 0.3775 0.44 0.045 0.03
2 0.5475 0.41 0.005 0.005
2 0.355 0.41 0.005 0.005
2 0.48375 0.4075 0.0125 0.005
2 0.47125 0.40625 0.0025 0.0025
2 0.42375 0.18375 0.0075 0.0075
2 0.43125 0.17625 0.0025 0.0025
2 0.36375 0.13375 0.0025 0.0025
2 0.4825 0.12375 0.005 0.0125
2 0.44 0.0875 0.005 0.01
2 0.48 0.09125 0.015 0.0225
2 0.37125 0.09625 0.0075 0.0425
2 0.4625 0.24125 0.275 0.3575