2 0.6556795131845842 0.9925 0.07809330628803246 0.015
2 0.49898580121703856 0.9925 0.060851926977687626 0.015
2 0.6146044624746451 0.9808333333333333 0.004056795131845842 0.005
2 0.5015212981744422 0.98 0.013184584178498986 0.0033333333333333335
2 0.6343813387423936 0.9566666666666667 0.0030425963488843813 0.0033333333333333335
2 0.6222109533468559 0.9591666666666666 0.011156186612576065 0.015
2 0.6288032454361054 0.9466666666666667 0.008113590263691683 0.006666666666666667
2 0.678498985801217 0.9425 0.08519269776876268 0.035
2 0.6901622718052738 0.9241666666666667 0.0010141987829614604 0.0016666666666666668
2 0.40212981744421905 0.4558333333333333 0.0030425963488843813 0.0016666666666666668
2 0.6049695740365112 0.44583333333333336 0.0010141987829614604 0.0016666666666666668
2 0.5005070993914807 0.45166666666666666 0.14503042596348883 0.013333333333333334
2 0.5780933062880325 0.4475 0.004056795131845842 0.011666666666666667
2 0.6044624746450304 0.4325 0.002028397565922921 0.005
2 0.5897565922920892 0.4191666666666667 0.0010141987829614604 0.005
2 0.4117647058823529 0.4166666666666667 0.004056795131845842 0.006666666666666667
2 0.609026369168357 0.43833333333333335 0.007099391480730223 0.056666666666666664
2 0.4279918864097363 0.4166666666666667 0.004056795131845842 0.016666666666666666
2 0.6196754563894523 0.41 0.006085192697768763 0.013333333333333334
2 0.6024340770791075 0.3875 0.002028397565922921 0.005
2 0.6064908722109533 0.3858333333333333 0.002028397565922921 0.005
2 0.5512170385395537 0.4091666666666667 0.017241379310344827 0.055
2 0.45588235294117646 0.4058333333333333 0.019269776876267748 0.058333333333333334
2 0.4411764705882353 0.4033333333333333 0.018255578093306288 0.07
2 0.7961460446247465 0.33166666666666667 0.002028397565922921 0.0033333333333333335
2 0.52079107505071 0.32166666666666666 0.0030425963488843813 0.01
2 0.77079107505071 0.31 0.002028397565922921 0.0033333333333333335
2 0.609026369168357 0.3075 0.0010141987829614604 0.0016666666666666668
2 0.5 0.30833333333333335 0.002028397565922921 0.0033333333333333335
2 0.7652129817444219 0.30666666666666664 0.0030425963488843813 0.0033333333333333335
2 0.6039553752535497 0.3075 0.007099391480730223 0.005
2 0.5816430020283976 0.3075 0.0030425963488843813 0.005
2 0.776369168356998 0.30416666666666664 0.0010141987829614604 0.0016666666666666668
2 0.7489858012170385 0.3016666666666667 0.0030425963488843813 0.0033333333333333335
2 0.5192697768762677 0.305 0.002028397565922921 0.01
2 0.505578093306288 0.30666666666666664 0.0030425963488843813 0.016666666666666666
2 0.486815415821501 0.31166666666666665 0.004056795131845842 0.03333333333333333
2 0.5481744421906694 0.2941666666666667 0.0010141987829614604 0.0016666666666666668
2 0.4695740365111562 0.2916666666666667 0.006085192697768763 0.006666666666666667
2 0.5147058823529411 0.2816666666666667 0.0030425963488843813 0.006666666666666667
2 0.6414807302231237 0.2725 0.0030425963488843813 0.0016666666666666668
2 0.518762677484787 0.27 0.0030425963488843813 0.006666666666666667
2 0.5050709939148073 0.2783333333333333 0.010141987829614604 0.02666666666666667
2 0.5248478701825557 0.2783333333333333 0.005070993914807302 0.03
2 0.7976673427991886 0.26416666666666666 0.005070993914807302 0.005
2 0.5537525354969574 0.2625 0.002028397565922921 0.0016666666666666668
2 0.7667342799188641 0.26 0.002028397565922921 0.0033333333333333335
2 0.7768762677484787 0.25833333333333336 0.002028397565922921 0.0033333333333333335
2 0.7023326572008114 0.2575 0.005070993914807302 0.0016666666666666668
2 0.6967545638945233 0.2575 0.002028397565922921 0.0016666666666666668
2 0.6906693711967545 0.2575 0.002028397565922921 0.0016666666666666668
2 0.6850912778904665 0.2575 0.0030425963488843813 0.0016666666666666668
2 0.6663286004056795 0.2575 0.002028397565922921 0.0016666666666666668
2 0.4964503042596349 0.25916666666666666 0.0030425963488843813 0.005
2 0.5258620689655172 0.25583333333333336 0.0010141987829614604 0.0016666666666666668
2 0.8052738336713996 0.25583333333333336 0.004056795131845842 0.005
2 0.7626774847870182 0.25416666666666665 0.002028397565922921 0.0016666666666666668
2 0.16886409736308317 0.2525 0.0010141987829614604 0.0016666666666666668
2 0.8341784989858012 0.24916666666666668 0.0010141987829614604 0.0016666666666666668
2 0.533975659229209 0.24916666666666668 0.0030425963488843813 0.005
2 0.5 0.2475 0.004056795131845842 0.005
2 0.52079107505071 0.25 0.013184584178498986 0.013333333333333334
2 0.7966531440162272 0.24166666666666667 0.0030425963488843813 0.0033333333333333335
2 0.7712981744421906 0.2425 0.0030425963488843813 0.005
2 0.8615618661257607 0.23916666666666667 0.0030425963488843813 0.005
2 0.1795131845841785 0.24416666666666667 0.008113590263691683 0.018333333333333333
2 0.8559837728194726 0.23333333333333334 0.004056795131845842 0.006666666666666667
2 0.8884381338742393 0.23666666666666666 0.008113590263691683 0.016666666666666666
2 0.7667342799188641 0.23 0.002028397565922921 0.0033333333333333335
2 0.5649087221095335 0.33 0.06490872210953347 0.20333333333333334
2 0.763184584178499 0.22416666666666665 0.0010141987829614604 0.0016666666666666668
2 0.8798174442190669 0.22 0.005070993914807302 0.0033333333333333335
2 0.8154158215010142 0.23416666666666666 0.014198782961460446 0.035
2 0.1795131845841785 0.2175 0.002028397565922921 0.0016666666666666668
2 0.172920892494929 0.22083333333333333 0.005070993914807302 0.008333333333333333
2 0.07809330628803246 0.21916666666666668 0.008113590263691683 0.005
2 0.763184584178499 0.215 0.0010141987829614604 0.0033333333333333335
2 0.1191683569979716 0.21416666666666667 0.0030425963488843813 0.0016666666666666668
2 0.06744421906693712 0.215 0.0030425963488843813 0.0033333333333333335
2 0.9244421906693712 0.2125 0.0010141987829614604 0.0016666666666666668
2 0.8245436105476673 0.21166666666666667 0.002028397565922921 0.0033333333333333335
2 0.8113590263691683 0.21083333333333334 0.002028397565922921 0.0016666666666666668
2 0.5152129817444219 0.2075 0.008113590263691683 0.0016666666666666668
2 0.8980730223123732 0.20916666666666667 0.02129817444219067 0.008333333333333333
2 0.5496957403651116 0.21083333333333334 0.05070993914807302 0.011666666666666667
2 0.16328600405679514 0.20666666666666667 0.004056795131845842 0.0033333333333333335
2 0.48782961460446245 0.20666666666666667 0.038539553752535496 0.006666666666666667
2 0.14655172413793102 0.21916666666666668 0.0436105476673428 0.03166666666666667
2 0.8372210953346856 0.20083333333333334 0.0030425963488843813 0.005
2 0.7834685598377282 0.2 0.005070993914807302 0.0033333333333333335
2 0.0907707910750507 0.2 0.005070993914807302 0.006666666666666667
2 0.15060851926977686 0.19916666666666666 0.011156186612576065 0.015
2 0.8149087221095335 0.1925 0.007099391480730223 0.005
2 0.915314401622718 0.19416666666666665 0.0030425963488843813 0.011666666666666667
2 0.8772819472616633 0.20083333333333334 0.018255578093306288 0.025
2 0.8351926977687627 0.18916666666666668 0.007099391480730223 0.008333333333333333
2 0.8990872210953347 0.19 0.019269776876267748 0.013333333333333334
2 0.8022312373225152 0.19 0.008113590263691683 0.013333333333333334
2 0.4513184584178499 0.19416666666666665 0.036511156186612576 0.021666666666666667
2 0.9371196754563894 0.185 0.004056795131845842 0.006666666666666667
2 0.8575050709939148 0.1825 0.0010141987829614604 0.0016666666666666668
2 0.08113590263691683 0.19 0.016227180527383367 0.016666666666666666
2 0.7682555780933062 0.18083333333333335 0.0010141987829614604 0.0016666666666666668
2 0.8798174442190669 0.17833333333333334 0.007099391480730223 0.01
2 0.14198782961460446 0.1775 0.008113590263691683 0.008333333333333333
2 0.12829614604462475 0.17583333333333334 0.0030425963488843813 0.005
2 0.9234279918864098 0.18 0.013184584178498986 0.016666666666666666
2 0.11206896551724138 0.18166666666666667 0.03955375253549696 0.02
2 0.15010141987829614 0.17 0.002028397565922921 0.0033333333333333335
2 0.8696754563894523 0.16666666666666666 0.0010141987829614604 0.0033333333333333335
2 0.13691683569979715 0.16666666666666666 0.002028397565922921 0.0033333333333333335
2 0.06693711967545639 0.16916666666666666 0.006085192697768763 0.008333333333333333
2 0.9325557809330629 0.16083333333333333 0.0010141987829614604 0.0016666666666666668
2 0.947261663286004 0.15833333333333333 0.004056795131845842 0.0033333333333333335
2 0.07961460446247465 0.16 0.0030425963488843813 0.006666666666666667
2 0.2697768762677485 0.16166666666666665 0.10953346855983773 0.016666666666666666
2 0.16075050709939148 0.1525 0.0010141987829614604 0.0016666666666666668
2 0.11511156186612576 0.15583333333333332 0.017241379310344827 0.008333333333333333
2 0.13995943204868155 0.15166666666666667 0.002028397565922921 0.0033333333333333335
2 0.8859026369168357 0.14916666666666667 0.0010141987829614604 0.0016666666666666668
2 0.9072008113590264 0.1475 0.0010141987829614604 0.0016666666666666668
2 0.9355983772819473 0.1475 0.0030425963488843813 0.005
2 0.8732251521298174 0.1475 0.006085192697768763 0.005
2 0.8930020283975659 0.14666666666666667 0.007099391480730223 0.006666666666666667
2 0.7941176470588235 0.14583333333333334 0.004056795131845842 0.005
2 0.19878296146044624 0.14416666666666667 0.002028397565922921 0.0016666666666666668
2 0.08316430020283976 0.14416666666666667 0.002028397565922921 0.0016666666666666668
2 0.9634888438133874 0.14416666666666667 0.008113590263691683 0.005
2 0.9421906693711968 0.14333333333333334 0.002028397565922921 0.0033333333333333335
2 0.8443204868154158 0.14416666666666667 0.005070993914807302 0.005
2 0.09939148073022312 0.14583333333333334 0.016227180527383367 0.011666666666666667
2 0.9883367139959433 0.14333333333333334 0.013184584178498986 0.01
2 0.14705882352941177 0.14333333333333334 0.006085192697768763 0.01
2 0.9639959432048681 0.13833333333333334 0.0030425963488843813 0.0033333333333333335
2 0.8575050709939148 0.1375 0.0030425963488843813 0.005
2 0.9244421906693712 0.13583333333333333 0.0030425963488843813 0.005
2 0.8286004056795132 0.13666666666666666 0.004056795131845842 0.006666666666666667
2 0.0704868154158215 0.13083333333333333 0.0010141987829614604 0.0016666666666666668
2 0.9989858012170385 0.1325 0.002028397565922921 0.008333333333333333
2 0.915314401622718 0.12916666666666668 0.0010141987829614604 0.0016666666666666668
2 0.9406693711967545 0.12666666666666668 0.0030425963488843813 0.0033333333333333335
2 0.15567951318458417 0.12666666666666668 0.0010141987829614604 0.0033333333333333335
2 0.07352941176470588 0.1275 0.0030425963488843813 0.005
2 0.994421906693712 0.12583333333333332 0.007099391480730223 0.005
2 0.06896551724137931 0.11333333333333333 0.002028397565922921 0.0033333333333333335
2 0.9898580121703854 0.10916666666666666 0.016227180527383367 0.008333333333333333
2 0.07454361054766734 0.1025 0.0010141987829614604 0.0016666666666666668
2 0.1075050709939148 0.10083333333333333 0.002028397565922921 0.0016666666666666668
2 0.0486815415821501 0.09833333333333333 0.004056795131845842 0.006666666666666667
2 0.03144016227180527 0.09333333333333334 0.008113590263691683 0.01
2 0.10598377281947262 0.08666666666666667 0.0030425963488843813 0.0033333333333333335
2 0.04107505070993915 0.08916666666666667 0.011156186612576065 0.008333333333333333
2 0.9873225152129818 0.08916666666666667 0.005070993914807302 0.011666666666666667
2 0.06389452332657201 0.08166666666666667 0.004056795131845842 0.0033333333333333335
2 0.829107505070994 0.08 0.007099391480730223 0.01
2 0.9634888438133874 0.07583333333333334 0.010141987829614604 0.015
2 0.049188640973630834 0.06666666666666667 0.005070993914807302 0.01
2 0.364604462474645 0.0575 0.009127789046653144 0.005
2 0.2834685598377282 0.05583333333333333 0.0010141987829614604 0.0016666666666666668
2 0.3240365111561866 0.05583333333333333 0.011156186612576065 0.005
2 0.2865111561866126 0.05416666666666667 0.0010141987829614604 0.0016666666666666668
2 0.035496957403651115 0.055 0.002028397565922921 0.0033333333333333335
2 0.9797160243407708 0.04833333333333333 0.002028397565922921 0.0033333333333333335
2 0.03144016227180527 0.043333333333333335 0.006085192697768763 0.006666666666666667
2 0.04766734279918864 0.035 0.002028397565922921 0.0033333333333333335
2 0.036511156186612576 0.0275 0.004056795131845842 0.005
2 0.02281947261663286 0.020833333333333332 0.0030425963488843813 0.0016666666666666668
2 0.029918864097363083 0.013333333333333334 0.005070993914807302 0.006666666666666667
2 0.5 0.5 1.0 1.0
2 0.04056795131845842 0.0025 0.002028397565922921 0.005