2 0.4257692307692308 0.7580769230769231 0.005384615384615384 0.002307692307692308
2 0.4157692307692308 0.7507692307692307 0.0038461538461538464 0.0015384615384615385
2 0.27153846153846156 0.6565384615384615 0.003076923076923077 0.002307692307692308
2 0.7238461538461538 0.5869230769230769 0.0015384615384615385 0.0015384615384615385
2 0.8953846153846153 0.515 0.0015384615384615385 0.0007692307692307692
2 0.8988461538461539 0.5130769230769231 0.002307692307692308 0.0015384615384615385
2 0.9042307692307693 0.5111538461538462 0.0007692307692307692 0.0007692307692307692
2 0.13923076923076924 0.5061538461538462 0.015384615384615385 0.004615384615384616
2 0.15307692307692308 0.5019230769230769 0.0015384615384615385 0.0007692307692307692
2 0.6226923076923077 0.49923076923076926 0.0038461538461538464 0.003076923076923077
2 0.1523076923076923 0.49615384615384617 0.0015384615384615385 0.0015384615384615385
2 0.938076923076923 0.49230769230769234 0.01 0.006153846153846154
2 0.6476923076923077 0.48846153846153845 0.003076923076923077 0.0015384615384615385
2 0.9519230769230769 0.4857692307692308 0.013076923076923076 0.005384615384615384
2 0.6888461538461539 0.4757692307692308 0.006923076923076923 0.0038461538461538464
2 0.4403846153846154 0.42538461538461536 0.002307692307692308 0.0015384615384615385
2 0.4003846153846154 0.41884615384615387 0.0007692307692307692 0.0007692307692307692
2 0.42653846153846153 0.4207692307692308 0.036153846153846154 0.023076923076923078
2 0.7680769230769231 0.3515384615384615 0.002307692307692308 0.004615384615384616
2 0.7565384615384615 0.35192307692307695 0.005384615384615384 0.008461538461538461
2 0.7638461538461538 0.3457692307692308 0.0015384615384615385 0.0007692307692307692
2 0.8707692307692307 0.3342307692307692 0.004615384615384616 0.0007692307692307692
2 0.5903846153846154 0.3088461538461538 0.002307692307692308 0.002307692307692308
2 0.5507692307692308 0.30423076923076925 0.0015384615384615385 0.002307692307692308
2 0.47 0.29846153846153844 0.006153846153846154 0.003076923076923077
2 0.6019230769230769 0.29846153846153844 0.002307692307692308 0.004615384615384616
2 0.5846153846153846 0.29730769230769233 0.004615384615384616 0.005384615384615384
2 0.5734615384615385 0.2953846153846154 0.0007692307692307692 0.0015384615384615385
2 0.5161538461538462 0.2923076923076923 0.0015384615384615385 0.0015384615384615385
2 0.5696153846153846 0.2907692307692308 0.0038461538461538464 0.003076923076923077
2 0.5815384615384616 0.28615384615384615 0.0015384615384615385 0.004615384615384616
2 0.5973076923076923 0.28615384615384615 0.013076923076923076 0.009230769230769232
2 0.5992307692307692 0.2796153846153846 0.004615384615384616 0.0038461538461538464
2 0.5611538461538461 0.25653846153846155 0.0007692307692307692 0.0007692307692307692
2 0.5753846153846154 0.25038461538461537 0.006153846153846154 0.002307692307692308
2 0.5576923076923077 0.24769230769230768 0.003076923076923077 0.0015384615384615385
2 0.943076923076923 0.2453846153846154 0.004615384615384616 0.004615384615384616
2 0.5715384615384616 0.245 0.0015384615384615385 0.0038461538461538464
2 0.9338461538461539 0.24423076923076922 0.007692307692307693 0.006923076923076923
2 0.5703846153846154 0.23846153846153847 0.0007692307692307692 0.0015384615384615385
2 0.5919230769230769 0.23884615384615385 0.03307692307692308 0.013076923076923076
2 0.3253846153846154 0.22384615384615383 0.0015384615384615385 0.0015384615384615385
2 0.6223076923076923 0.21961538461538463 0.0015384615384615385 0.002307692307692308
2 0.8834615384615384 0.2834615384615385 0.23307692307692307 0.1346153846153846
2 0.6196153846153846 0.215 0.005384615384615384 0.002307692307692308
2 0.36038461538461536 0.21423076923076922 0.014615384615384615 0.01
2 0.40192307692307694 0.1996153846153846 0.005384615384615384 0.0038461538461538464
2 0.6596153846153846 0.19230769230769232 0.002307692307692308 0.0015384615384615385
2 0.6634615384615384 0.18923076923076923 0.002307692307692308 0.003076923076923077
2 0.6784615384615384 0.1853846153846154 0.003076923076923077 0.004615384615384616
2 0.43 0.18153846153846154 0.010769230769230769 0.009230769230769232
2 0.4673076923076923 0.17384615384615384 0.002307692307692308 0.0015384615384615385
2 0.45615384615384613 0.17461538461538462 0.015384615384615385 0.012307692307692308
2 0.5480769230769231 0.15730769230769232 0.0007692307692307692 0.0007692307692307692
2 0.57 0.15 0.0015384615384615385 0.0015384615384615385
2 0.6 0.1346153846153846 0.003076923076923077 0.003076923076923077
2 0.5942307692307692 0.13576923076923078 0.0038461538461538464 0.006923076923076923
2 0.6265384615384615 0.13076923076923078 0.0038461538461538464 0.003076923076923077
2 0.6403846153846153 0.12923076923076923 0.002307692307692308 0.003076923076923077
2 0.6334615384615384 0.1280769230769231 0.0007692307692307692 0.0007692307692307692
2 0.5907692307692308 0.12846153846153846 0.006153846153846154 0.004615384615384616
2 0.5796153846153846 0.12423076923076923 0.0038461538461538464 0.0038461538461538464
2 0.29384615384615387 0.12346153846153846 0.026153846153846153 0.008461538461538461
2 0.3153846153846154 0.11730769230769231 0.004615384615384616 0.002307692307692308
2 0.24346153846153845 0.11576923076923076 0.002307692307692308 0.0007692307692307692
2 0.6334615384615384 0.10807692307692307 0.0038461538461538464 0.0007692307692307692
2 0.5480769230769231 0.07807692307692307 0.0038461538461538464 0.002307692307692308
2 0.555 0.07615384615384616 0.0038461538461538464 0.0015384615384615385
2 0.2988461538461539 0.06576923076923077 0.008461538461538461 0.0038461538461538464
2 0.5411538461538462 0.05346153846153846 0.0007692307692307692 0.0007692307692307692
2 0.5988461538461538 0.03576923076923077 0.002307692307692308 0.0007692307692307692
2 0.6923076923076923 0.03461538461538462 0.004615384615384616 0.0015384615384615385
2 0.6988461538461539 0.03346153846153846 0.002307692307692308 0.0007692307692307692
2 0.6092307692307692 0.03307692307692308 0.004615384615384616 0.0015384615384615385
2 0.7042307692307692 0.03192307692307692 0.0007692307692307692 0.0007692307692307692
2 0.6942307692307692 0.03076923076923077 0.002307692307692308 0.0015384615384615385
2 0.6988461538461539 0.028846153846153848 0.0007692307692307692 0.0007692307692307692
2 0.6569230769230769 0.031153846153846153 0.012307692307692308 0.006923076923076923
2 0.7065384615384616 0.026923076923076925 0.008461538461538461 0.003076923076923077
2 0.6703846153846154 0.02653846153846154 0.01 0.0038461538461538464
2 0.6673076923076923 0.02423076923076923 0.0007692307692307692 0.0007692307692307692
2 0.7373076923076923 0.16346153846153846 0.5253846153846153 0.28076923076923077
2 0.6738461538461539 0.021923076923076924 0.0015384615384615385 0.0007692307692307692
2 0.6707692307692308 0.018461538461538463 0.003076923076923077 0.0015384615384615385
2 0.8696153846153846 0.015384615384615385 0.005384615384615384 0.003076923076923077
2 0.541923076923077 0.4815384615384615 0.9161538461538462 0.9353846153846154
2 0.7 0.019615384615384614 0.036923076923076927 0.011538461538461539
2 0.8746153846153846 0.01 0.004615384615384616 0.003076923076923077
2 0.7542307692307693 0.008076923076923077 0.0007692307692307692 0.0007692307692307692
2 0.7596153846153846 0.006538461538461538 0.0007692307692307692 0.0007692307692307692
2 0.7803846153846153 0.002307692307692308 0.002307692307692308 0.0015384615384615385
2 0.79 0.006153846153846154 0.024615384615384615 0.012307692307692308