2 0.3933333333333333 0.8321078431372549 0.013333333333333334 0.01715686274509804
2 0.41833333333333333 0.8321078431372549 0.03 0.022058823529411766
2 0.4066666666666667 0.7683823529411765 0.04666666666666667 0.022058823529411766
2 0.22166666666666668 0.7303921568627451 0.016666666666666666 0.058823529411764705
2 0.405 0.7083333333333334 0.05 0.0196078431372549
2 0.405 0.6470588235294118 0.056666666666666664 0.024509803921568627
2 0.4033333333333333 0.6311274509803921 0.006666666666666667 0.0024509803921568627
2 0.42333333333333334 0.6299019607843137 0.006666666666666667 0.004901960784313725
2 0.4483333333333333 0.6299019607843137 0.03 0.00980392156862745
2 0.41833333333333333 0.6090686274509803 0.08333333333333333 0.007352941176470588
2 0.215 0.6090686274509803 0.023333333333333334 0.125
2 0.3016666666666667 0.4227941176470588 0.0033333333333333335 0.0024509803921568627
2 0.425 0.3946078431372549 0.01 0.004901960784313725
2 0.3283333333333333 0.3541666666666667 0.056666666666666664 0.022058823529411766
2 0.385 0.3431372549019608 0.03 0.049019607843137254
2 0.20333333333333334 0.2536764705882353 0.04 0.01715686274509804
2 0.425 0.24142156862745098 0.0033333333333333335 0.007352941176470588
2 0.4216666666666667 0.22794117647058823 0.0033333333333333335 0.004901960784313725
2 0.415 0.20833333333333334 0.01 0.0196078431372549
2 0.5616666666666666 0.20588235294117646 0.0033333333333333335 0.029411764705882353
2 0.4083333333333333 0.19362745098039216 0.0033333333333333335 0.004901960784313725
2 0.4033333333333333 0.18259803921568626 0.006666666666666667 0.012254901960784314
2 0.345 0.28431372549019607 0.25666666666666665 0.23039215686274508
2 0.3983333333333333 0.17034313725490197 0.0033333333333333335 0.007352941176470588
2 0.395 0.16053921568627452 0.0033333333333333335 0.007352941176470588
2 0.315 0.15931372549019607 0.0033333333333333335 0.00980392156862745
2 0.395 0.14338235294117646 0.0033333333333333335 0.0024509803921568627
2 0.7266666666666667 0.14215686274509803 0.06666666666666667 0.00980392156862745
2 0.2683333333333333 0.13848039215686275 0.01 0.007352941176470588
2 0.65 0.14338235294117646 0.07333333333333333 0.022058823529411766
2 0.65 0.13112745098039216 0.006666666666666667 0.0024509803921568627
2 0.30833333333333335 0.125 0.01 0.004901960784313725
2 0.27666666666666667 0.125 0.013333333333333334 0.00980392156862745
2 0.2916666666666667 0.12377450980392157 0.20333333333333334 0.02696078431372549
2 0.5783333333333334 0.125 0.016666666666666666 0.03431372549019608
2 0.5883333333333334 0.1017156862745098 0.0033333333333333335 0.007352941176470588
2 0.6933333333333334 0.1090686274509804 0.06666666666666667 0.031862745098039214
2 0.545 0.5012254901960784 0.6633333333333333 0.8357843137254902
2 0.7216666666666667 0.08455882352941177 0.0033333333333333335 0.007352941176470588
2 0.675 0.08333333333333333 0.0033333333333333335 0.004901960784313725
2 0.6733333333333333 0.0661764705882353 0.006666666666666667 0.004901960784313725
2 0.8016666666666666 0.06740196078431372 0.0033333333333333335 0.01715686274509804
2 0.6966666666666667 0.05269607843137255 0.20666666666666667 0.02696078431372549