2 0.0166015625 0.4063786008230453 0.00390625 0.00205761316872428
2 0.12255859375 0.37191358024691357 0.0029296875 0.0030864197530864196
2 0.11474609375 0.3713991769547325 0.0048828125 0.00205761316872428
2 0.12646484375 0.36882716049382713 0.0009765625 0.00102880658436214
2 0.11669921875 0.36728395061728397 0.0009765625 0.00205761316872428
2 0.00537109375 0.3559670781893004 0.0107421875 0.00823045267489712
2 0.015625 0.3487654320987654 0.00390625 0.00205761316872428
2 0.07275390625 0.3256172839506173 0.0009765625 0.00102880658436214
2 0.08251953125 0.3194444444444444 0.0029296875 0.00102880658436214
2 0.0576171875 0.32407407407407407 0.0234375 0.018518518518518517
2 0.0791015625 0.3065843621399177 0.00390625 0.006172839506172839
2 0.10595703125 0.3081275720164609 0.0380859375 0.021604938271604937
2 0.06005859375 0.29886831275720166 0.0048828125 0.0030864197530864196
2 0.16650390625 0.29012345679012347 0.0029296875 0.00205761316872428
2 0.5 0.5 1.0 1.0