2 0.278 0.9760147601476015 0.002 0.0012300123001230013
2 0.266 0.9760147601476015 0.01 0.0012300123001230013
2 0.349 0.9704797047970479 0.01 0.004920049200492005
2 0.8535 0.966789667896679 0.003 0.0024600246002460025
2 0.3225 0.9674046740467405 0.003 0.0036900369003690036
2 0.829 0.965559655596556 0.01 0.0024600246002460025
2 0.796 0.9649446494464945 0.04 0.008610086100861008
2 0.8905 0.9563345633456335 0.005 0.0036900369003690036
2 0.342 0.9600246002460024 0.014 0.015990159901599015
2 0.23 0.939729397293973 0.006 0.0024600246002460025
2 0.2235 0.9378843788437884 0.003 0.0012300123001230013
2 0.915 0.9428044280442804 0.04 0.025830258302583026
2 0.7355 0.9464944649446494 0.077 0.033210332103321034
2 0.7885 0.9280442804428044 0.003 0.0012300123001230013
2 0.784 0.9280442804428044 0.002 0.0012300123001230013
2 0.938 0.9280442804428044 0.004 0.0036900369003690036
2 0.2865 0.9231242312423125 0.003 0.0012300123001230013
2 0.327 0.932349323493235 0.048 0.02952029520295203
2 0.9475 0.9182041820418204 0.003 0.006150061500615006
2 0.705 0.9163591635916359 0.002 0.0024600246002460025
2 0.846 0.9132841328413284 0.002 0.0012300123001230013
2 0.293 0.9175891758917589 0.118 0.04920049200492005
2 0.3215 0.8911439114391144 0.009 0.006150061500615006
2 0.883 0.8813038130381304 0.008 0.006150061500615006
2 0.3335 0.8819188191881919 0.007 0.007380073800738007
2 0.9755 0.8739237392373924 0.003 0.006150061500615006
2 0.8945 0.8714637146371463 0.007 0.006150061500615006
2 0.9085 0.8542435424354243 0.001 0.0012300123001230013
2 0.2695 0.8462484624846248 0.005 0.0024600246002460025
2 0.8555 0.8425584255842559 0.007 0.004920049200492005
2 0.8275 0.8419434194341944 0.011 0.0036900369003690036
2 0.7605 0.8843788437884379 0.127 0.08856088560885608
2 0.322 0.8400984009840098 0.002 0.0024600246002460025
2 0.985 0.8382533825338253 0.002 0.0036900369003690036
2 0.875 0.8376383763837638 0.004 0.0024600246002460025
2 0.7985 0.8413284132841329 0.039 0.00984009840098401
2 0.334 0.8376383763837638 0.004 0.004920049200492005
2 0.3445 0.8296432964329643 0.011 0.013530135301353014
2 0.9065 0.8259532595325954 0.029 0.015990159901599015
2 0.301 0.8161131611316114 0.004 0.0012300123001230013
2 0.31 0.8161131611316114 0.006 0.0036900369003690036
2 0.7375 0.8228782287822878 0.081 0.03444034440344403
2 0.7825 0.8038130381303813 0.001 0.0012300123001230013
2 0.9325 0.8099630996309963 0.023 0.015990159901599015
2 0.147 0.7964329643296433 0.002 0.0012300123001230013
2 0.946 0.7964329643296433 0.01 0.008610086100861008
2 0.289 0.7933579335793358 0.006 0.0024600246002460025
2 0.3335 0.8031980319803198 0.035 0.024600246002460024
2 0.313 0.7865928659286593 0.002 0.0012300123001230013
2 0.9865 0.7970479704797048 0.009 0.041820418204182044
2 0.2925 0.7878228782287823 0.119 0.05043050430504305
2 0.3235 0.7632226322263223 0.005 0.0036900369003690036
2 0.888 0.8480934809348093 0.194 0.17835178351783518
2 0.884 0.7583025830258303 0.004 0.0036900369003690036
2 0.3335 0.7552275522755227 0.009 0.007380073800738007
2 0.8945 0.7484624846248462 0.015 0.013530135301353014
2 0.1395 0.8603936039360394 0.249 0.23739237392373924
2 0.9885 0.7589175891758918 0.005 0.041820418204182044
2 0.9075 0.7349323493234933 0.001 0.0012300123001230013
2 0.913 0.7257072570725708 0.002 0.0024600246002460025
2 0.9875 0.7091020910209103 0.001 0.0012300123001230013
2 0.92 0.7140221402214022 0.008 0.015990159901599015
2 0.9245 0.7029520295202952 0.003 0.0036900369003690036
2 0.852 0.7023370233702337 0.006 0.0024600246002460025
2 0.826 0.7029520295202952 0.01 0.0036900369003690036
2 0.2635 0.6961869618696187 0.009 0.0024600246002460025
2 0.89 0.6924969249692496 0.004 0.0024600246002460025
2 0.314 0.6900369003690037 0.006 0.0024600246002460025
2 0.3255 0.6869618696186962 0.005 0.0036900369003690036
2 0.1085 0.6795817958179582 0.001 0.0012300123001230013
2 0.3415 0.6789667896678967 0.017 0.012300123001230012
2 0.868 0.6709717097170972 0.006 0.0012300123001230013
2 0.7555 0.6857318573185732 0.115 0.038130381303813035
2 0.9155 0.6777367773677737 0.041 0.02952029520295203
2 0.785 0.6635916359163592 0.002 0.0012300123001230013
2 0.92 0.6617466174661747 0.002 0.0024600246002460025
2 0.2175 0.6574415744157441 0.001 0.0012300123001230013
2 0.9885 0.6740467404674046 0.009 0.04428044280442804
2 0.7055 0.6525215252152522 0.001 0.0012300123001230013
2 0.847 0.6494464944649446 0.004 0.0024600246002460025
2 0.287 0.6426814268142681 0.004 0.0012300123001230013
2 0.9555 0.6414514145141451 0.001 0.0012300123001230013
2 0.327 0.6512915129151291 0.048 0.03075030750307503
2 0.8715 0.6230012300123001 0.001 0.0012300123001230013
2 0.842 0.7170971709717097 0.29 0.1918819188191882
2 0.9905 0.6340713407134071 0.005 0.04305043050430504
2 0.319 0.6137761377613776 0.002 0.0024600246002460025
2 0.287 0.6359163591635917 0.13 0.05166051660516605
2 0.321 0.6100861008610086 0.004 0.0024600246002460025
2 0.142 0.7287822878228782 0.248 0.23985239852398524
2 0.3245 0.6082410824108241 0.001 0.0012300123001230013
2 0.8905 0.6107011070110702 0.019 0.015990159901599015
2 0.9885 0.602091020910209 0.001 0.0036900369003690036
2 0.3325 0.6008610086100861 0.009 0.01107011070110701
2 0.3415 0.5910209102091021 0.003 0.0036900369003690036
2 0.985 0.5744157441574416 0.002 0.0024600246002460025
2 0.298 0.567650676506765 0.004 0.0036900369003690036
2 0.3195 0.5627306273062731 0.005 0.0036900369003690036
2 0.3615 0.559040590405904 0.001 0.0012300123001230013
2 0.346 0.5541205412054121 0.008 0.008610086100861008
2 0.7305 0.543050430504305 0.003 0.0012300123001230013
2 0.6765 0.543050430504305 0.003 0.006150061500615006
2 0.7025 0.540590405904059 0.009 0.0036900369003690036
2 0.359 0.544280442804428 0.002 0.01107011070110701
2 0.3045 0.5381303813038131 0.005 0.0012300123001230013
2 0.854 0.533210332103321 0.002 0.0012300123001230013
2 0.8215 0.5338253382533825 0.001 0.0024600246002460025
2 0.707 0.5375153751537516 0.018 0.00984009840098401
2 0.8395 0.531980319803198 0.001 0.0012300123001230013
2 0.83 0.531980319803198 0.008 0.0036900369003690036
2 0.2255 0.5295202952029521 0.001 0.0012300123001230013
2 0.0875 0.5295202952029521 0.001 0.0012300123001230013
2 0.875 0.527060270602706 0.004 0.0012300123001230013
2 0.359 0.5301353013530136 0.002 0.007380073800738007
2 0.91 0.523370233702337 0.008 0.0036900369003690036
2 0.89 0.5227552275522755 0.002 0.0024600246002460025
2 0.3585 0.5215252152521526 0.001 0.0024600246002460025
2 0.3305 0.527060270602706 0.041 0.023370233702337023
2 0.2945 0.514760147601476 0.001 0.0012300123001230013
2 0.7565 0.5166051660516605 0.119 0.03936039360393604
2 0.918 0.4944649446494465 0.004 0.0024600246002460025
2 0.7855 0.49384993849938497 0.001 0.0012300123001230013
2 0.9195 0.504920049200492 0.049 0.033210332103321034
2 0.946 0.48462484624846247 0.004 0.004920049200492005
2 0.3275 0.484009840098401 0.005 0.0036900369003690036
2 0.9885 0.4944649446494465 0.005 0.04428044280442804
2 0.34 0.47293972939729395 0.01 0.01107011070110701
2 0.844 0.5682656826568265 0.294 0.2066420664206642
2 0.137 0.5781057810578106 0.248 0.24108241082410825
2 0.9855 0.45817958179581797 0.003 0.01107011070110701
2 0.984 0.44956949569495697 0.002 0.0036900369003690036
2 0.8835 0.44772447724477243 0.009 0.007380073800738007
2 0.8945 0.43911439114391143 0.009 0.00984009840098401
2 0.6985 0.42927429274292744 0.001 0.0024600246002460025
2 0.909 0.4194341943419434 0.002 0.0024600246002460025
2 0.318 0.4138991389913899 0.004 0.0012300123001230013
2 0.3225 0.41266912669126693 0.003 0.0012300123001230013
2 0.915 0.4102091020910209 0.002 0.0036900369003690036
2 0.131 0.4071340713407134 0.01 0.0024600246002460025
2 0.985 0.4046740467404674 0.002 0.004920049200492005
2 0.8575 0.3991389913899139 0.001 0.0012300123001230013
2 0.83 0.3991389913899139 0.004 0.0012300123001230013
2 0.839 0.3985239852398524 0.006 0.0024600246002460025
2 0.9865 0.39544895448954487 0.001 0.0012300123001230013
2 0.8785 0.3942189421894219 0.001 0.0012300123001230013
2 0.7605 0.4440344403444034 0.127 0.1008610086100861
2 0.8805 0.3929889298892989 0.001 0.0012300123001230013
2 0.895 0.3905289052890529 0.006 0.0036900369003690036
2 0.3435 0.3813038130381304 0.009 0.004920049200492005
2 0.214 0.37884378843788435 0.004 0.0024600246002460025
2 0.873 0.3677736777367774 0.008 0.004920049200492005
2 0.289 0.36223862238622384 0.002 0.0012300123001230013
2 0.921 0.37453874538745385 0.04 0.028290282902829027
2 0.7855 0.36100861008610086 0.001 0.0012300123001230013
2 0.7595 0.3813038130381304 0.125 0.041820418204182044
2 0.9545 0.34747847478474786 0.003 0.0036900369003690036
2 0.987 0.36531365313653136 0.008 0.041820418204182044
2 0.1095 0.34071340713407133 0.003 0.0024600246002460025
2 0.884 0.4194341943419434 0.194 0.16728167281672818
2 0.322 0.33517835178351785 0.002 0.0012300123001230013
2 0.3155 0.33640836408364083 0.005 0.0036900369003690036
2 0.9835 0.33148831488314884 0.003 0.013530135301353014
2 0.3455 0.3241082410824108 0.007 0.006150061500615006
2 0.3375 0.31795817958179584 0.001 0.0012300123001230013
2 0.3875 0.3241082410824108 0.003 0.020910209102091022
2 0.8905 0.3118081180811808 0.005 0.0036900369003690036
2 0.186 0.4403444034440344 0.33 0.2607626076260763
2 0.9885 0.32656826568265684 0.005 0.04059040590405904
2 0.389 0.3050430504305043 0.002 0.004920049200492005
2 0.899 0.3050430504305043 0.01 0.00984009840098401
2 0.9865 0.2890528905289053 0.001 0.0024600246002460025
2 0.592 0.2822878228782288 0.002 0.0036900369003690036
2 0.167 0.28044280442804426 0.01 0.004920049200492005
2 0.5915 0.27552275522755226 0.001 0.0024600246002460025
2 0.521 0.6236162361623616 0.338 0.6986469864698647
2 0.922 0.2736777367773678 0.002 0.0036900369003690036
2 0.5905 0.2644526445264453 0.003 0.0024600246002460025
2 0.9905 0.26814268142681424 0.003 0.012300123001230012
2 0.58 0.25768757687576876 0.002 0.0012300123001230013
2 0.537 0.25768757687576876 0.002 0.0012300123001230013
2 0.531 0.25768757687576876 0.002 0.0012300123001230013
2 0.5455 0.2570725707257073 0.007 0.0024600246002460025
2 0.5255 0.2570725707257073 0.003 0.0024600246002460025
2 0.5205 0.2564575645756458 0.001 0.0012300123001230013
2 0.4845 0.2564575645756458 0.001 0.0012300123001230013
2 0.4675 0.2570725707257073 0.009 0.0024600246002460025
2 0.451 0.27121771217712176 0.02 0.03075030750307503
2 0.5235 0.27060270602706027 0.271 0.05412054120541206
2 0.2575 0.24723247232472326 0.027 0.00984009840098401
2 0.7945 0.23923739237392375 0.005 0.0012300123001230013
2 0.779 0.23923739237392375 0.012 0.0012300123001230013
2 0.9145 0.23185731857318573 0.001 0.0012300123001230013
2 0.584 0.22878228782287824 0.058 0.01968019680196802
2 0.4565 0.22878228782287824 0.037 0.01968019680196802
2 0.992 0.23001230012300122 0.008 0.041820418204182044
2 0.5145 0.22509225092250923 0.073 0.03444034440344403
2 0.994 0.1918819188191882 0.004 0.041820418204182044
2 0.652 0.17158671586715868 0.054 0.015990159901599015
2 0.494 0.17097170971709716 0.01 0.017220172201722016
2 0.552 0.17097170971709716 0.012 0.01968019680196802
2 0.9905 0.15313653136531366 0.003 0.015990159901599015
2 0.6515 0.14944649446494465 0.041 0.015990159901599015
2 0.408 0.17220172201722017 0.078 0.06888068880688807
2 0.9865 0.13591635916359163 0.003 0.0036900369003690036
2 0.443 0.11254612546125461 0.01 0.01845018450184502
2 0.434 0.0897908979089791 0.008 0.017220172201722016
2 0.2025 0.046740467404674045 0.003 0.0024600246002460025
2 0.7385 0.046125461254612546 0.009 0.0036900369003690036
2 0.746 0.04366543665436654 0.002 0.0012300123001230013
2 0.7495 0.042435424354243544 0.003 0.0012300123001230013
2 0.8065 0.1943419434194342 0.369 0.34686346863468637
2 0.246 0.2054120541205412 0.382 0.4009840098400984