2 0.47607421875 0.6259765625 0.0029296875 0.00390625
2 0.40087890625 0.6171875 0.0478515625 0.021484375
2 0.533203125 0.60400390625 0.001953125 0.0009765625
2 0.4140625 0.6044921875 0.001953125 0.001953125
2 0.408203125 0.6044921875 0.001953125 0.001953125
2 0.4140625 0.6005859375 0.001953125 0.001953125
2 0.35400390625 0.59228515625 0.0087890625 0.0068359375
2 0.3623046875 0.59130859375 0.005859375 0.0068359375
2 0.3916015625 0.59619140625 0.048828125 0.0224609375
2 0.19677734375 0.5859375 0.0009765625 0.00390625
2 0.216796875 0.5751953125 0.0078125 0.0078125
2 0.1015625 0.5654296875 0.001953125 0.001953125
2 0.21484375 0.56201171875 0.001953125 0.0009765625
2 0.1806640625 0.53515625 0.001953125 0.001953125
2 0.19921875 0.52978515625 0.0078125 0.0029296875
2 0.2763671875 0.5185546875 0.001953125 0.001953125
2 0.49658203125 0.60986328125 0.8759765625 0.3818359375
2 0.84716796875 0.40576171875 0.0263671875 0.0341796875
2 0.8193359375 0.40380859375 0.033203125 0.0341796875
2 0.78515625 0.40283203125 0.037109375 0.0341796875
2 0.75244140625 0.40087890625 0.0322265625 0.0341796875
2 0.69677734375 0.3984375 0.0576171875 0.03515625
2 0.6533203125 0.396484375 0.02734375 0.033203125
2 0.75244140625 0.36181640625 0.0869140625 0.0166015625
2 0.7587890625 0.3125 0.09375 0.0859375