2 0.682 0.87 0.008 0.004
2 0.714 0.862 0.008 0.004
2 0.726 0.856 0.008 0.004
2 0.76 0.844 0.028 0.016
2 0.792 0.825 0.028 0.018
2 0.836 0.798 0.016 0.012
2 0.853 0.787 0.002 0.002
2 0.884 0.761 0.008 0.006
2 0.564 0.748 0.004 0.004
2 0.916 0.728 0.008 0.016
2 0.556 0.776 0.068 0.132
2 0.715 0.705 0.002 0.002
2 0.771 0.752 0.294 0.2
2 0.402 0.694 0.228 0.136
2 0.875 0.551 0.006 0.01
2 0.157 0.586 0.186 0.36
2 0.21 0.351 0.008 0.006
2 0.721 0.337 0.002 0.002
2 0.26 0.329 0.02 0.01
2 0.338 0.295 0.008 0.002