2 0.5130859375 0.8955078125 0.279296875 0.061328125
2 0.2091796875 0.88515625 0.266015625 0.05234375
2 0.8125 0.881640625 0.26953125 0.059375
2 0.56875 0.646484375 0.00234375 0.00234375
2 0.8259765625 0.640625 0.001171875 0.00078125
2 0.8291015625 0.6396484375 0.000390625 0.000390625
2 0.8658203125 0.640234375 0.001953125 0.00234375
2 0.2650390625 0.6400390625 0.001953125 0.001953125
2 0.5302734375 0.637890625 0.001171875 0.00078125
2 0.542578125 0.6369140625 0.0046875 0.005859375
2 0.556640625 0.63671875 0.00546875 0.00625
2 0.8287109375 0.6330078125 0.000390625 0.000390625
2 0.226953125 0.6326171875 0.0015625 0.001171875
2 0.827734375 0.6287109375 0.00078125 0.000390625
2 0.8404296875 0.630859375 0.005078125 0.00546875
2 0.2396484375 0.630859375 0.005078125 0.00546875
2 0.8541015625 0.630859375 0.005078125 0.00625
2 0.2533203125 0.630859375 0.005078125 0.00625
2 0.519140625 0.6251953125 0.00078125 0.001171875
2 0.5212890625 0.623828125 0.002734375 0.0015625
2 0.5193359375 0.622265625 0.001171875 0.00078125
2 0.505078125 0.6203125 0.00078125 0.00234375
2 0.21640625 0.6189453125 0.00703125 0.001953125
2 0.819921875 0.61796875 0.00234375 0.0015625
2 0.8173828125 0.6154296875 0.000390625 0.000390625
2 0.216796875 0.61640625 0.00234375 0.003125
2 0.4919921875 0.6099609375 0.000390625 0.001171875
2 0.1912109375 0.6041015625 0.000390625 0.001171875
2 0.49140625 0.6025390625 0.00078125 0.000390625
2 0.4931640625 0.6025390625 0.001171875 0.001953125
2 0.79140625 0.6015625 0.00078125 0.00234375
2 0.1912109375 0.6005859375 0.001953125 0.002734375
2 0.4921875 0.59921875 0.00078125 0.00078125
2 0.1904296875 0.59765625 0.000390625 0.00078125
2 0.492578125 0.5955078125 0.0015625 0.002734375
2 0.190625 0.592578125 0.00078125 0.00234375
2 0.191796875 0.5935546875 0.0015625 0.008203125
2 0.7923828125 0.5900390625 0.001171875 0.001953125
2 0.494140625 0.5888671875 0.00078125 0.001171875
2 0.5119140625 0.6044921875 0.014453125 0.034765625
2 0.1921875 0.5865234375 0.00078125 0.001171875
2 0.8111328125 0.6017578125 0.014453125 0.037890625
2 0.209765625 0.5990234375 0.0140625 0.033203125
2 0.7951171875 0.5798828125 0.000390625 0.000390625
2 0.4228515625 0.6005859375 0.035546875 0.043359375
2 0.48125 0.6 0.0078125 0.04296875
2 0.4572265625 0.6001953125 0.030859375 0.044921875
2 0.724609375 0.5955078125 0.034375 0.041796875
2 0.123828125 0.5955078125 0.034375 0.041796875
2 0.78125 0.5951171875 0.0078125 0.041796875
2 0.18046875 0.5951171875 0.0078125 0.041796875
2 0.7578125 0.5953125 0.0296875 0.04375
2 0.1572265625 0.5953125 0.030078125 0.04375
2 0.4818359375 0.566796875 0.016796875 0.0171875
2 0.781640625 0.5626953125 0.01640625 0.016796875
2 0.180859375 0.5626953125 0.01640625 0.016796875
2 0.5453125 0.6041015625 0.1015625 0.115234375
2 0.8439453125 0.5990234375 0.097265625 0.111328125
2 0.24296875 0.5990234375 0.09765625 0.111328125
2 0.6662109375 0.5134765625 0.001953125 0.030078125
2 0.3626953125 0.5146484375 0.001953125 0.033984375
2 0.0654296875 0.5126953125 0.001953125 0.030859375
2 0.6669921875 0.49296875 0.000390625 0.00078125
2 0.6669921875 0.4880859375 0.000390625 0.000390625
2 0.333984375 0.315234375 0.00078125 0.0015625
2 0.33125 0.31328125 0.0015625 0.0015625
2 0.9330078125 0.3099609375 0.002734375 0.001171875
2 0.3328125 0.308984375 0.00234375 0.003125
2 0.33203125 0.3013671875 0.0015625 0.006640625
2 0.6609375 0.29765625 0.00078125 0.0015625
2 0.661328125 0.29140625 0.00078125 0.00078125
2 0.9439453125 0.3013671875 0.025390625 0.033984375
2 0.649609375 0.2970703125 0.025 0.034765625
2 0.9474609375 0.2671875 0.009765625 0.02734375
2 0.6529296875 0.2634765625 0.009765625 0.025390625
2 0.9484375 0.2498046875 0.00078125 0.001953125
2 0.65390625 0.248046875 0.00078125 0.003125
2 0.6537109375 0.2431640625 0.000390625 0.001953125
2 0.9447265625 0.20546875 0.002734375 0.009375
2 0.3416015625 0.1955078125 0.001171875 0.002734375
2 0.9427734375 0.196875 0.002734375 0.00703125
2 0.3408203125 0.19296875 0.000390625 0.00078125
2 0.6490234375 0.194921875 0.005078125 0.01875
2 0.6841796875 0.1279296875 0.000390625 0.000390625
2 0.17421875 0.1193359375 0.00078125 0.001171875
2 0.7748046875 0.1189453125 0.000390625 0.001171875
2 0.9017578125 0.1125 0.000390625 0.00078125
2 0.775 0.108984375 0.00078125 0.00078125
2 0.7748046875 0.10546875 0.000390625 0.00078125
2 0.173828125 0.10546875 0.00078125 0.0015625
2 0.6052734375 0.1021484375 0.001171875 0.001171875
2 0.475 0.09921875 0.00078125 0.0015625
2 0.7724609375 0.0994140625 0.001171875 0.003515625
2 0.474609375 0.0958984375 0.00078125 0.001171875
2 0.4740234375 0.094140625 0.000390625 0.00078125
2 0.7033203125 0.109375 0.037109375 0.03515625
2 0.1021484375 0.1099609375 0.037890625 0.036328125
2 0.125390625 0.0916015625 0.00078125 0.000390625
2 0.172265625 0.096875 0.003125 0.0125
2 0.7720703125 0.0935546875 0.001171875 0.006640625
2 0.1255859375 0.0904296875 0.000390625 0.000390625
2 0.7267578125 0.0900390625 0.000390625 0.000390625
2 0.7287109375 0.0892578125 0.001171875 0.001171875
2 0.128515625 0.0890625 0.0015625 0.0015625
2 0.7333984375 0.0861328125 0.001171875 0.001171875
2 0.7521484375 0.0849609375 0.000390625 0.000390625
2 0.7345703125 0.0849609375 0.000390625 0.000390625
2 0.1513671875 0.0849609375 0.000390625 0.000390625
2 0.1552734375 0.0830078125 0.000390625 0.000390625
2 0.7392578125 0.083203125 0.005859375 0.00234375
2 0.1365234375 0.0845703125 0.008984375 0.005078125
2 0.4005859375 0.0998046875 0.038671875 0.037109375
2 0.423046875 0.0810546875 0.00078125 0.000390625
2 0.4724609375 0.085546875 0.001953125 0.01171875
2 0.779296875 0.08046875 0.0046875 0.00234375
2 0.2458984375 0.0794921875 0.000390625 0.000390625
2 0.1783203125 0.080859375 0.005078125 0.003125
2 0.7474609375 0.0796875 0.007421875 0.00390625
2 0.4283203125 0.078125 0.002734375 0.00234375
2 0.1486328125 0.0787109375 0.011328125 0.005078125
2 0.4322265625 0.0748046875 0.001171875 0.001171875
2 0.2880859375 0.13203125 0.103515625 0.115625
2 0.8888671875 0.1322265625 0.104296875 0.116796875
2 0.452734375 0.0736328125 0.00234375 0.001171875
2 0.7611328125 0.0744140625 0.017578125 0.005859375
2 0.437890625 0.0724609375 0.00625 0.002734375
2 0.771484375 0.07109375 0.00234375 0.00078125
2 0.163671875 0.0734375 0.0171875 0.00546875
2 0.4775390625 0.0705078125 0.001171875 0.001171875
2 0.175 0.0703125 0.00234375 0.00078125
2 0.8181640625 0.0697265625 0.001171875 0.000390625
2 0.21875 0.069921875 0.00234375 0.00078125
2 0.480078125 0.0693359375 0.00234375 0.001171875
2 0.4490234375 0.0677734375 0.012890625 0.005859375
2 0.591796875 0.1224609375 0.10859375 0.119921875
2 0.464453125 0.062109375 0.015625 0.0046875
2 0.47421875 0.059375 0.003125 0.00078125
2 0.5212890625 0.0587890625 0.001953125 0.000390625
2 0.5189453125 0.0583984375 0.001953125 0.000390625