2 0.5183333333333333 0.970625 0.0033333333333333335 0.00125
2 0.7025 0.255 0.015 0.0075
2 0.84 0.216875 0.006666666666666667 0.00375
2 0.5666666666666667 0.11 0.03666666666666667 0.0175
2 0.6333333333333333 0.09875 0.013333333333333334 0.015
2 0.5133333333333333 0.085 0.01 0.0075
2 0.58 0.075 0.01 0.0075
2 0.49333333333333335 0.045 0.023333333333333334 0.0075
2 0.8825 0.04375 0.015 0.0325
2 0.7541666666666667 0.02 0.021666666666666667 0.04
2 0.42 0.004375 0.01 0.00875
2 0.4825 0.421875 0.965 0.84375