2 0.7203125 0.703125 0.009375 0.0020833333333333333
2 0.7 0.703125 0.01875 0.0020833333333333333
2 0.5921875 0.6864583333333333 0.003125 0.00625
2 0.759375 0.6614583333333334 0.00625 0.00625
2 0.396875 0.6510416666666666 0.05 0.00625
2 0.675 0.6375 0.025 0.0125
2 0.74375 0.6364583333333333 0.025 0.014583333333333334
2 0.7203125 0.6364583333333333 0.009375 0.014583333333333334
2 0.7078125 0.6364583333333333 0.009375 0.014583333333333334
2 0.2890625 0.5791666666666667 0.003125 0.004166666666666667
2 0.725 0.5614583333333333 0.04375 0.010416666666666666
2 0.709375 0.6427083333333333 0.26875 0.18125
2 0.3171875 0.5447916666666667 0.009375 0.010416666666666666
2 0.4578125 0.5447916666666667 0.046875 0.04375
2 0.3953125 0.5229166666666667 0.015625 0.0125
2 0.353125 0.5197916666666667 0.0375 0.01875
2 0.4453125 0.51875 0.034375 0.020833333333333332
2 0.4109375 0.51875 0.009375 0.020833333333333332
2 0.3953125 0.5114583333333333 0.015625 0.00625
2 0.8375 0.5125 0.0125 0.025
2 0.4765625 0.49583333333333335 0.009375 0.008333333333333333
2 0.3171875 0.4979166666666667 0.009375 0.0125
2 0.834375 0.4822916666666667 0.00625 0.014583333333333334
2 0.7421875 0.4739583333333333 0.090625 0.022916666666666665
2 0.7265625 0.4635416666666667 0.003125 0.0020833333333333333
2 0.409375 0.41770833333333335 0.03125 0.00625
2 0.3984375 0.565625 0.265625 0.32708333333333334
2 0.7109375 0.4010416666666667 0.015625 0.0020833333333333333
2 0.525 0.3614583333333333 0.0125 0.022916666666666665
2 0.521875 0.32916666666666666 0.00625 0.016666666666666666
2 0.4359375 0.32395833333333335 0.084375 0.022916666666666665
2 0.4 0.2520833333333333 0.01875 0.004166666666666667