2 0.475625 0.600625 0.70875 0.44875
2 0.940625 0.286875 0.00625 0.00625
2 0.93375 0.28125 0.01 0.0175
2 0.776875 0.28125 0.01625 0.0175
2 0.719375 0.28125 0.01875 0.0175
2 0.89625 0.281875 0.0625 0.02875
2 0.834375 0.27875 0.04375 0.0225
2 0.6875 0.27875 0.0425 0.0225
2 0.644375 0.27875 0.04125 0.0225
2 0.860625 0.278125 0.00625 0.02375
2 0.8025 0.275625 0.0175 0.02875
2 0.753125 0.27875 0.02875 0.035
2 0.885625 0.23375 0.03125 0.03
2 0.861875 0.23375 0.02625 0.03
2 0.8275 0.234375 0.0325 0.03125
2 0.79125 0.23375 0.035 0.03
2 0.753125 0.23375 0.03375 0.03
2 0.71875 0.23375 0.0275 0.03
2 0.683125 0.23375 0.03125 0.03
2 0.78125 0.119375 0.105 0.13125