2 0.02321083172147002 0.49624530663329164 0.0038684719535783366 0.0037546933667083854
2 0.03288201160541586 0.49436795994993743 0.0038684719535783366 0.0025031289111389237
2 0.019342359767891684 0.47309136420525655 0.0038684719535783366 0.0025031289111389237
2 0.0019342359767891683 0.47058823529411764 0.0038684719535783366 0.0025031289111389237
2 0.015473887814313346 0.46996245306633294 0.019342359767891684 0.006257822277847309
2 0.022243713733075435 0.4549436795994994 0.0019342359767891683 0.0012515644555694619
2 0.0029013539651837525 0.44806007509386736 0.005802707930367505 0.0050062578222778474
2 0.059961315280464215 0.418648310387985 0.015473887814313346 0.006257822277847309
2 0.08317214700193423 0.40801001251564456 0.007736943907156673 0.0050062578222778474
2 0.07059961315280464 0.40801001251564456 0.009671179883945842 0.0050062578222778474
2 0.09381044487427466 0.3948685857321652 0.005802707930367505 0.0037546933667083854
2 0.022243713733075435 0.3785982478097622 0.0019342359767891683 0.0012515644555694619
2 0.0029013539651837525 0.37484355444305384 0.005802707930367505 0.0037546933667083854
2 0.059961315280464215 0.36733416770963706 0.0038684719535783366 0.0012515644555694619
2 0.043520309477756286 0.36733416770963706 0.005802707930367505 0.0037546933667083854
2 0.0183752417794971 0.3335419274092616 0.0019342359767891683 0.0012515644555694619
2 0.007736943907156673 0.25156445556946183 0.015473887814313346 0.007509386733416771
2 0.010638297872340425 0.23717146433041303 0.0019342359767891683 0.0012515644555694619
2 0.017408123791102514 0.22090112640801002 0.0038684719535783366 0.0012515644555694619
2 0.015473887814313346 0.2165206508135169 0.0038684719535783366 0.0025031289111389237
2 0.0019342359767891683 0.19899874843554444 0.0038684719535783366 0.0025031289111389237
2 0.5 0.5 1.0 1.0