2 0.9977777777777778 0.9977777777777778 0.0044444444444444444 0.0044444444444444444
2 0.56 0.9955555555555555 0.008888888888888889 0.008888888888888889
2 0.8888888888888888 0.9933333333333333 0.02666666666666667 0.013333333333333334
2 0.8488888888888889 0.9933333333333333 0.017777777777777778 0.013333333333333334
2 0.8177777777777778 0.9933333333333333 0.008888888888888889 0.013333333333333334
2 0.6466666666666666 0.9933333333333333 0.0044444444444444444 0.013333333333333334
2 0.5955555555555555 0.9933333333333333 0.02666666666666667 0.013333333333333334
2 0.44222222222222224 0.9933333333333333 0.03111111111111111 0.013333333333333334
2 0.4 0.9933333333333333 0.017777777777777778 0.013333333333333334
2 0.37333333333333335 0.9933333333333333 0.008888888888888889 0.013333333333333334
2 0.2 0.9933333333333333 0.008888888888888889 0.013333333333333334
2 0.14888888888888888 0.9933333333333333 0.022222222222222223 0.013333333333333334
2 0.11555555555555555 0.9933333333333333 0.008888888888888889 0.013333333333333334
2 0.006666666666666667 0.9888888888888889 0.013333333333333334 0.0044444444444444444
2 0.8933333333333333 0.9666666666666667 0.017777777777777778 0.0044444444444444444
2 0.8444444444444444 0.9688888888888889 0.035555555555555556 0.008888888888888889
2 0.6555555555555556 0.9666666666666667 0.0044444444444444444 0.0044444444444444444
2 0.6244444444444445 0.9666666666666667 0.0044444444444444444 0.0044444444444444444
2 0.5933333333333334 0.9688888888888889 0.0044444444444444444 0.008888888888888889
2 0.4488888888888889 0.9666666666666667 0.017777777777777778 0.0044444444444444444
2 0.39555555555555555 0.9688888888888889 0.02666666666666667 0.008888888888888889
2 0.2088888888888889 0.9666666666666667 0.008888888888888889 0.0044444444444444444
2 0.14888888888888888 0.9666666666666667 0.0044444444444444444 0.0044444444444444444
2 0.006666666666666667 0.9666666666666667 0.013333333333333334 0.0044444444444444444
2 0.006666666666666667 0.5666666666666667 0.013333333333333334 0.0044444444444444444
2 0.9977777777777778 0.5555555555555556 0.0044444444444444444 0.008888888888888889
2 0.8888888888888888 0.5555555555555556 0.035555555555555556 0.02666666666666667
2 0.8333333333333334 0.5555555555555556 0.04888888888888889 0.02666666666666667
2 0.1111111111111111 0.5555555555555556 0.017777777777777778 0.02666666666666667
2 0.006666666666666667 0.5444444444444444 0.013333333333333334 0.0044444444444444444
2 0.8955555555555555 0.5222222222222223 0.022222222222222223 0.0044444444444444444
2 0.8422222222222222 0.5222222222222223 0.03111111111111111 0.0044444444444444444
2 0.14888888888888888 0.5222222222222223 0.0044444444444444444 0.0044444444444444444
2 0.0044444444444444444 0.5222222222222223 0.008888888888888889 0.0044444444444444444
2 0.008888888888888889 0.12222222222222222 0.017777777777777778 0.0044444444444444444
2 0.9977777777777778 0.10888888888888888 0.0044444444444444444 0.013333333333333334
2 0.8888888888888888 0.1111111111111111 0.035555555555555556 0.02666666666666667
2 0.8333333333333334 0.1111111111111111 0.04888888888888889 0.02666666666666667
2 0.5088888888888888 0.4888888888888889 0.8044444444444444 0.7822222222222223
2 0.3888888888888889 0.1111111111111111 0.04888888888888889 0.02666666666666667
2 0.19777777777777777 0.1111111111111111 0.013333333333333334 0.02666666666666667
2 0.1111111111111111 0.1111111111111111 0.017777777777777778 0.02666666666666667
2 0.0044444444444444444 0.1 0.008888888888888889 0.0044444444444444444
2 0.44222222222222224 0.10888888888888888 0.04 0.03111111111111111
2 0.1511111111111111 0.10888888888888888 0.035555555555555556 0.03111111111111111
2 0.8955555555555555 0.07777777777777778 0.022222222222222223 0.0044444444444444444
2 0.8422222222222222 0.07777777777777778 0.03111111111111111 0.0044444444444444444
2 0.6555555555555556 0.07777777777777778 0.0044444444444444444 0.0044444444444444444
2 0.6222222222222222 0.07777777777777778 0.008888888888888889 0.0044444444444444444
2 0.5933333333333334 0.07777777777777778 0.0044444444444444444 0.0044444444444444444
2 0.45111111111111113 0.07777777777777778 0.022222222222222223 0.0044444444444444444
2 0.3977777777777778 0.07777777777777778 0.03111111111111111 0.0044444444444444444
2 0.2088888888888889 0.07777777777777778 0.008888888888888889 0.0044444444444444444
2 0.006666666666666667 0.07777777777777778 0.013333333333333334 0.0044444444444444444