2 0.9533333333333334 0.74 0.022222222222222223 0.022222222222222223
2 0.9933333333333333 0.7288888888888889 0.013333333333333334 0.008888888888888889
2 0.8933333333333333 0.72 0.008888888888888889 0.008888888888888889
2 0.9555555555555556 0.7111111111111111 0.02666666666666667 0.017777777777777778
2 0.9422222222222222 0.6755555555555556 0.017777777777777778 0.017777777777777778
2 0.94 0.66 0.0044444444444444444 0.0044444444444444444
2 0.9777777777777777 0.22444444444444445 0.017777777777777778 0.013333333333333334
2 0.9888888888888889 0.2111111111111111 0.0044444444444444444 0.0044444444444444444
2 0.9466666666666667 0.2 0.008888888888888889 0.008888888888888889
2 0.9933333333333333 0.011111111111111112 0.013333333333333334 0.022222222222222223
2 0.5 0.5 1.0 1.0