2 0.3155 0.9245 0.002 0.001
2 0.285 0.91775 0.021 0.0305
2 0.26525 0.88125 0.0035 0.0035
2 0.19725 0.856 0.0035 0.004
2 0.262 0.8485 0.002 0.004
2 0.19425 0.848 0.0055 0.009
2 0.262 0.837 0.002 0.007
2 0.1975 0.8285 0.004 0.011
2 0.19875 0.8055 0.0015 0.006
2 0.262 0.8115 0.004 0.038
2 0.35725 0.76575 0.0005 0.0005
2 0.411 0.74225 0.001 0.0035
2 0.55175 0.73675 0.0045 0.0045
2 0.56425 0.73275 0.0005 0.0005
2 0.566 0.728 0.003 0.006
2 0.3895 0.726 0.002 0.003
2 0.561 0.72375 0.004 0.0035
2 0.386 0.72225 0.003 0.0015
2 0.3695 0.722 0.004 0.003
2 0.62425 0.71725 0.0015 0.0015
2 0.5825 0.72225 0.013 0.0165
2 0.56625 0.717 0.0025 0.007
2 0.55325 0.7165 0.0045 0.006
2 0.36725 0.71 0.0015 0.003
2 0.3735 0.71375 0.01 0.0115
2 0.348 0.706 0.003 0.003
2 0.593 0.7075 0.004 0.007
2 0.58 0.7075 0.006 0.007
2 0.346 0.699 0.003 0.001
2 0.356 0.69825 0.007 0.0015
2 0.682 0.67975 0.001 0.0005
2 0.33825 0.68525 0.0195 0.0205
2 0.325 0.672 0.005 0.007
2 0.31475 0.665 0.0025 0.005
2 0.274 0.661 0.004 0.004
2 0.43225 0.65725 0.0005 0.0005
2 0.43425 0.658 0.0025 0.003
2 0.31275 0.65675 0.0015 0.0015
2 0.318 0.6555 0.003 0.002
2 0.314 0.653 0.003 0.001
2 0.67825 0.64725 0.0005 0.0005
2 0.28075 0.626 0.0015 0.004
2 0.3 0.61725 0.007 0.0055
2 0.3 0.609 0.007 0.001
2 0.298 0.596 0.003 0.003
2 0.3225 0.58975 0.001 0.0015
2 0.51125 0.63275 0.1505 0.0985
2 0.319 0.576 0.002 0.006
2 0.31825 0.5685 0.0005 0.001
2 0.771 0.52425 0.001 0.0005
2 0.774 0.52075 0.001 0.0005
2 0.55375 0.70075 0.5765 0.4035
2 0.788 0.49575 0.001 0.0015
2 0.2005 0.55575 0.005 0.1265
2 0.797 0.47875 0.002 0.0035
2 0.804 0.465 0.001 0.002
2 0.805 0.46125 0.002 0.0045
2 0.32575 0.45875 0.0025 0.0025
2 0.8075 0.456 0.002 0.003
2 0.29625 0.456 0.0075 0.011
2 0.30175 0.45 0.0035 0.003
2 0.28675 0.445 0.0015 0.002
2 0.80675 0.44175 0.0015 0.0015
2 0.814 0.4395 0.002 0.003
2 0.3005 0.43825 0.021 0.0145
2 0.30075 0.428 0.0015 0.003
2 0.282 0.608 0.047 0.365
2 0.30325 0.42475 0.0005 0.0005
2 0.2905 0.4235 0.001 0.001
2 0.32775 0.422 0.0035 0.003
2 0.29175 0.41775 0.0025 0.0035
2 0.297 0.40525 0.007 0.0135
2 0.3185 0.40175 0.01 0.0115
2 0.2095 0.42275 0.014 0.0615
2 0.822 0.412 0.014 0.045
2 0.218 0.3855 0.002 0.006
2 0.306 0.3855 0.01 0.012
2 0.3565 0.37475 0.003 0.0025
2 0.34 0.371 0.007 0.001
2 0.31225 0.37125 0.0055 0.0085
2 0.83225 0.3615 0.0025 0.009
2 0.331 0.362 0.005 0.011
2 0.83275 0.35575 0.0005 0.0015
2 0.8325 0.345 0.001 0.001
2 0.3495 0.35 0.01 0.011
2 0.37925 0.3345 0.0015 0.006
2 0.833 0.33025 0.003 0.0095
2 0.83275 0.321 0.0015 0.002
2 0.34825 0.31675 0.0005 0.0005
2 0.87775 0.317 0.0015 0.002
2 0.87725 0.3 0.0025 0.011
2 0.83 0.298 0.006 0.021
2 0.87625 0.28225 0.0025 0.0075
2 0.827 0.278 0.003 0.012
2 0.82475 0.26725 0.0025 0.0045
2 0.81925 0.25275 0.0005 0.0005
2 0.202 0.235 0.001 0.001
2 0.2055 0.23 0.002 0.002
2 0.75125 0.2185 0.0135 0.041
2 0.79925 0.2085 0.0065 0.024
2 0.8005 0.195 0.001 0.001
2 0.83425 0.1745 0.0015 0.001