2 0.052127659574468084 0.6735714285714286 0.023404255319148935 0.018571428571428572
2 0.13085106382978723 0.6628571428571428 0.019148936170212766 0.017142857142857144
2 0.12872340425531914 0.6521428571428571 0.002127659574468085 0.0014285714285714286
2 0.06595744680851064 0.6442857142857142 0.0851063829787234 0.04
2 0.07765957446808511 0.6085714285714285 0.036170212765957444 0.02
2 0.14148936170212767 0.5971428571428572 0.036170212765957444 0.022857142857142857
2 0.03829787234042553 0.5871428571428572 0.01276595744680851 0.011428571428571429
2 0.011702127659574468 0.6 0.023404255319148935 0.037142857142857144
2 0.09787234042553192 0.5871428571428572 0.029787234042553193 0.025714285714285714
2 0.0574468085106383 0.5607142857142857 0.01702127659574468 0.015714285714285715
2 0.16914893617021276 0.5492857142857143 0.006382978723404255 0.004285714285714286
2 0.11808510638297873 0.5571428571428572 0.04893617021276596 0.02857142857142857
2 0.002127659574468085 0.4878571428571429 0.00425531914893617 0.004285714285714286
2 0.997872340425532 0.4785714285714286 0.00425531914893617 0.005714285714285714
2 0.9819148936170212 0.44285714285714284 0.036170212765957444 0.037142857142857144
2 0.023404255319148935 0.4235714285714286 0.01702127659574468 0.015714285714285715
2 0.9542553191489361 0.41928571428571426 0.010638297872340425 0.01
2 0.0010638297872340426 0.3871428571428571 0.002127659574468085 0.002857142857142857
2 0.9117021276595745 0.39 0.014893617021276596 0.011428571428571429
2 0.9957446808510638 0.3807142857142857 0.00851063829787234 0.007142857142857143
2 0.9617021276595744 0.38142857142857145 0.02553191489361702 0.014285714285714285
2 0.18617021276595744 0.3707142857142857 0.023404255319148935 0.01
2 0.752127659574468 0.3607142857142857 0.006382978723404255 0.004285714285714286
2 0.00851063829787234 0.3692857142857143 0.01702127659574468 0.02142857142857143
2 0.05638297872340425 0.35928571428571426 0.07446808510638298 0.024285714285714285
2 0.9521276595744681 0.3442857142857143 0.002127659574468085 0.002857142857142857
2 0.75 0.3414285714285714 0.010638297872340425 0.008571428571428572
2 0.014893617021276596 0.34 0.01276595744680851 0.008571428571428572
2 0.06595744680851064 0.3364285714285714 0.01702127659574468 0.012857142857142857
2 0.9276595744680851 0.33 0.00851063829787234 0.005714285714285714
2 0.8585106382978723 0.33214285714285713 0.010638297872340425 0.01
2 0.16914893617021276 0.33285714285714285 0.019148936170212766 0.017142857142857144
2 0.20425531914893616 0.3242857142857143 0.00851063829787234 0.005714285714285714
2 0.08936170212765958 0.33285714285714285 0.02553191489361702 0.025714285714285714
2 0.9723404255319149 0.3142857142857143 0.01276595744680851 0.005714285714285714
2 0.17872340425531916 0.3157142857142857 0.01276595744680851 0.008571428571428572
2 0.7829787234042553 0.3057142857142857 0.01276595744680851 0.011428571428571429
2 0.15851063829787235 0.30214285714285716 0.006382978723404255 0.004285714285714286
2 0.015957446808510637 0.31214285714285717 0.031914893617021274 0.027142857142857142
2 0.12127659574468085 0.30642857142857144 0.02553191489361702 0.027142857142857142
2 0.09468085106382979 0.2935714285714286 0.006382978723404255 0.007142857142857143
2 0.18404255319148935 0.2857142857142857 0.019148936170212766 0.017142857142857144
2 0.16914893617021276 0.2764285714285714 0.002127659574468085 0.0014285714285714286
2 0.9319148936170213 0.28214285714285714 0.02553191489361702 0.024285714285714285
2 0.7968085106382978 0.2785714285714286 0.014893617021276596 0.017142857142857144
2 0.8223404255319149 0.2757142857142857 0.014893617021276596 0.014285714285714285
2 0.05319148936170213 0.2735714285714286 0.02127659574468085 0.015714285714285715
2 0.10531914893617021 0.26357142857142857 0.023404255319148935 0.015714285714285715
2 0.7904255319148936 0.25857142857142856 0.010638297872340425 0.011428571428571429
2 0.9765957446808511 0.27285714285714285 0.029787234042553193 0.04285714285714286
2 0.1372340425531915 0.26357142857142857 0.019148936170212766 0.024285714285714285
2 0.05531914893617021 0.25357142857142856 0.00851063829787234 0.007142857142857143
2 0.8563829787234043 0.25285714285714284 0.031914893617021274 0.017142857142857144
2 0.013829787234042552 0.24571428571428572 0.010638297872340425 0.008571428571428572
2 0.0797872340425532 0.24428571428571427 0.014893617021276596 0.011428571428571429
2 0.002127659574468085 0.23857142857142857 0.00425531914893617 0.005714285714285714
2 0.07659574468085106 0.2257142857142857 0.00851063829787234 0.008571428571428572
2 0.014893617021276596 0.21357142857142858 0.029787234042553193 0.015714285714285715
2 0.14361702127659576 0.21428571428571427 0.04893617021276596 0.03142857142857143
2 0.9872340425531915 0.20142857142857143 0.01276595744680851 0.008571428571428572
2 0.8074468085106383 0.2007142857142857 0.023404255319148935 0.015714285714285715
2 0.9393617021276596 0.19142857142857142 0.006382978723404255 0.002857142857142857
2 0.17340425531914894 0.1992857142857143 0.014893617021276596 0.02142857142857143
2 0.7787234042553192 0.18785714285714286 0.01702127659574468 0.01
2 0.1148936170212766 0.18785714285714286 0.00851063829787234 0.012857142857142857
2 0.9212765957446809 0.18 0.02127659574468085 0.014285714285714285
2 0.15106382978723404 0.17785714285714285 0.01702127659574468 0.015714285714285715
2 0.9904255319148936 0.1757142857142857 0.019148936170212766 0.014285714285714285
2 0.8393617021276596 0.165 0.010638297872340425 0.007142857142857143
2 0.18936170212765957 0.16857142857142857 0.01702127659574468 0.022857142857142857
2 0.05319148936170213 0.16214285714285714 0.01276595744680851 0.01
2 0.9170212765957447 0.15428571428571428 0.00425531914893617 0.002857142857142857
2 0.1574468085106383 0.15428571428571428 0.00851063829787234 0.002857142857142857
2 0.0425531914893617 0.18214285714285713 0.0851063829787234 0.07
2 0.8840425531914894 0.15714285714285714 0.019148936170212766 0.022857142857142857
2 0.031914893617021274 0.1457142857142857 0.00425531914893617 0.002857142857142857
2 0.10851063829787234 0.13714285714285715 0.01276595744680851 0.005714285714285714
2 0.16063829787234044 0.1357142857142857 0.023404255319148935 0.017142857142857144
2 0.9627659574468085 0.12857142857142856 0.010638297872340425 0.011428571428571429
2 0.15212765957446808 0.12428571428571429 0.002127659574468085 0.002857142857142857
2 0.8308510638297872 0.12285714285714286 0.031914893617021274 0.02
2 0.9648936170212766 0.10857142857142857 0.006382978723404255 0.002857142857142857
2 0.8063829787234043 0.13071428571428573 0.02553191489361702 0.047142857142857146
2 0.9840425531914894 0.10214285714285715 0.010638297872340425 0.007142857142857143
2 0.005319148936170213 0.10357142857142858 0.010638297872340425 0.012857142857142857
2 0.9531914893617022 0.09928571428571428 0.01276595744680851 0.01
2 0.08085106382978724 0.1 0.02127659574468085 0.011428571428571429
2 0.926595744680851 0.10785714285714286 0.036170212765957444 0.03571428571428571
2 0.07765957446808511 0.08785714285714286 0.002127659574468085 0.0014285714285714286
2 0.7978723404255319 0.07642857142857143 0.00425531914893617 0.004285714285714286
2 0.997872340425532 0.06857142857142857 0.00425531914893617 0.002857142857142857
2 0.9744680851063829 0.06571428571428571 0.00425531914893617 0.002857142857142857
2 0.46170212765957447 0.062142857142857146 0.00425531914893617 0.004285714285714286
2 0.9531914893617022 0.07142857142857142 0.05106382978723404 0.04857142857142857
2 0.9968085106382979 0.04928571428571429 0.006382978723404255 0.007142857142857143
2 0.8978723404255319 0.04285714285714286 0.00851063829787234 0.005714285714285714
2 0.8776595744680851 0.06928571428571428 0.04042553191489362 0.06428571428571428
2 0.5446808510638298 0.039285714285714285 0.01276595744680851 0.007142857142857143
2 0.9531914893617022 0.03785714285714286 0.029787234042553193 0.027142857142857142
2 0.8734042553191489 0.02214285714285714 0.014893617021276596 0.01
2 0.8457446808510638 0.012857142857142857 0.010638297872340425 0.005714285714285714
2 0.9117021276595745 0.024285714285714285 0.031914893617021274 0.03428571428571429
2 0.8446808510638298 0.005714285714285714 0.00851063829787234 0.005714285714285714
2 0.6776595744680851 0.0064285714285714285 0.010638297872340425 0.007142857142857143
2 0.4563829787234043 0.02857142857142857 0.0574468085106383 0.054285714285714284
2 0.9659574468085106 0.015 0.06808510638297872 0.03
2 0.8063829787234043 0.005714285714285714 0.02127659574468085 0.011428571428571429
2 0.7797872340425532 0.013571428571428571 0.04042553191489362 0.027142857142857142
2 0.6074468085106383 0.004285714285714286 0.019148936170212766 0.008571428571428572
2 0.5702127659574469 0.027857142857142858 0.03829787234042553 0.055714285714285716
2 0.5180851063829788 0.022857142857142857 0.031914893617021274 0.045714285714285714
2 0.474468085106383 0.013571428571428571 0.029787234042553193 0.027142857142857142
2 0.3946808510638298 0.013571428571428571 0.036170212765957444 0.027142857142857142
2 0.3595744680851064 0.009285714285714286 0.02553191489361702 0.018571428571428572
2 0.2542553191489362 0.0014285714285714286 0.006382978723404255 0.002857142857142857
2 0.5 0.5 1.0 1.0
2 0.20106382978723406 0.015714285714285715 0.04042553191489362 0.03142857142857143
2 0.08723404255319149 0.08857142857142856 0.17446808510638298 0.17714285714285713