2 0.19464720194647203 0.8363746958637469 0.0012165450121654502 0.0012165450121654502
2 0.19038929440389293 0.8345498783454988 0.0012165450121654502 0.0012165450121654502
2 0.754257907542579 0.8050486618004866 0.0012165450121654502 0.0018248175182481751
2 0.7788929440389294 0.7755474452554745 0.0006082725060827251 0.0024330900243309003
2 0.7740267639902676 0.7725060827250608 0.0018248175182481751 0.0024330900243309003
2 0.8436739659367397 0.718978102189781 0.0036496350364963502 0.004866180048661801
2 0.8451946472019465 0.7131995133819952 0.0030413625304136255 0.005474452554744526
2 0.14750608272506083 0.6867396593673966 0.010340632603406326 0.012165450121654502
2 0.15541362530413624 0.6472019464720195 0.0018248175182481751 0.0024330900243309003
2 0.16423357664233576 0.656021897810219 0.015815085158150853 0.021289537712895375
2 0.2712895377128954 0.6377737226277372 0.0170316301703163 0.013990267639902677
2 0.23023114355231145 0.805352798053528 0.22201946472019465 0.35036496350364965
2 0.15815085158150852 0.6335158150851582 0.010948905109489052 0.009124087591240875
2 0.229014598540146 0.6319951338199513 0.0030413625304136255 0.0072992700729927005
2 0.17913625304136252 0.6246958637469586 0.004257907542579075 0.0036496350364963502
2 0.2737226277372263 0.6222627737226277 0.00851581508515815 0.006082725060827251
2 0.18552311435523114 0.6183090024330901 0.01338199513381995 0.007907542579075427
2 0.2706812652068126 0.6140510948905109 0.009732360097323601 0.007907542579075427
2 0.2621654501216545 0.6076642335766423 0.006082725060827251 0.0036496350364963502
2 0.25669099756691 0.6049270072992701 0.0036496350364963502 0.0018248175182481751
2 0.18704379562043796 0.6052311435523114 0.007907542579075427 0.0036496350364963502
2 0.24148418491484186 0.6000608272506083 0.0012165450121654502 0.0006082725060827251
2 0.2548661800486618 0.6012773722627737 0.006082725060827251 0.004257907542579075
2 0.23266423357664234 0.5967153284671532 0.0018248175182481751 0.0012165450121654502
2 0.22445255474452555 0.5927615571776156 0.012165450121654502 0.009124087591240875
2 0.8059610705596107 0.7722019464720195 0.22749391727493917 0.4142335766423358
2 0.5048661800486618 0.7706812652068127 0.22384428223844283 0.41849148418491483
2 0.753345498783455 0.3470194647201946 0.0030413625304136255 0.0006082725060827251
2 0.15298053527980535 0.3403284671532847 0.0006082725060827251 0.0006082725060827251
2 0.4230535279805353 0.3309002433090024 0.005474452554744526 0.010948905109489052
2 0.8412408759124088 0.15328467153284672 0.0012165450121654502 0.0012165450121654502
2 0.22871046228710462 0.3375912408759124 0.23479318734793186 0.4099756690997567
2 0.791970802919708 0.33667883211678834 0.24330900243309003 0.4118004866180049
2 0.5018248175182481 0.3327250608272506 0.24574209245742093 0.4257907542579075