2 0.135 0.9964285714285714 0.0014285714285714286 0.0014285714285714286
2 0.3107142857142857 0.9235714285714286 0.004285714285714286 0.004285714285714286
2 0.49214285714285716 0.9178571428571428 0.0014285714285714286 0.0014285714285714286
2 0.49714285714285716 0.9171428571428571 0.002857142857142857 0.002857142857142857
2 0.47928571428571426 0.8992857142857142 0.024285714285714285 0.007142857142857143
2 0.4742857142857143 0.9192857142857143 0.2542857142857143 0.05
2 0.4471428571428571 0.9028571428571428 0.08571428571428572 0.02857142857142857
2 0.7414285714285714 0.8157142857142857 0.002857142857142857 0.002857142857142857
2 0.735 0.815 0.0014285714285714286 0.0014285714285714286
2 0.4635714285714286 0.8214285714285714 0.02142857142857143 0.014285714285714285
2 0.8485714285714285 0.8121428571428572 0.014285714285714285 0.004285714285714286
2 0.7478571428571429 0.8107142857142857 0.004285714285714286 0.004285714285714286
2 0.8585714285714285 0.8078571428571428 0.002857142857142857 0.0014285714285714286
2 0.8385714285714285 0.8057142857142857 0.002857142857142857 0.002857142857142857
2 0.34714285714285714 0.8135714285714286 0.002857142857142857 0.018571428571428572
2 0.6878571428571428 0.8 0.0014285714285714286 0.002857142857142857
2 0.885 0.7978571428571428 0.004285714285714286 0.004285714285714286
2 0.8785714285714286 0.7935714285714286 0.002857142857142857 0.0014285714285714286
2 0.8285714285714286 0.7942857142857143 0.002857142857142857 0.002857142857142857
2 0.7857142857142857 0.8157142857142857 0.24 0.05142857142857143
2 0.17642857142857143 0.7892857142857143 0.027142857142857142 0.007142857142857143
2 0.1757142857142857 0.8071428571428572 0.24 0.05142857142857143
2 0.8528571428571429 0.7857142857142857 0.02857142857142857 0.011428571428571429
2 0.6071428571428571 0.8 0.005714285714285714 0.04285714285714286
2 0.1692857142857143 0.7785714285714286 0.018571428571428572 0.005714285714285714
2 0.09642857142857143 0.7792857142857142 0.032857142857142856 0.012857142857142857
2 0.11928571428571429 0.7721428571428571 0.004285714285714286 0.0014285714285714286
2 0.5207142857142857 0.7614285714285715 0.012857142857142857 0.014285714285714285
2 0.5221428571428571 0.7485714285714286 0.012857142857142857 0.011428571428571429
2 0.5214285714285715 0.735 0.014285714285714285 0.012857142857142857
2 0.7957142857142857 0.7271428571428571 0.02 0.014285714285714285
2 0.17 0.7185714285714285 0.02 0.014285714285714285
2 0.4692857142857143 0.7085714285714285 0.03 0.017142857142857144
2 0.8092857142857143 0.6728571428571428 0.01 0.011428571428571429
2 0.22071428571428572 0.6657142857142857 0.01 0.011428571428571429
2 0.5235714285714286 0.685 0.015714285714285715 0.05285714285714286
2 0.81 0.6607142857142857 0.011428571428571429 0.007142857142857143
2 0.22142857142857142 0.6535714285714286 0.011428571428571429 0.01
2 0.81 0.6492857142857142 0.014285714285714285 0.012857142857142857
2 0.22071428571428572 0.6407142857142857 0.012857142857142857 0.012857142857142857
2 0.5257142857142857 0.6357142857142857 0.014285714285714285 0.03142857142857143
2 0.175 0.6128571428571429 0.027142857142857142 0.014285714285714285
2 0.8028571428571428 0.6157142857142858 0.02857142857142857 0.025714285714285714
2 0.22142857142857142 0.6071428571428571 0.011428571428571429 0.022857142857142857
2 0.4692857142857143 0.5964285714285714 0.03 0.015714285714285715
2 0.8121428571428572 0.595 0.012857142857142857 0.015714285714285715
2 0.5257142857142857 0.5942857142857143 0.014285714285714285 0.014285714285714285
2 0.22142857142857142 0.5864285714285714 0.011428571428571429 0.015714285714285715
2 0.8128571428571428 0.5821428571428572 0.011428571428571429 0.01
2 0.22214285714285714 0.5735714285714286 0.01 0.007142857142857143
2 0.8135714285714286 0.5564285714285714 0.012857142857142857 0.03
2 0.22214285714285714 0.5485714285714286 0.012857142857142857 0.02857142857142857
2 0.5271428571428571 0.5592857142857143 0.014285714285714285 0.055714285714285716
2 0.05857142857142857 0.5564285714285714 0.002857142857142857 0.06428571428571428
2 0.8057142857142857 0.5171428571428571 0.03142857142857143 0.017142857142857144
2 0.22214285714285714 0.5114285714285715 0.012857142857142857 0.011428571428571429
2 0.8157142857142857 0.5064285714285715 0.011428571428571429 0.01
2 0.17857142857142858 0.5071428571428571 0.02 0.014285714285714285
2 0.16357142857142856 0.5064285714285715 0.007142857142857143 0.012857142857142857
2 0.22357142857142856 0.5 0.01 0.008571428571428572
2 0.5278571428571428 0.5064285714285715 0.012857142857142857 0.047142857142857146
2 0.22214285714285714 0.48642857142857143 0.012857142857142857 0.012857142857142857
2 0.7771428571428571 0.6035714285714285 0.008571428571428572 0.25
2 0.5292857142857142 0.47714285714285715 0.01 0.005714285714285714
2 0.4692857142857143 0.4807142857142857 0.03 0.015714285714285715
2 0.5235714285714286 0.46785714285714286 0.0014285714285714286 0.0014285714285714286
2 0.8157142857142857 0.47928571428571426 0.014285714285714285 0.041428571428571426
2 0.22285714285714286 0.4657142857142857 0.011428571428571429 0.02857142857142857
2 0.8171428571428572 0.4521428571428571 0.008571428571428572 0.004285714285714286
2 0.3507142857142857 0.4514285714285714 0.0014285714285714286 0.011428571428571429
2 0.22285714285714286 0.445 0.008571428571428572 0.004285714285714286
2 0.53 0.4392857142857143 0.014285714285714285 0.041428571428571426
2 0.22357142857142856 0.4228571428571429 0.012857142857142857 0.037142857142857144
2 0.8078571428571428 0.425 0.03571428571428571 0.047142857142857146
2 0.22428571428571428 0.3985714285714286 0.011428571428571429 0.005714285714285714
2 0.7792857142857142 0.435 0.007142857142857143 0.08428571428571428
2 0.17285714285714285 0.4 0.02857142857142857 0.014285714285714285
2 0.8192857142857143 0.37714285714285717 0.012857142857142857 0.025714285714285714
2 0.44285714285714284 0.5928571428571429 0.008571428571428572 0.46
2 0.5307142857142857 0.38 0.012857142857142857 0.037142857142857144
2 0.47 0.365 0.03142857142857143 0.015714285714285715
2 0.8214285714285714 0.35642857142857143 0.011428571428571429 0.012857142857142857
2 0.22428571428571428 0.3628571428571429 0.014285714285714285 0.04
2 0.5321428571428571 0.3385714285714286 0.012857142857142857 0.03142857142857143
2 0.5357142857142857 0.3192857142857143 0.002857142857142857 0.0014285714285714286
2 0.7807142857142857 0.3457142857142857 0.007142857142857143 0.09142857142857143
2 0.8107142857142857 0.31142857142857144 0.03571428571428571 0.037142857142857144
2 0.14857142857142858 0.505 0.008571428571428572 0.43
2 0.225 0.30642857142857144 0.012857142857142857 0.03571428571428571
2 0.17285714285714285 0.29214285714285715 0.02857142857142857 0.015714285714285715
2 0.6028571428571429 0.2814285714285714 0.014285714285714285 0.022857142857142857
2 0.36714285714285716 0.2785714285714286 0.017142857142857144 0.02857142857142857
2 0.8235714285714286 0.27714285714285714 0.012857142857142857 0.02857142857142857
2 0.37785714285714284 0.2592857142857143 0.004285714285714286 0.004285714285714286
2 0.22642857142857142 0.26857142857142857 0.012857142857142857 0.02857142857142857
2 0.2292857142857143 0.24928571428571428 0.0014285714285714286 0.0014285714285714286
2 0.485 0.20285714285714285 0.2357142857142857 0.13142857142857142
2 0.8035714285714286 0.17142857142857143 0.22714285714285715 0.15714285714285714
2 0.18357142857142858 0.1357142857142857 0.22142857142857142 0.11142857142857143