2 0.142 0.9628378378378378 0.004 0.02027027027027027
2 0.041 0.9375 0.006 0.010135135135135136
2 0.014 0.9493243243243243 0.02 0.04054054054054054
2 0.121 0.9054054054054054 0.006 0.006756756756756757
2 0.961 0.9003378378378378 0.01 0.010135135135135136
2 0.951 0.8918918918918919 0.006 0.006756756756756757
2 0.942 0.8868243243243243 0.004 0.0033783783783783786
2 0.489 0.875 0.01 0.006756756756756757
2 0.371 0.8800675675675675 0.042 0.016891891891891893
2 0.937 0.8597972972972973 0.002 0.0033783783783783786
2 0.202 0.8716216216216216 0.12 0.04054054054054054
2 0.112 0.8344594594594594 0.016 0.02702702702702703
2 0.071 0.8902027027027027 0.142 0.2195945945945946
2 0.519 0.785472972972973 0.046 0.016891891891891893
2 0.139 0.7753378378378378 0.014 0.016891891891891893
2 0.372 0.75 0.084 0.04054054054054054
2 0.838 0.7027027027027027 0.008 0.013513513513513514
2 0.732 0.6672297297297297 0.004 0.010135135135135136
2 0.236 0.7364864864864865 0.072 0.22972972972972974
2 0.14 0.6858108108108109 0.012 0.16216216216216217
2 0.31 0.5962837837837838 0.34 0.04391891891891892
2 0.42 0.5152027027027027 0.052 0.010135135135135136
2 0.523 0.5304054054054054 0.102 0.0472972972972973
2 0.132 0.4831081081081081 0.004 0.02702702702702703
2 0.167 0.42567567567567566 0.006 0.006756756756756757
2 0.228 0.39864864864864863 0.004 0.006756756756756757
2 0.34 0.3952702702702703 0.228 0.07432432432432433
2 0.349 0.3564189189189189 0.002 0.0033783783783783786
2 0.601 0.643581081081081 0.67 0.5844594594594594
2 0.352 0.34290540540540543 0.004 0.016891891891891893
2 0.57 0.3293918918918919 0.3 0.030405405405405407
2 0.24 0.26013513513513514 0.028 0.013513513513513514
2 0.622 0.2516891891891892 0.012 0.010135135135135136
2 0.571 0.25 0.022 0.006756756756756757
2 0.668 0.24662162162162163 0.028 0.006756756756756757
2 0.612 0.14527027027027026 0.004 0.006756756756756757
2 0.722 0.19763513513513514 0.012 0.11824324324324324
2 0.648 0.15371621621621623 0.076 0.05067567567567568
2 0.52 0.14864864864864866 0.148 0.05405405405405406
2 0.502 0.0945945945945946 0.004 0.013513513513513514
2 0.624 0.013513513513513514 0.028 0.013513513513513514