2 0.7388888888888889 0.9333333333333333 0.008333333333333333 0.005555555555555556
2 0.7298611111111111 0.9284722222222223 0.004166666666666667 0.006944444444444444
2 0.3173611111111111 0.9138888888888889 0.006944444444444444 0.005555555555555556
2 0.3347222222222222 0.9152777777777777 0.016666666666666666 0.013888888888888888
2 0.32083333333333336 0.9006944444444445 0.002777777777777778 0.004166666666666667
2 0.6909722222222222 0.8909722222222223 0.004166666666666667 0.004166666666666667
2 0.7152777777777778 0.8743055555555556 0.008333333333333333 0.0125
2 0.7020833333333333 0.875 0.009722222222222222 0.013888888888888888
2 0.73125 0.8513888888888889 0.004166666666666667 0.002777777777777778
2 0.7548611111111111 0.8493055555555555 0.004166666666666667 0.004166666666666667
2 0.8618055555555556 0.84375 0.001388888888888889 0.001388888888888889
2 0.8715277777777778 0.8423611111111111 0.0125 0.0125
2 0.7520833333333333 0.8743055555555556 0.12083333333333333 0.10972222222222222
2 0.8826388888888889 0.8222222222222222 0.009722222222222222 0.011111111111111112
2 0.38680555555555557 0.8659722222222223 0.15416666666666667 0.10138888888888889
2 0.8625 0.8194444444444444 0.011111111111111112 0.011111111111111112
2 0.5791666666666667 0.8659722222222223 0.175 0.12361111111111112
2 0.5020833333333333 0.80625 0.004166666666666667 0.004166666666666667
2 0.8944444444444445 0.79375 0.019444444444444445 0.018055555555555554
2 0.8020833333333334 0.7875 0.02638888888888889 0.041666666666666664
2 0.84375 0.80625 0.05138888888888889 0.09027777777777778
2 0.7881944444444444 0.7333333333333333 0.001388888888888889 0.002777777777777778
2 0.7159722222222222 0.7673611111111112 0.0625 0.09861111111111111
2 0.47152777777777777 0.7548611111111111 0.09583333333333334 0.13472222222222222
2 0.5277777777777778 0.6222222222222222 0.008333333333333333 0.005555555555555556
2 0.525 0.6090277777777777 0.002777777777777778 0.001388888888888889
2 0.49722222222222223 0.6125 0.9805555555555555 0.6444444444444445
2 0.42291666666666666 0.19027777777777777 0.006944444444444444 0.002777777777777778
2 0.38472222222222224 0.17847222222222223 0.002777777777777778 0.004166666666666667
2 0.49722222222222223 0.15902777777777777 0.30833333333333335 0.2513888888888889