2 0.7452547452547452 0.7867132867132867 0.003996003996003996 0.000999000999000999
2 0.29920079920079923 0.7867132867132867 0.004995004995004995 0.000999000999000999
2 0.28621378621378624 0.7867132867132867 0.000999000999000999 0.000999000999000999
2 0.25224775224775225 0.7867132867132867 0.01098901098901099 0.000999000999000999
2 0.6138861138861139 0.7737262737262737 0.000999000999000999 0.000999000999000999
2 0.16733266733266733 0.7737262737262737 0.000999000999000999 0.000999000999000999
2 0.8286713286713286 0.7737262737262737 0.004995004995004995 0.002997002997002997
2 0.38161838161838163 0.7742257742257742 0.005994005994005994 0.003996003996003996
2 0.7217782217782218 0.7552447552447552 0.1928071928071928 0.027972027972027972
2 0.2757242757242757 0.7552447552447552 0.1938061938061938 0.027972027972027972
2 0.8491508491508492 0.547952047952048 0.001998001998001998 0.000999000999000999
2 0.7702297702297702 0.537962037962038 0.005994005994005994 0.000999000999000999
2 0.7632367632367633 0.537962037962038 0.005994005994005994 0.000999000999000999
2 0.31518481518481517 0.537962037962038 0.006993006993006993 0.000999000999000999
2 0.6908091908091908 0.5344655344655345 0.002997002997002997 0.007992007992007992
2 0.24375624375624375 0.5339660339660339 0.003996003996003996 0.008991008991008992
2 0.2202797202797203 0.510989010989011 0.000999000999000999 0.000999000999000999
2 0.7117882117882118 0.505994005994006 0.004995004995004995 0.004995004995004995
2 0.2647352647352647 0.505994005994006 0.005994005994005994 0.004995004995004995
2 0.6978021978021978 0.48951048951048953 0.002997002997002997 0.001998001998001998
2 0.25074925074925075 0.48951048951048953 0.001998001998001998 0.001998001998001998
2 0.7112887112887113 0.4745254745254745 0.005994005994005994 0.04395604395604396
2 0.7227772227772228 0.5184815184815185 0.3786213786213786 0.24975024975024976
2 0.2762237762237762 0.5184815184815185 0.3786213786213786 0.24975024975024976
2 0.6908091908091908 0.39110889110889113 0.004995004995004995 0.004995004995004995
2 0.24425574425574426 0.39110889110889113 0.004995004995004995 0.004995004995004995
2 0.7532467532467533 0.3906093906093906 0.005994005994005994 0.005994005994005994
2 0.3066933066933067 0.3906093906093906 0.005994005994005994 0.005994005994005994
2 0.7442557442557443 0.3786213786213786 0.005994005994005994 0.023976023976023976
2 0.7437562437562437 0.36363636363636365 0.002997002997002997 0.003996003996003996
2 0.2972027972027972 0.3761238761238761 0.004995004995004995 0.028971028971028972
2 0.7402597402597403 0.34065934065934067 0.007992007992007992 0.025974025974025976
2 0.7042957042957043 0.33966033966033965 0.007992007992007992 0.023976023976023976
2 0.2937062937062937 0.34065934065934067 0.007992007992007992 0.025974025974025976
2 0.25774225774225773 0.33966033966033965 0.007992007992007992 0.023976023976023976
2 0.6908091908091908 0.2902097902097902 0.000999000999000999 0.000999000999000999
2 0.24375624375624375 0.2897102897102897 0.001998001998001998 0.001998001998001998
2 0.6973026973026973 0.2802197802197802 0.005994005994005994 0.01098901098901099
2 0.7047952047952047 0.2647352647352647 0.008991008991008992 0.017982017982017984
2 0.25674325674325676 0.2677322677322677 0.017982017982017984 0.03796203796203796
2 0.7112887112887113 0.25124875124875123 0.003996003996003996 0.006993006993006993
2 0.26723276723276723 0.24625374625374624 0.000999000999000999 0.000999000999000999
2 0.7147852147852148 0.24425574425574426 0.000999000999000999 0.000999000999000999
2 0.7052947052947053 0.3111888111888112 0.14785214785214784 0.16283716283716285
2 0.25874125874125875 0.3111888111888112 0.14785214785214784 0.16283716283716285