2 0.44033333333333335 0.9265498652291105 0.004666666666666667 0.0026954177897574125
2 0.46266666666666667 0.8645552560646901 0.004 0.0026954177897574125
2 0.5436666666666666 0.8628706199460916 0.0033333333333333335 0.0033692722371967657
2 0.5763333333333334 0.8581536388140162 0.002 0.0020215633423180594
2 0.8783333333333333 0.8180592991913747 0.002 0.0013477088948787063
2 0.8963333333333333 0.8076145552560647 0.0006666666666666666 0.0006738544474393531
2 0.704 0.5825471698113207 0.0013333333333333333 0.0006738544474393531
2 0.753 0.5360512129380054 0.0006666666666666666 0.0006738544474393531
2 0.7563333333333333 0.5306603773584906 0.004666666666666667 0.0047169811320754715
2 0.83 0.4898921832884097 0.009333333333333334 0.009433962264150943
2 0.776 0.48247978436657685 0.005333333333333333 0.005390835579514825
2 0.845 0.4720350404312669 0.004666666666666667 0.0047169811320754715
2 0.855 0.4673180592991914 0.007333333333333333 0.007412398921832884
2 0.2733333333333333 0.46462264150943394 0.0013333333333333333 0.0020215633423180594
2 0.9243333333333333 0.4568733153638814 0.0033333333333333335 0.0026954177897574125
2 0.26666666666666666 0.45485175202156336 0.004 0.005390835579514825
2 0.906 0.4497978436657682 0.0013333333333333333 0.0033692722371967657
2 0.007333333333333333 0.4393530997304582 0.0013333333333333333 0.0013477088948787063
2 0.9283333333333333 0.4383423180592992 0.0033333333333333335 0.0033692722371967657
2 0.9056666666666666 0.4390161725067385 0.006 0.007412398921832884
2 0.9373333333333334 0.4329514824797844 0.0026666666666666666 0.007412398921832884
2 0.06533333333333333 0.43227762803234504 0.006666666666666667 0.006064690026954178
2 0.013333333333333334 0.419811320754717 0.0026666666666666666 0.0013477088948787063
2 0.9476666666666667 0.4167789757412399 0.006 0.006064690026954178
2 0.037333333333333336 0.4123989218328841 0.004 0.005390835579514825
2 0.9626666666666667 0.3824123989218329 0.014666666666666666 0.010107816711590296
2 0.9333333333333333 0.38005390835579517 0.010666666666666666 0.005390835579514825
2 0.5 0.4858490566037736 1.0 0.9716981132075472