2 0.482 0.9552652414885194 0.2 0.011876484560570071
2 0.578 0.9501187648456056 0.005333333333333333 0.003167062549485352
2 0.41533333333333333 0.9481393507521774 0.0013333333333333333 0.000791765637371338
2 0.48933333333333334 0.9501187648456056 0.128 0.009501187648456057
2 0.4093333333333333 0.946159936658749 0.005333333333333333 0.004750593824228029
2 0.6453333333333333 0.942596991290578 0.10533333333333333 0.02929532858273951
2 0.31033333333333335 0.9259699129057799 0.0006666666666666666 0.000791765637371338
2 0.30266666666666664 0.9228028503562945 0.0013333333333333333 0.000791765637371338
2 0.299 0.9208234362628662 0.002 0.001583531274742676
2 0.719 0.9196357878068092 0.0006666666666666666 0.000791765637371338
2 0.723 0.9172604908946952 0.0033333333333333335 0.0023752969121140144
2 0.76 0.9168646080760094 0.004 0.003167062549485352
2 0.28633333333333333 0.9156769596199525 0.0033333333333333335 0.0055423594615993665
2 0.2786666666666667 0.9097387173396675 0.004 0.004750593824228029
2 0.6696666666666666 0.9085510688836105 0.006 0.00395882818685669
2 0.5463333333333333 0.9386381631037213 0.462 0.08630245447347586
2 0.805 0.8879651623119557 0.0006666666666666666 0.000791765637371338
2 0.8076666666666666 0.8847980997624703 0.0006666666666666666 0.000791765637371338
2 0.811 0.8808392715756136 0.0033333333333333335 0.00395882818685669
2 0.23966666666666667 0.8293745051464766 0.0006666666666666666 0.000791765637371338
2 0.22166666666666668 0.8258115597783057 0.0033333333333333335 0.006334125098970704
2 0.2683333333333333 0.8709422011084719 0.214 0.15993665874901028
2 0.22366666666666668 0.7909738717339667 0.0006666666666666666 0.001583531274742676
2 0.3903333333333333 0.7866191607284244 0.0006666666666666666 0.000791765637371338
2 0.3333333333333333 0.7882026920031671 0.005333333333333333 0.0055423594615993665
2 0.26266666666666666 0.7794932699920823 0.0013333333333333333 0.000791765637371338
2 0.3586666666666667 0.8460015835312747 0.02666666666666667 0.14489311163895488
2 0.27 0.7711797307996833 0.005333333333333333 0.003167062549485352
2 0.27366666666666667 0.7660332541567696 0.002 0.0023752969121140144
2 0.756 0.7569279493269992 0.004 0.003167062549485352
2 0.3443333333333333 0.7628661916072842 0.0033333333333333335 0.018210609659540775
2 0.712 0.7292161520190024 0.004 0.001583531274742676
2 0.7086666666666667 0.7232779097387173 0.0026666666666666666 0.00395882818685669
2 0.744 0.721298495645289 0.0026666666666666666 0.001583531274742676
2 0.317 0.715360253365004 0.002 0.0023752969121140144
2 0.344 0.7106096595407759 0.0013333333333333333 0.0023752969121140144
2 0.3393333333333333 0.7288202692003167 0.006666666666666667 0.04829770387965162
2 0.335 0.6967537608867775 0.002 0.012668250197941409
2 0.6683333333333333 0.6888361045130641 0.004666666666666667 0.001583531274742676
2 0.653 0.684085510688836 0.004666666666666667 0.003167062549485352
2 0.3333333333333333 0.6844813935075218 0.0013333333333333333 0.007125890736342043
2 0.332 0.672209026128266 0.0013333333333333333 0.00791765637371338
2 0.2966666666666667 0.7878068091844814 0.144 0.29612034837688045
2 0.5633333333333334 0.6247030878859857 0.0026666666666666666 0.001583531274742676
2 0.5676666666666667 0.6215360253365004 0.004666666666666667 0.003167062549485352
2 0.793 0.619556611243072 0.0033333333333333335 0.0023752969121140144
2 0.5723333333333334 0.618368962787015 0.002 0.001583531274742676
2 0.5763333333333334 0.6163895486935868 0.0006666666666666666 0.000791765637371338
2 0.5776666666666667 0.6155977830562154 0.0006666666666666666 0.000791765637371338
2 0.829 0.614806017418844 0.0006666666666666666 0.000791765637371338
2 0.5803333333333334 0.6144101346001584 0.0033333333333333335 0.001583531274742676
2 0.5856666666666667 0.6120348376880443 0.002 0.001583531274742676
2 0.588 0.6108471892319873 0.0013333333333333333 0.000791765637371338
2 0.7503333333333333 0.602929532858274 0.0006666666666666666 0.000791765637371338
2 0.32133333333333336 0.5934283452098179 0.0013333333333333333 0.000791765637371338
2 0.747 0.5954077593032462 0.019333333333333334 0.006334125098970704
2 0.7423333333333333 0.5918448139350753 0.0006666666666666666 0.000791765637371338
2 0.6836666666666666 0.5894695170229612 0.002 0.000791765637371338
2 0.7483333333333333 0.5886777513855899 0.0006666666666666666 0.000791765637371338
2 0.6906666666666667 0.5886777513855899 0.008 0.0023752969121140144
2 0.6676666666666666 0.5886777513855899 0.004666666666666667 0.0023752969121140144
2 0.7026666666666667 0.5863024544734758 0.0013333333333333333 0.000791765637371338
2 0.7456666666666667 0.5855106888361045 0.002 0.000791765637371338
2 0.7463333333333333 0.5847189231987332 0.03 0.013460015835312747
2 0.10933333333333334 0.5407759303246239 0.005333333333333333 0.004750593824228029
2 0.09866666666666667 0.5285035629453682 0.016 0.018210609659540775
2 0.9203333333333333 0.4588281868566904 0.0006666666666666666 0.00395882818685669
2 0.06966666666666667 0.46318289786223277 0.011333333333333334 0.03800475059382423
2 0.5016666666666667 0.6856690419635788 0.8553333333333333 0.5225653206650831
2 0.933 0.442596991290578 0.011333333333333334 0.0395882818685669
2 0.9666666666666667 0.34639746634996044 0.0013333333333333333 0.00870942201108472
2 0.963 0.25455265241488517 0.002 0.00395882818685669
2 0.08233333333333333 0.15558194774346792 0.0006666666666666666 0.000791765637371338
2 0.08366666666666667 0.15399841646872525 0.0006666666666666666 0.000791765637371338
2 0.087 0.15162311955661123 0.0006666666666666666 0.000791765637371338
2 0.8506666666666667 0.11718131433095803 0.172 0.0997624703087886
2 0.49966666666666665 0.2814726840855107 0.9326666666666666 0.5249406175771971