2 0.6794871794871795 0.4025423728813559 0.004273504273504274 0.01694915254237288
2 0.6132478632478633 0.4025423728813559 0.008547008547008548 0.01694915254237288
2 0.6356837606837606 0.3516949152542373 0.010683760683760684 0.01694915254237288
2 0.6549145299145299 0.3072033898305085 0.00641025641025641 0.012711864406779662
2 0.532051282051282 0.5677966101694916 0.37606837606837606 0.6101694915254238
2 0.6720085470085471 0.336864406779661 0.10042735042735043 0.2245762711864407
2 0.6955128205128205 0.211864406779661 0.00641025641025641 0.00847457627118644
2 0.6036324786324786 0.21610169491525424 0.014957264957264958 0.01694915254237288
2 0.5032051282051282 0.2097457627118644 0.019230769230769232 0.029661016949152543
2 0.5865384615384616 0.19703389830508475 0.010683760683760684 0.012711864406779662
2 0.563034188034188 0.1228813559322034 0.202991452991453 0.2457627118644068