2 0.3883333333333333 0.9815 0.0033333333333333335 0.003
2 0.4196666666666667 0.958 0.002 0.004
2 0.422 0.956 0.0013333333333333333 0.002
2 0.42 0.954 0.0013333333333333333 0.002
2 0.426 0.95 0.0026666666666666666 0.004
2 0.42866666666666664 0.9455 0.0013333333333333333 0.001
2 0.0006666666666666666 0.5035 0.0013333333333333333 0.001
2 0.969 0.452 0.004666666666666667 0.002
2 0.963 0.4455 0.0033333333333333335 0.003
2 0.971 0.4385 0.002 0.003
2 0.9523333333333334 0.422 0.002 0.002
2 0.9676666666666667 0.417 0.0033333333333333335 0.006
2 0.957 0.4155 0.0033333333333333335 0.003
2 0.9776666666666667 0.432 0.04466666666666667 0.038
2 0.9923333333333333 0.373 0.011333333333333334 0.022
2 0.8436666666666667 0.0025 0.0033333333333333335 0.005
2 0.5 0.5 1.0 1.0