2 0.22253787878787878 0.11994949494949494 0.005681818181818182 0.007575757575757576
2 0.27367424242424243 0.1148989898989899 0.017045454545454544 0.012626262626262626
2 0.2547348484848485 0.1148989898989899 0.013257575757575758 0.022727272727272728
2 0.26325757575757575 0.10227272727272728 0.007575757575757576 0.012626262626262626
2 0.22443181818181818 0.10227272727272728 0.00946969696969697 0.012626262626262626
2 0.23958333333333334 0.09595959595959595 0.00946969696969697 0.010101010101010102
2 0.22537878787878787 0.07575757575757576 0.011363636363636364 0.025252525252525252
2 0.2869318181818182 0.07702020202020202 0.07007575757575757 0.03787878787878788
2 0.29640151515151514 0.054292929292929296 0.001893939393939394 0.0025252525252525255
2 0.3390151515151515 0.05303030303030303 0.007575757575757576 0.010101010101010102
2 0.29450757575757575 0.06186868686868687 0.03598484848484849 0.027777777777777776
2 0.3125 0.05176767676767677 0.007575757575757576 0.012626262626262626
2 0.23484848484848486 0.06186868686868687 0.030303030303030304 0.03787878787878788
2 0.3873106060606061 0.04671717171717172 0.013257575757575758 0.012626262626262626
2 0.2935606060606061 0.04040404040404041 0.003787878787878788 0.005050505050505051
2 0.3039772727272727 0.03787878787878788 0.005681818181818182 0.005050505050505051
2 0.09090909090909091 0.03787878787878788 0.003787878787878788 0.005050505050505051
2 0.3409090909090909 0.03535353535353535 0.003787878787878788 0.005050505050505051
2 0.13731060606060605 0.03409090909090909 0.001893939393939394 0.0025252525252525255
2 0.1259469696969697 0.03787878787878788 0.005681818181818182 0.010101010101010102
2 0.11363636363636363 0.036616161616161616 0.003787878787878788 0.007575757575757576
2 0.06818181818181818 0.03409090909090909 0.003787878787878788 0.0025252525252525255
2 0.05776515151515151 0.039141414141414144 0.005681818181818182 0.012626262626262626
2 0.04640151515151515 0.03409090909090909 0.001893939393939394 0.0025252525252525255
2 0.035037878787878785 0.03409090909090909 0.001893939393939394 0.0025252525252525255
2 0.023674242424242424 0.039141414141414144 0.005681818181818182 0.012626262626262626
2 0.2793560606060606 0.03409090909090909 0.005681818181818182 0.007575757575757576
2 0.4270833333333333 0.030303030303030304 0.005681818181818182 0.005050505050505051
2 0.32386363636363635 0.03787878787878788 0.022727272727272728 0.020202020202020204
2 0.2528409090909091 0.04419191919191919 0.043560606060606064 0.03282828282828283
2 0.22348484848484848 0.03282828282828283 0.007575757575757576 0.010101010101010102
2 0.3645833333333333 0.04292929292929293 0.028409090909090908 0.03535353535353535
2 0.39299242424242425 0.027777777777777776 0.00946969696969697 0.010101010101010102
2 0.42992424242424243 0.022727272727272728 0.003787878787878788 0.005050505050505051
2 0.3731060606060606 0.030303030303030304 0.015151515151515152 0.020202020202020204
2 0.29450757575757575 0.025252525252525252 0.013257575757575758 0.010101010101010102
2 0.26988636363636365 0.022727272727272728 0.005681818181818182 0.005050505050505051
2 0.2556818181818182 0.023989898989898988 0.003787878787878788 0.007575757575757576
2 0.3418560606060606 0.020202020202020204 0.001893939393939394 0.005050505050505051
2 0.3058712121212121 0.01893939393939394 0.005681818181818182 0.007575757575757576
2 0.23674242424242425 0.021464646464646464 0.01893939393939394 0.012626262626262626
2 0.3806818181818182 0.017676767676767676 0.007575757575757576 0.010101010101010102
2 0.32670454545454547 0.021464646464646464 0.017045454545454544 0.017676767676767676
2 0.28125 0.016414141414141416 0.005681818181818182 0.007575757575757576
2 0.5132575757575758 0.013888888888888888 0.011363636363636364 0.012626262626262626
2 0.4128787878787879 0.016414141414141416 0.022727272727272728 0.017676767676767676
2 0.35795454545454547 0.012626262626262626 0.007575757575757576 0.010101010101010102
2 0.6373106060606061 0.010101010101010102 0.00946969696969697 0.010101010101010102
2 0.22348484848484848 0.012626262626262626 0.007575757575757576 0.015151515151515152
2 0.5928030303030303 0.0025252525252525255 0.007575757575757576 0.005050505050505051
2 0.5501893939393939 0.008838383838383838 0.032196969696969696 0.017676767676767676
2 0.4990530303030303 0.5 0.5662878787878788 1.0
2 0.5047348484848485 0.005050505050505051 0.017045454545454544 0.010101010101010102
2 0.4933712121212121 0.013888888888888888 0.020833333333333332 0.027777777777777776
2 0.45928030303030304 0.008838383838383838 0.03598484848484849 0.017676767676767676
2 0.4365530303030303 0.012626262626262626 0.020833333333333332 0.025252525252525252
2 0.4081439393939394 0.005050505050505051 0.00946969696969697 0.010101010101010102
2 0.3939393939393939 0.008838383838383838 0.011363636363636364 0.017676767676767676
2 0.3702651515151515 0.005050505050505051 0.013257575757575758 0.010101010101010102
2 0.3484848484848485 0.0025252525252525255 0.007575757575757576 0.005050505050505051
2 0.33238636363636365 0.005050505050505051 0.005681818181818182 0.010101010101010102
2 0.3096590909090909 0.003787878787878788 0.00946969696969697 0.007575757575757576
2 0.2727272727272727 0.003787878787878788 0.003787878787878788 0.007575757575757576
2 0.25946969696969696 0.006313131313131313 0.007575757575757576 0.012626262626262626
2 0.23200757575757575 0.003787878787878788 0.00946969696969697 0.007575757575757576