2 0.525313669381466 0.6418084751418085 0.00022011886418666079 0.000333667000333667
2 0.5244331939247193 0.6418084751418085 0.00022011886418666079 0.000333667000333667
2 0.4906449482720669 0.6414748081414748 0.0008804754567466431 0.000333667000333667
2 0.4895443539511336 0.641307974641308 0.00044023772837332157 0.000667334000667334
2 0.48679286814880035 0.6409743076409743 0.0015408320493066256 0.000667334000667334
2 0.48525203609949374 0.6409743076409743 0.0006603565925599824 0.000667334000667334
2 0.48437156064274706 0.6409743076409743 0.00022011886418666079 0.000667334000667334
2 0.48327096632181377 0.6406406406406406 0.0006603565925599824 0.000667334000667334
2 0.5358793748624258 0.6406406406406406 0.00286154523442659 0.001334668001334668
2 0.4811798371120405 0.6394728061394728 0.0013207131851199648 0.001001001001001001
2 0.4772176975566806 0.638304971638305 0.00044023772837332157 0.000667334000667334
2 0.5606427470834251 0.6378044711378045 0.00044023772837332157 0.000333667000333667
2 0.48095971824785383 0.6376376376376376 0.00044023772837332157 0.000667334000667334
2 0.4779881135813339 0.638304971638305 0.0006603565925599824 0.002002002002002002
2 0.5635042923178516 0.6371371371371372 0.00044023772837332157 0.000333667000333667
2 0.562623816861105 0.6373039706373039 0.00044023772837332157 0.000667334000667334
2 0.47589698437156064 0.6376376376376376 0.0013207131851199648 0.002669336002669336
2 0.4785384107418006 0.636302969636303 0.0008804754567466431 0.001334668001334668
2 0.4795289456306405 0.6354688021354689 0.00022011886418666079 0.000333667000333667
2 0.47666740039621397 0.6354688021354689 0.00022011886418666079 0.000333667000333667
2 0.4735857362976007 0.6354688021354689 0.0006603565925599824 0.001001001001001001
2 0.47534668721109397 0.6349683016349683 0.0006603565925599824 0.000667334000667334
2 0.4731454985692274 0.634300967634301 0.0006603565925599824 0.000667334000667334
2 0.5682368478978649 0.6338004671338004 0.00022011886418666079 0.000333667000333667
2 0.4745762711864407 0.6339673006339673 0.00044023772837332157 0.000667334000667334
2 0.47919876733436056 0.6332999666333 0.00044023772837332157 0.000667334000667334
2 0.4729253797050407 0.6332999666333 0.00022011886418666079 0.000667334000667334
2 0.5677966101694916 0.6329662996329662 0.00022011886418666079 0.000667334000667334
2 0.4794188861985472 0.6321321321321322 0.00044023772837332157 0.000333667000333667
2 0.5683469073299582 0.6317984651317985 0.00044023772837332157 0.000333667000333667
2 0.47490644948272065 0.6314647981314648 0.00022011886418666079 0.000333667000333667
2 0.5622936385648251 0.6311311311311312 0.00022011886418666079 0.000333667000333667
2 0.4796390050627339 0.6262929596262929 0.00044023772837332157 0.000667334000667334
2 0.4751265683469073 0.6257924591257925 0.00022011886418666079 0.000333667000333667
2 0.5683469073299582 0.6256256256256256 0.0008804754567466431 0.000667334000667334
2 0.4790887079022672 0.6254587921254587 0.00022011886418666079 0.000333667000333667
2 0.474686330618534 0.6251251251251251 0.00022011886418666079 0.000333667000333667
2 0.5696676205150781 0.6251251251251251 0.00044023772837332157 0.001001001001001001
2 0.4775478758529606 0.6254587921254587 0.001100594320933304 0.003003003003003003
2 0.5706581554039181 0.6237904571237904 0.00022011886418666079 0.000333667000333667
2 0.47776799471714726 0.62328995662329 0.00022011886418666079 0.000667334000667334
2 0.47930882676645387 0.6226226226226226 0.00022011886418666079 0.000667334000667334
2 0.48062953995157387 0.6224557891224558 0.0006603565925599824 0.001001001001001001
2 0.2813119084305525 0.6214547881214548 0.0008804754567466431 0.000333667000333667
2 0.4834910851860004 0.6207874541207875 0.00022011886418666079 0.000333667000333667
2 0.562953995157385 0.6204537871204537 0.00022011886418666079 0.000333667000333667
2 0.5595421527624918 0.620286953620287 0.00044023772837332157 0.000667334000667334
2 0.5581113801452785 0.6201201201201201 0.0006603565925599824 0.001001001001001001
2 0.4861325115562404 0.6194527861194528 0.00022011886418666079 0.000333667000333667
2 0.48525203609949374 0.6194527861194528 0.00022011886418666079 0.000333667000333667
2 0.2838432753686991 0.619285952619286 0.0006603565925599824 0.000667334000667334
2 0.5532687651331719 0.6187854521187854 0.00022011886418666079 0.000333667000333667
2 0.48679286814880035 0.6184517851184518 0.00022011886418666079 0.000333667000333667
2 0.5565705480959718 0.6179512846179512 0.00022011886418666079 0.000667334000667334
2 0.4859123926920537 0.6179512846179512 0.00022011886418666079 0.000667334000667334
2 0.5169491525423728 0.6174507841174508 0.00022011886418666079 0.000333667000333667
2 0.28340303764032576 0.6177844511177845 0.0006603565925599824 0.001001001001001001
2 0.28197226502311246 0.6174507841174508 0.0008804754567466431 0.001001001001001001
2 0.27459828307285933 0.6172839506172839 0.0006603565925599824 0.000667334000667334
2 0.28230244331939247 0.6164497831164498 0.00022011886418666079 0.000333667000333667
2 0.527955095751706 0.6159492826159493 0.00022011886418666079 0.000667334000667334
2 0.5347787805414924 0.6154487821154487 0.00022011886418666079 0.000333667000333667
2 0.5271846797270526 0.6156156156156156 0.00044023772837332157 0.000667334000667334
2 0.5244331939247193 0.6154487821154487 0.00022011886418666079 0.000333667000333667
2 0.5159586176535329 0.6154487821154487 0.00044023772837332157 0.000333667000333667
2 0.5135373101474796 0.6154487821154487 0.00044023772837332157 0.000333667000333667
2 0.4906449482720669 0.6156156156156156 0.00044023772837332157 0.000667334000667334
2 0.5228923618754128 0.6151151151151151 0.00022011886418666079 0.000333667000333667
2 0.4916354831609069 0.6151151151151151 0.00022011886418666079 0.000333667000333667
2 0.5281752146158926 0.6147814481147814 0.00022011886418666079 0.000333667000333667
2 0.5398415144177856 0.6144477811144478 0.00022011886418666079 0.000333667000333667
2 0.5221219458507594 0.6146146146146146 0.00044023772837332157 0.000667334000667334
2 0.537640325775919 0.6141141141141141 0.00022011886418666079 0.000333667000333667
2 0.5278450363196125 0.6141141141141141 0.00044023772837332157 0.000333667000333667
2 0.5238828967642527 0.6144477811144478 0.0008804754567466431 0.001001001001001001
2 0.5199207572088927 0.6146146146146146 0.0008804754567466431 0.001334668001334668
2 0.5121065375302664 0.6137804471137804 0.00022011886418666079 0.000333667000333667
2 0.5332379484921858 0.6136136136136137 0.00022011886418666079 0.000667334000667334
2 0.5228923618754128 0.6134467801134468 0.00022011886418666079 0.000333667000333667
2 0.2955095751705921 0.6127794461127795 0.00022011886418666079 0.000333667000333667
2 0.26843495487563285 0.6119452786119453 0.001100594320933304 0.000667334000667334
2 0.29418886198547217 0.6187854521187854 0.02531366938146599 0.021021021021021023
2 0.300462249614792 0.6082749416082749 0.00044023772837332157 0.000667334000667334
2 0.299471714725952 0.6116116116116116 0.009465111160026414 0.008008008008008008
2 0.2896764252696456 0.6086086086086087 0.007043803653973145 0.004004004004004004
2 0.3015628439357253 0.6071071071071071 0.0013207131851199648 0.001668335001668335
2 0.2792207792207792 0.6074407741074408 0.002421307506053269 0.002335669002335669
2 0.29418886198547217 0.6061061061061062 0.00022011886418666079 0.000333667000333667
2 0.30937706361435174 0.6054387721054387 0.00022011886418666079 0.000333667000333667
2 0.30277349768875195 0.6054387721054387 0.00022011886418666079 0.000333667000333667
2 0.3036539731454986 0.6044377711044377 0.00022011886418666079 0.000333667000333667
2 0.300132071318512 0.6041041041041041 0.0006603565925599824 0.001001001001001001
2 0.30464450803433857 0.6034367701034368 0.0013207131851199648 0.001668335001668335
2 0.2957296940347788 0.609275942609276 0.011226062073519701 0.01334668001334668
2 0.311468192824125 0.6017684351017685 0.00044023772837332157 0.000333667000333667
2 0.299801893022232 0.6016016016016016 0.00044023772837332157 0.000667334000667334
2 0.31730134272507154 0.5990990990990991 0.00022011886418666079 0.000333667000333667
2 0.30651551837992513 0.6006006006006006 0.001981069777679947 0.00333667000333667
2 0.30783623156504514 0.5987654320987654 0.00022011886418666079 0.000333667000333667
2 0.3289676425269646 0.5982649315982649 0.0015408320493066256 0.002669336002669336
2 0.3084965881576051 0.5940940940940941 0.00022011886418666079 0.001001001001001001
2 0.3094871230464451 0.5920920920920921 0.0008804754567466431 0.002335669002335669
2 0.30574510235527186 0.5974307640974308 0.01100594320933304 0.013680347013680347
2 0.3313889500330178 0.5900900900900901 0.00022011886418666079 0.000333667000333667
2 0.3221439577371781 0.5894227560894227 0.00022011886418666079 0.000333667000333667
2 0.30783623156504514 0.5900900900900901 0.0006603565925599824 0.002335669002335669
2 0.6722430112260621 0.5895895895895896 0.0013207131851199648 0.002002002002002002
2 0.3290777019590579 0.5890890890890891 0.00044023772837332157 0.001001001001001001
2 0.324455205811138 0.5894227560894227 0.0013207131851199648 0.001668335001668335
2 0.3320493066255778 0.5887554220887554 0.0006603565925599824 0.002335669002335669
2 0.3301782962799912 0.5879212545879212 0.00044023772837332157 0.000667334000667334
2 0.3280871670702179 0.5879212545879212 0.0006603565925599824 0.000667334000667334
2 0.29528945630640546 0.5969302635969302 0.023992956196346026 0.01868535201868535
2 0.30970724191063176 0.5882549215882549 0.00044023772837332157 0.002669336002669336
2 0.6727933083865287 0.5857524190857524 0.00022011886418666079 0.000333667000333667
2 0.30937706361435174 0.5859192525859193 0.00022011886418666079 0.000667334000667334
2 0.3077261721329518 0.5864197530864198 0.0008804754567466431 0.001668335001668335
2 0.30871670702179177 0.5844177510844177 0.0006603565925599824 0.001001001001001001
2 0.6727933083865287 0.584250917584251 0.00022011886418666079 0.001334668001334668
2 0.3155403918115782 0.5827494160827494 0.00022011886418666079 0.000333667000333667
2 0.6727933083865287 0.5824157490824158 0.00022011886418666079 0.000333667000333667
2 0.6716927140655954 0.5825825825825826 0.00022011886418666079 0.001334668001334668
2 0.30970724191063176 0.5820820820820821 0.0013207131851199648 0.003003003003003003
2 0.3159806295399516 0.5807474140807474 0.0006603565925599824 0.001001001001001001
2 0.6713625357693155 0.5790790790790791 0.00044023772837332157 0.001001001001001001
2 0.4650011005943209 0.5772439105772439 0.00022011886418666079 0.000667334000667334
2 0.3116883116883117 0.5770770770770771 0.00044023772837332157 0.001001001001001001
2 0.3120184899845917 0.576076076076076 0.00022011886418666079 0.000333667000333667
2 0.4656614571868809 0.575075075075075 0.00022011886418666079 0.000333667000333667
2 0.31587057010785824 0.5752419085752419 0.00044023772837332157 0.002002002002002002
2 0.6713625357693155 0.5732399065732399 0.0017609509134932863 0.00333667000333667
2 0.463020030816641 0.5715715715715716 0.0006603565925599824 0.000667334000667334
2 0.3306185340083645 0.5715715715715716 0.00044023772837332157 0.000667334000667334
2 0.462029495927801 0.5705705705705706 0.00044023772837332157 0.000667334000667334
2 0.5837552278230245 0.5702369035702369 0.00044023772837332157 0.000667334000667334
2 0.31366938146599166 0.5704037370704037 0.00044023772837332157 0.001001001001001001
2 0.699867928681488 0.5769102435769102 0.0068236847897864845 0.014681348014681348
2 0.5865067136253577 0.5687354020687354 0.00022011886418666079 0.000333667000333667
2 0.5839753466872111 0.5687354020687354 0.00044023772837332157 0.000333667000333667
2 0.461038961038961 0.5687354020687354 0.00022011886418666079 0.000333667000333667
2 0.46390050627338764 0.5690690690690691 0.0006603565925599824 0.001668335001668335
2 0.461699317631521 0.5690690690690691 0.001100594320933304 0.001668335001668335
2 0.5848558221439577 0.5682349015682349 0.00044023772837332157 0.000667334000667334
2 0.4625797930882677 0.5682349015682349 0.0006603565925599824 0.001334668001334668
2 0.6707021791767555 0.5682349015682349 0.0013207131851199648 0.002002002002002002
2 0.5883777239709443 0.5674007340674008 0.00044023772837332157 0.000333667000333667
2 0.5857362976007043 0.5675675675675675 0.0008804754567466431 0.000667334000667334
2 0.5867268324895444 0.5670670670670671 0.00022011886418666079 0.000333667000333667
2 0.4612590799031477 0.5674007340674008 0.00022011886418666079 0.001001001001001001
2 0.31587057010785824 0.5672339005672339 0.00044023772837332157 0.000667334000667334
2 0.5877173673783843 0.5667334000667335 0.00044023772837332157 0.000333667000333667
2 0.46037860444640105 0.5667334000667335 0.00022011886418666079 0.000333667000333667
2 0.3146599163548316 0.5665665665665666 0.00022011886418666079 0.000667334000667334
2 0.46180937706361436 0.5665665665665666 0.0008804754567466431 0.002002002002002002
2 0.46246973365617433 0.5657323990657324 0.00044023772837332157 0.001001001001001001
2 0.3151001540832049 0.5647313980647314 0.00022011886418666079 0.000333667000333667
2 0.46544133832269424 0.5643977310643977 0.00022011886418666079 0.000333667000333667
2 0.3294078802553379 0.5643977310643977 0.00022011886418666079 0.000333667000333667
2 0.31532027294739157 0.5637303970637304 0.00022011886418666079 0.000333667000333667
2 0.46191943649570766 0.5637303970637304 0.0006603565925599824 0.001001001001001001
2 0.5190402817521461 0.5613947280613947 0.00044023772837332157 0.000333667000333667
2 0.46434074400176095 0.5615615615615616 0.0006603565925599824 0.000667334000667334
2 0.46324014968082766 0.5617283950617284 0.0006603565925599824 0.001001001001001001
2 0.48481179837112043 0.5637303970637304 0.003301782962799912 0.005672339005672339
2 0.5697776799471714 0.5607273940607274 0.00022011886418666079 0.000333667000333667
2 0.4634602685450143 0.5607273940607274 0.00022011886418666079 0.000333667000333667
2 0.4625797930882677 0.5607273940607274 0.00022011886418666079 0.000333667000333667
2 0.4641206251375743 0.5602268935602269 0.00022011886418666079 0.000667334000667334
2 0.6714725952014088 0.5618952285618952 0.0006603565925599824 0.006006006006006006
2 0.5695575610829848 0.559225892559226 0.00022011886418666079 0.000667334000667334
2 0.5189302223200528 0.5593927260593927 0.00022011886418666079 0.001668335001668335
2 0.5191503411842395 0.5580580580580581 0.00022011886418666079 0.000333667000333667
2 0.46984371560642746 0.5582248915582249 0.00022011886418666079 0.000667334000667334
2 0.46335020911292096 0.5583917250583917 0.0008804754567466431 0.001001001001001001
2 0.4686330618534008 0.5580580580580581 0.0008804754567466431 0.001001001001001001
2 0.46434074400176095 0.5577243910577244 0.00022011886418666079 0.000333667000333667
2 0.5191503411842395 0.5573907240573908 0.00022011886418666079 0.000333667000333667
2 0.4631300902487343 0.5572238905572239 0.00044023772837332157 0.000667334000667334
2 0.25203609949372663 0.5577243910577244 0.00044023772837332157 0.001668335001668335
2 0.6701518820162888 0.559225892559226 0.001100594320933304 0.00667334000667334
2 0.5275148580233326 0.556056056056056 0.00022011886418666079 0.000333667000333667
2 0.46401056570548094 0.5562228895562229 0.00044023772837332157 0.000667334000667334
2 0.2517059211974466 0.556056056056056 0.00022011886418666079 0.000333667000333667
2 0.4651111600264143 0.5555555555555556 0.00044023772837332157 0.000667334000667334
2 0.31190843055249834 0.5557223890557224 0.00044023772837332157 0.001001001001001001
2 0.4659916354831609 0.555055055055055 0.00044023772837332157 0.000333667000333667
2 0.463020030816641 0.5543877210543877 0.00022011886418666079 0.000333667000333667
2 0.3113581333920317 0.5543877210543877 0.00022011886418666079 0.000333667000333667
2 0.25148580233325996 0.5545545545545546 0.00022011886418666079 0.000667334000667334
2 0.5712084525643848 0.5547213880547214 0.0008804754567466431 0.001668335001668335
2 0.572309046885318 0.5537203870537204 0.00044023772837332157 0.001001001001001001
2 0.4662117543473476 0.5535535535535535 0.00044023772837332157 0.000667334000667334
2 0.4652212194585076 0.5537203870537204 0.0006603565925599824 0.001001001001001001
2 0.2512656834690733 0.5533867200533867 0.00022011886418666079 0.000333667000333667
2 0.5679066696015849 0.5567233900567234 0.0030816640986132513 0.007674341007674341
2 0.32566585956416466 0.5530530530530531 0.0006603565925599824 0.001001001001001001
2 0.4644508034338543 0.5527193860527194 0.00044023772837332157 0.001001001001001001
2 0.5868368919216377 0.5583917250583917 0.0035219018269865726 0.013013013013013013
2 0.47589698437156064 0.5542208875542209 0.0013207131851199648 0.004671338004671338
2 0.572309046885318 0.5520520520520521 0.00044023772837332157 0.001001001001001001
2 0.46390050627338764 0.5517183850517183 0.00022011886418666079 0.000333667000333667
2 0.27646929341844595 0.5523857190523858 0.0008804754567466431 0.001668335001668335
2 0.5709883337001981 0.5517183850517183 0.00044023772837332157 0.001001001001001001
2 0.2509355051727933 0.5518852185518852 0.00044023772837332157 0.001334668001334668
2 0.4754567466431873 0.5513847180513847 0.00044023772837332157 0.001001001001001001
2 0.28186220559101915 0.5513847180513847 0.0006603565925599824 0.001001001001001001
2 0.47435615232225403 0.5512178845512179 0.00044023772837332157 0.001334668001334668
2 0.4652212194585076 0.551051051051051 0.001100594320933304 0.001001001001001001
2 0.5785824345146379 0.5505505505505506 0.00022011886418666079 0.000667334000667334
2 0.5716486902927581 0.5505505505505506 0.00044023772837332157 0.000667334000667334
2 0.5706581554039181 0.5505505505505506 0.00022011886418666079 0.000667334000667334
2 0.5698877393792648 0.5505505505505506 0.00044023772837332157 0.000667334000667334
2 0.2836231565045124 0.5513847180513847 0.001100594320933304 0.002335669002335669
2 0.5672463130090248 0.5505505505505506 0.0008804754567466431 0.001334668001334668
2 0.46401056570548094 0.5505505505505506 0.0008804754567466431 0.001334668001334668
2 0.6698217037200088 0.5507173840507174 0.0017609509134932863 0.002335669002335669
2 0.47435615232225403 0.5497163830497164 0.00044023772837332157 0.000333667000333667
2 0.4596081884217477 0.5505505505505506 0.00044023772837332157 0.002002002002002002
2 0.32533568126788465 0.5497163830497164 0.00044023772837332157 0.000333667000333667
2 0.2890160686770856 0.5513847180513847 0.0017609509134932863 0.003670337003670337
2 0.28681488003521904 0.5513847180513847 0.0026414263702399295 0.003670337003670337
2 0.2506053268765133 0.5497163830497164 0.00022011886418666079 0.000333667000333667
2 0.7750385208012327 0.5517183850517183 0.003962139555359894 0.005005005005005005
2 0.46654193264362753 0.5493827160493827 0.00022011886418666079 0.000333667000333667
2 0.4655513977547876 0.5495495495495496 0.00044023772837332157 0.000667334000667334
2 0.5794629099713845 0.5492158825492158 0.00022011886418666079 0.000667334000667334
2 0.5785824345146379 0.549049049049049 0.00022011886418666079 0.000333667000333667
2 0.2911071978868589 0.551051051051051 0.00286154523442659 0.004337671004337671
2 0.2487343165309267 0.5502168835502169 0.00044023772837332157 0.002669336002669336
2 0.4761171032357473 0.55005005005005 0.0008804754567466431 0.003003003003003003
2 0.4596081884217477 0.5487153820487154 0.00044023772837332157 0.000333667000333667
2 0.24378164208672684 0.551051051051051 0.004182258419546555 0.005005005005005005
2 0.2506053268765133 0.5485485485485485 0.00022011886418666079 0.000667334000667334
2 0.5713185119964781 0.5492158825492158 0.001981069777679947 0.002669336002669336
2 0.5704380365397315 0.5473807140473808 0.0006603565925599824 0.000333667000333667
2 0.32720669161347127 0.5503837170503837 0.001981069777679947 0.006339673006339673
2 0.29055690072639223 0.5475475475475475 0.00044023772837332157 0.000667334000667334
2 0.24851419766674004 0.5478812145478812 0.00044023772837332157 0.001334668001334668
2 0.47446621175434733 0.5470470470470471 0.00022011886418666079 0.000333667000333667
2 0.5785824345146379 0.5473807140473808 0.00022011886418666079 0.001668335001668335
2 0.4669821703720009 0.5465465465465466 0.0006603565925599824 0.000667334000667334
2 0.5165089148139995 0.5508842175508842 0.00814439797490645 0.01001001001001001
2 0.4741360334580674 0.5462128795462129 0.00044023772837332157 0.000667334000667334
2 0.325445740699978 0.5462128795462129 0.0006603565925599824 0.000667334000667334
2 0.2810917895663658 0.5483817150483817 0.002201188641866608 0.005005005005005005
2 0.4729253797050407 0.5457123790457123 0.00022011886418666079 0.000333667000333667
2 0.5195905789126128 0.545045045045045 0.00022011886418666079 0.000333667000333667
2 0.5873871890821043 0.5468802135468802 0.00286154523442659 0.004671338004671338
2 0.45421527624917457 0.5455455455455456 0.00022011886418666079 0.002002002002002002
2 0.2845036319612591 0.5448782115448783 0.0006603565925599824 0.001334668001334668
2 0.4676425269645609 0.544044044044044 0.00022011886418666079 0.001001001001001001
2 0.2838432753686991 0.5437103770437104 0.00022011886418666079 0.000333667000333667
2 0.24543253356812678 0.5478812145478812 0.0017609509134932863 0.008675342008675343
2 0.32126348228043144 0.5453787120453787 0.00286154523442659 0.005005005005005005
2 0.5194805194805194 0.5428762095428762 0.00044023772837332157 0.000667334000667334
2 0.32434514637904466 0.5428762095428762 0.00022011886418666079 0.000667334000667334
2 0.6689412282632622 0.5432098765432098 0.00044023772837332157 0.002002002002002002
2 0.5794629099713845 0.5423757090423758 0.00022011886418666079 0.000333667000333667
2 0.4721549636803874 0.5423757090423758 0.00044023772837332157 0.000333667000333667
2 0.5796830288355712 0.5413747080413747 0.00022011886418666079 0.000333667000333667
2 0.4546555139775479 0.5417083750417083 0.00022011886418666079 0.001001001001001001
2 0.3215936605767114 0.5432098765432098 0.002201188641866608 0.004004004004004004
2 0.3197226502311248 0.5413747080413747 0.00022011886418666079 0.000333667000333667
2 0.22793308386528727 0.5412078745412079 0.00022011886418666079 0.000667334000667334
2 0.4751265683469073 0.5447113780447114 0.001981069777679947 0.008341675008341674
2 0.47303543913713403 0.5417083750417083 0.0008804754567466431 0.002335669002335669
2 0.23200528285274047 0.5407073740407073 0.00044023772837332157 0.001001001001001001
2 0.2295839753466872 0.5412078745412079 0.0008804754567466431 0.002002002002002002
2 0.7753686990975126 0.5427093760427094 0.004182258419546555 0.005672339005672339
2 0.5143077261721329 0.5904237570904237 0.13053048646268986 0.1011011011011011
2 0.4539951573849879 0.5413747080413747 0.0006603565925599824 0.003003003003003003
2 0.4751265683469073 0.5387053720387054 0.00022011886418666079 0.000333667000333667
2 0.32643627558881794 0.539039039039039 0.00044023772837332157 0.001001001001001001
2 0.588597842835131 0.5412078745412079 0.0035219018269865726 0.006006006006006006
2 0.46290997138454765 0.5508842175508842 0.007043803653973145 0.025358692025358693
2 0.32071318511996477 0.5395395395395396 0.0008804754567466431 0.002669336002669336
2 0.24884437596302003 0.5388722055388722 0.001100594320933304 0.001334668001334668
2 0.23871890821043362 0.539039039039039 0.0006603565925599824 0.001668335001668335
2 0.2324455205811138 0.5377043710377044 0.00044023772837332157 0.000333667000333667
2 0.45685670261941447 0.5373707040373707 0.0006603565925599824 0.001001001001001001
2 0.32071318511996477 0.5372038705372039 0.00044023772837332157 0.000667334000667334
2 0.6692714065595422 0.5373707040373707 0.001100594320933304 0.001668335001668335
2 0.2479639005062734 0.5367033700367033 0.00022011886418666079 0.000333667000333667
2 0.4721549636803874 0.5363697030363697 0.00044023772837332157 0.000333667000333667
2 0.6690512876953555 0.5363697030363697 0.001100594320933304 0.001001001001001001
2 0.288135593220339 0.536036036036036 0.0008804754567466431 0.000333667000333667
2 0.2817521461589258 0.536036036036036 0.00044023772837332157 0.000333667000333667
2 0.46973365617433416 0.5370370370370371 0.002201188641866608 0.003003003003003003
2 0.32456526524323137 0.5373707040373707 0.0006603565925599824 0.003670337003670337
2 0.2969403477878054 0.5357023690357023 0.00044023772837332157 0.000333667000333667
2 0.26205150781421965 0.5357023690357023 0.00022011886418666079 0.000333667000333667
2 0.262161567246313 0.5820820820820821 0.041382346467092226 0.09309309309309309
2 0.5883777239709443 0.5355355355355356 0.00044023772837332157 0.000667334000667334
2 0.32126348228043144 0.5357023690357023 0.0006603565925599824 0.001001001001001001
2 0.3020030816640986 0.5353687020353687 0.00044023772837332157 0.000333667000333667
2 0.26095091349328636 0.5353687020353687 0.00022011886418666079 0.000333667000333667
2 0.30838652872551175 0.535035035035035 0.0008804754567466431 0.000333667000333667
2 0.25687871450583316 0.5352018685352019 0.0013207131851199648 0.000667334000667334
2 0.23398635263042042 0.5357023690357023 0.00044023772837332157 0.001668335001668335
2 0.47094430992736075 0.5347013680347014 0.00022011886418666079 0.000333667000333667
2 0.4644508034338543 0.5377043710377044 0.0017609509134932863 0.006339673006339673
2 0.3094871230464451 0.5348682015348682 0.00044023772837332157 0.000667334000667334
2 0.3062953995157385 0.535035035035035 0.0006603565925599824 0.001001001001001001
2 0.2929782082324455 0.5352018685352019 0.00044023772837332157 0.001334668001334668
2 0.2882456526524323 0.535035035035035 0.00022011886418666079 0.001001001001001001
2 0.2632621615672463 0.5352018685352019 0.0008804754567466431 0.001334668001334668
2 0.5204710543693595 0.5357023690357023 0.002421307506053269 0.003003003003003003
2 0.4569667620515078 0.5352018685352019 0.00044023772837332157 0.002669336002669336
2 0.3215936605767114 0.5343677010343677 0.00044023772837332157 0.001001001001001001
2 0.2479639005062734 0.5347013680347014 0.0006603565925599824 0.002335669002335669
2 0.2357473035439137 0.5338672005338672 0.00044023772837332157 0.000667334000667334
2 0.2612810917895664 0.5333667000333667 0.00044023772837332157 0.001001001001001001
2 0.30981730134272506 0.5331998665331998 0.0006603565925599824 0.001334668001334668
2 0.30585516178736516 0.5333667000333667 0.00022011886418666079 0.001668335001668335
2 0.5884877834030376 0.5328661995328662 0.00022011886418666079 0.001334668001334668
2 0.7611710323574731 0.5395395395395396 0.007043803653973145 0.015348682015348681
2 0.5296059872331059 0.5343677010343677 0.0026414263702399295 0.005005005005005005
2 0.32126348228043144 0.5326993660326994 0.00022011886418666079 0.001668335001668335
2 0.2678846577151662 0.534034034034034 0.0017609509134932863 0.004337671004337671
2 0.775478758529606 0.5337003670337004 0.003962139555359894 0.004337671004337671
2 0.7536869909751266 0.5398732065398733 0.007043803653973145 0.01668335001668335
2 0.32456526524323137 0.5333667000333667 0.0006603565925599824 0.003670337003670337
2 0.2436715826546335 0.5318651985318652 0.00044023772837332157 0.000667334000667334
2 0.4710543693594541 0.5313646980313647 0.00044023772837332157 0.000333667000333667
2 0.24752366277790006 0.5325325325325325 0.001100594320933304 0.002669336002669336
2 0.5244331939247193 0.5347013680347014 0.007704160246533128 0.008341675008341674
2 0.24356152322254018 0.5306973640306973 0.00022011886418666079 0.000333667000333667
2 0.49735857362976005 0.5330330330330331 0.0037420206911732336 0.005672339005672339
2 0.29374862425709886 0.5330330330330331 0.0037420206911732336 0.005672339005672339
2 0.4721549636803874 0.5342008675342008 0.00572309046885318 0.008675342008675343
2 0.30585516178736516 0.531031031031031 0.00022011886418666079 0.002335669002335669
2 0.3005723090468853 0.5303636970303637 0.00022011886418666079 0.001001001001001001
2 0.2985912392692054 0.5328661995328662 0.001100594320933304 0.006006006006006006
2 0.7460928901606868 0.5402068735402069 0.0068236847897864845 0.02135468802135469
2 0.5257539071098393 0.5296963630296964 0.0006603565925599824 0.000333667000333667
2 0.5011005943209333 0.5296963630296964 0.00022011886418666079 0.000333667000333667
2 0.32643627558881794 0.5367033700367033 0.004402377283733216 0.01434768101434768
2 0.3081664098613251 0.5303636970303637 0.00044023772837332157 0.001668335001668335
2 0.7685450143077261 0.539039039039039 0.0068236847897864845 0.019686353019686353
2 0.5265243231344926 0.5293626960293627 0.00044023772837332157 0.000333667000333667
2 0.3176315210213515 0.531031031031031 0.00044023772837332157 0.005005005005005005
2 0.24290116662998018 0.5358692025358692 0.004182258419546555 0.014681348014681348
2 0.5296059872331059 0.5296963630296964 0.002201188641866608 0.003003003003003003
2 0.5254237288135594 0.5281948615281948 0.00044023772837332157 0.000667334000667334
2 0.3005723090468853 0.5283616950283617 0.00022011886418666079 0.001001001001001001
2 0.7382786704820603 0.5403737070403737 0.007484041382346467 0.02569235902569236
2 0.5248734316530926 0.5288621955288622 0.0006603565925599824 0.002669336002669336
2 0.28978648470173896 0.5318651985318652 0.0015408320493066256 0.008675342008675343
2 0.5222320052828527 0.5273606940273607 0.00022011886418666079 0.000333667000333667
2 0.2425709883337002 0.5271938605271939 0.00044023772837332157 0.000667334000667334
2 0.49735857362976005 0.5328661995328662 0.009024873431653093 0.012679346012679346
2 0.30585516178736516 0.5273606940273607 0.00022011886418666079 0.001668335001668335
2 0.24356152322254018 0.5268601935268602 0.00022011886418666079 0.000667334000667334
2 0.525313669381466 0.5265265265265265 0.00022011886418666079 0.000667334000667334
2 0.7303543913713405 0.54004004004004 0.007043803653973145 0.028361695028361694
2 0.7229804094210874 0.5398732065398733 0.0068236847897864845 0.02869536202869536
2 0.588928021131411 0.5256923590256923 0.00022011886418666079 0.000333667000333667
2 0.3246753246753247 0.5258591925258592 0.00044023772837332157 0.000667334000667334
2 0.28802553378824564 0.5256923590256923 0.00022011886418666079 0.000333667000333667
2 0.5265243231344926 0.526026026026026 0.0017609509134932863 0.001668335001668335
2 0.5089148139995597 0.5258591925258592 0.0008804754567466431 0.001334668001334668
2 0.3175214615892582 0.5255255255255256 0.00022011886418666079 0.001334668001334668
2 0.28538410741800574 0.525025025025025 0.00022011886418666079 0.000333667000333667
2 0.2926480299361655 0.5265265265265265 0.002421307506053269 0.004004004004004004
2 0.287805414924059 0.5248581915248582 0.00022011886418666079 0.000667334000667334
2 0.26590358793748625 0.5280280280280281 0.002201188641866608 0.007007007007007007
2 0.30189302223200526 0.5243576910243577 0.00022011886418666079 0.000333667000333667
2 0.30068236847897867 0.5243576910243577 0.00044023772837332157 0.000333667000333667
2 0.29848117983711203 0.5261928595261929 0.0008804754567466431 0.004004004004004004
2 0.3081664098613251 0.524024024024024 0.00044023772837332157 0.000333667000333667
2 0.3061853400836452 0.524024024024024 0.00044023772837332157 0.000333667000333667
2 0.2418005723090469 0.5241908575241908 0.00022011886418666079 0.000667334000667334
2 0.7034998899405679 0.5412078745412079 0.030816640986132512 0.0353687020353687
2 0.5077041602465331 0.524024024024024 0.001100594320933304 0.001001001001001001
2 0.4971384547655734 0.5236903570236904 0.00022011886418666079 0.000333667000333667
2 0.3094871230464451 0.5248581915248582 0.00044023772837332157 0.002669336002669336
2 0.3076161127008585 0.5236903570236904 0.00022011886418666079 0.000333667000333667
2 0.25786924939467315 0.5296963630296964 0.004182258419546555 0.012345679012345678
2 0.24499229583975346 0.5315315315315315 0.0013207131851199648 0.016016016016016016
2 0.5302663438256658 0.5233566900233567 0.0008804754567466431 0.001001001001001001
2 0.3266563944530046 0.5261928595261929 0.002201188641866608 0.00667334000667334
2 0.32456526524323137 0.5230230230230231 0.00022011886418666079 0.000333667000333667
2 0.2430112260620735 0.5243576910243577 0.0013207131851199648 0.003003003003003003
2 0.5231124807395994 0.5228561895228562 0.0006603565925599824 0.000667334000667334
2 0.30079242791107197 0.5225225225225225 0.0006603565925599824 0.000667334000667334
2 0.24125027514858025 0.5226893560226894 0.00044023772837332157 0.001001001001001001
2 0.2447721769755668 0.5223556890223557 0.00044023772837332157 0.001001001001001001
2 0.5235527184679727 0.5216883550216883 0.001100594320933304 0.000333667000333667
2 0.5090248734316531 0.5221888555221889 0.001100594320933304 0.001334668001334668
2 0.5033017829627999 0.5203536870203537 0.00022011886418666079 0.000333667000333667
2 0.49691833590138673 0.5205205205205206 0.0006603565925599824 0.000667334000667334
2 0.32313449262601807 0.5206873540206873 0.00044023772837332157 0.001001001001001001
2 0.5039621395553598 0.52002002002002 0.00022011886418666079 0.000333667000333667
2 0.32225401716927143 0.5201868535201869 0.00044023772837332157 0.000667334000667334
2 0.5300462249614792 0.5196863530196864 0.0008804754567466431 0.001001001001001001
2 0.525313669381466 0.5193526860193527 0.00022011886418666079 0.000333667000333667
2 0.524653312788906 0.52002002002002 0.00022011886418666079 0.001668335001668335
2 0.3230244331939247 0.5193526860193527 0.00022011886418666079 0.000333667000333667
2 0.4946070878274268 0.5215215215215215 0.0035219018269865726 0.006006006006006006
2 0.4930662557781202 0.5183516850183517 0.00044023772837332157 0.001001001001001001
2 0.32786704820603124 0.5183516850183517 0.00022011886418666079 0.001668335001668335
2 0.325445740699978 0.5180180180180181 0.0006603565925599824 0.001001001001001001
2 0.24598283072859345 0.5193526860193527 0.001981069777679947 0.003670337003670337
2 0.49427690953114684 0.5173506840173507 0.00022011886418666079 0.000333667000333667
2 0.24169051287695356 0.519019019019019 0.002201188641866608 0.003670337003670337
2 0.22143957737178077 0.5195195195195195 0.0017609509134932863 0.004671338004671338
2 0.5030816640986132 0.517017017017017 0.00022011886418666079 0.000333667000333667
2 0.5022011886418666 0.517017017017017 0.0006603565925599824 0.000333667000333667
2 0.5038520801232665 0.5168501835168502 0.00044023772837332157 0.000667334000667334
2 0.3280871670702179 0.5166833500166833 0.00022011886418666079 0.000333667000333667
2 0.3175214615892582 0.5205205205205206 0.0006603565925599824 0.008008008008008008
2 0.24334140435835352 0.5166833500166833 0.00022011886418666079 0.000333667000333667
2 0.5162887959498129 0.5193526860193527 0.005062733876293198 0.006339673006339673
2 0.24235086946951354 0.5165165165165165 0.00044023772837332157 0.000667334000667334
2 0.5287255117763592 0.5163496830163496 0.0008804754567466431 0.001001001001001001
2 0.5234426590358794 0.5173506840173507 0.00044023772837332157 0.003003003003003003
2 0.24631300902487344 0.5161828495161829 0.00044023772837332157 0.000667334000667334
2 0.3211534228483381 0.5156823490156823 0.00044023772837332157 0.000333667000333667
2 0.5206911732335461 0.515015015015015 0.001100594320933304 0.000333667000333667
2 0.5257539071098393 0.5156823490156823 0.001100594320933304 0.002335669002335669
2 0.5062733876293198 0.5146813480146814 0.0008804754567466431 0.000333667000333667
2 0.5026414263702399 0.5146813480146814 0.00022011886418666079 0.000333667000333667
2 0.3171912832929782 0.5151818485151819 0.00044023772837332157 0.001334668001334668
2 0.5195905789126128 0.5156823490156823 0.001100594320933304 0.003003003003003003
2 0.5162887959498129 0.5268601935268602 0.026194144838212634 0.025358692025358693
2 0.24499229583975346 0.5146813480146814 0.00044023772837332157 0.001001001001001001
2 0.24422187981510016 0.5143476810143477 0.00022011886418666079 0.000333667000333667
2 0.5272947391591459 0.5145145145145145 0.001100594320933304 0.001334668001334668
2 0.5248734316530926 0.5145145145145145 0.0006603565925599824 0.001334668001334668
2 0.28692493946731235 0.514014014014014 0.00022011886418666079 0.000333667000333667
2 0.5265243231344926 0.5135135135135135 0.00044023772837332157 0.000667334000667334
2 0.32720669161347127 0.5143476810143477 0.0006603565925599824 0.002335669002335669
2 0.3076161127008585 0.5133466800133467 0.00022011886418666079 0.000333667000333667
2 0.3061853400836452 0.5133466800133467 0.00044023772837332157 0.000333667000333667
2 0.2907770195905789 0.5136803470136804 0.0008804754567466431 0.001001001001001001
2 0.26293198327096634 0.5135135135135135 0.0006603565925599824 0.000667334000667334
2 0.24532247413603345 0.5133466800133467 0.00022011886418666079 0.000333667000333667
2 0.5199207572088927 0.5131798465131798 0.004402377283733216 0.001334668001334668
2 0.5075941008144398 0.5131798465131798 0.0008804754567466431 0.001334668001334668
2 0.5050627338762932 0.513013013013013 0.00022011886418666079 0.001001001001001001
2 0.2981510015408321 0.5131798465131798 0.0006603565925599824 0.001334668001334668
2 0.525974025974026 0.5125125125125125 0.00022011886418666079 0.000667334000667334
2 0.5232225401716927 0.5126793460126794 0.0017609509134932863 0.001001001001001001
2 0.32027294739159146 0.5126793460126794 0.00044023772837332157 0.001001001001001001
2 0.3034338542813119 0.5128461795128462 0.0006603565925599824 0.001334668001334668
2 0.30035219018269865 0.513013013013013 0.0006603565925599824 0.001668335001668335
2 0.29044684129429893 0.5123456790123457 0.00022011886418666079 0.000333667000333667
2 0.2574290116662998 0.513013013013013 0.0006603565925599824 0.001668335001668335
2 0.2422408100374202 0.5138471805138471 0.001100594320933304 0.00333667000333667
2 0.3021131410961919 0.5123456790123457 0.00022011886418666079 0.001001001001001001
2 0.2652432313449263 0.5121788455121788 0.00044023772837332157 0.000667334000667334
2 0.29286814880035217 0.5128461795128462 0.0006603565925599824 0.002669336002669336
2 0.287805414924059 0.5118451785118452 0.0006603565925599824 0.000667334000667334
2 0.2857142857142857 0.5118451785118452 0.00044023772837332157 0.000667334000667334
2 0.2607307946290997 0.5128461795128462 0.0006603565925599824 0.002669336002669336
2 0.22859344045784724 0.5116783450116783 0.00022011886418666079 0.000333667000333667
2 0.5044023772837332 0.5113446780113446 0.00022011886418666079 0.000333667000333667
2 0.2942989214175655 0.5125125125125125 0.00044023772837332157 0.002669336002669336
2 0.2915474356152322 0.5116783450116783 0.0006603565925599824 0.001001001001001001
2 0.26403257759189963 0.5116783450116783 0.00022011886418666079 0.001001001001001001
2 0.24444199867928681 0.5123456790123457 0.0006603565925599824 0.002335669002335669
2 0.22947391591459387 0.5115115115115115 0.00022011886418666079 0.000667334000667334
2 0.30145278450363194 0.511011011011011 0.00022011886418666079 0.000333667000333667
2 0.2627118644067797 0.5118451785118452 0.0006603565925599824 0.002002002002002002
2 0.5247633722209993 0.511011011011011 0.00044023772837332157 0.001001001001001001
2 0.5134272507153863 0.513013013013013 0.005062733876293198 0.005005005005005005
2 0.3048646268985252 0.5118451785118452 0.0008804754567466431 0.002669336002669336
2 0.2574290116662998 0.5108441775108442 0.00022011886418666079 0.000667334000667334
2 0.30035219018269865 0.5103436770103437 0.00022011886418666079 0.000333667000333667
2 0.24069997798811357 0.5105105105105106 0.00022011886418666079 0.000667334000667334
2 0.30332379484921856 0.5106773440106773 0.00044023772837332157 0.001668335001668335
2 0.2981510015408321 0.5106773440106773 0.00022011886418666079 0.001668335001668335
2 0.24664318732115342 0.5105105105105106 0.0006603565925599824 0.001334668001334668
2 0.24741360334580673 0.5096763430096763 0.00044023772837332157 0.000333667000333667
2 0.5049526744441999 0.5095095095095095 0.00044023772837332157 0.000667334000667334
2 0.50231124807396 0.5093426760093427 0.00044023772837332157 0.000333667000333667
2 0.5217917675544794 0.5096763430096763 0.0015408320493066256 0.001668335001668335
2 0.5205811138014528 0.5093426760093427 0.00044023772837332157 0.001001001001001001
2 0.5127668941228263 0.5098431765098431 0.001100594320933304 0.002002002002002002
2 0.4940567906669602 0.509009009009009 0.00022011886418666079 0.000333667000333667
2 0.2979308826766454 0.509009009009009 0.00022011886418666079 0.000333667000333667
2 0.5287255117763592 0.5106773440106773 0.0035219018269865726 0.004337671004337671
2 0.32390490865067134 0.509009009009009 0.00022011886418666079 0.001001001001001001
2 0.3075060532687651 0.5095095095095095 0.00044023772837332157 0.002002002002002002
2 0.3016729033678186 0.5091758425091758 0.0006603565925599824 0.001334668001334668
2 0.26040061633281975 0.5093426760093427 0.0008804754567466431 0.001668335001668335
2 0.2580893682588598 0.5108441775108442 0.002421307506053269 0.005338672005338672
2 0.3276469293418446 0.51001001001001 0.001100594320933304 0.004337671004337671
2 0.32071318511996477 0.5075075075075075 0.00044023772837332157 0.000667334000667334
2 0.5257539071098393 0.507007007007007 0.00022011886418666079 0.000333667000333667
2 0.5299361655293858 0.507007007007007 0.0006603565925599824 0.001001001001001001
2 0.22022892361875412 0.5085085085085085 0.001100594320933304 0.004671338004671338
2 0.35174994497028395 0.5063396730063396 0.00044023772837332157 0.001001001001001001
2 0.3235747303543914 0.5068401735068402 0.00044023772837332157 0.002002002002002002
2 0.24851419766674004 0.5066733400066733 0.00044023772837332157 0.001668335001668335
2 0.5046224961479199 0.506006006006006 0.0006603565925599824 0.001001001001001001
2 0.35417125247633724 0.5078411745078412 0.00572309046885318 0.004671338004671338
2 0.32236407660136474 0.5053386720053387 0.00022011886418666079 0.000333667000333667
2 0.24686330618534008 0.5068401735068402 0.0015408320493066256 0.00333667000333667
2 0.5728593440457848 0.5051718385051719 0.00022011886418666079 0.000667334000667334
2 0.3519700638344706 0.5051718385051719 0.00044023772837332157 0.000667334000667334
2 0.3165309267004182 0.5091758425091758 0.0013207131851199648 0.009342676009342675
2 0.24444199867928681 0.5073406740073406 0.0006603565925599824 0.005672339005672339
2 0.6666299801893022 0.5048381715048381 0.00022011886418666079 0.001334668001334668
2 0.3279771076381246 0.5056723390056723 0.00044023772837332157 0.003003003003003003
2 0.24092009685230023 0.5078411745078412 0.002421307506053269 0.007340674007340674
2 0.5031917235307066 0.5041708375041708 0.0008804754567466431 0.000667334000667334
2 0.3220338983050847 0.5041708375041708 0.00044023772837332157 0.001334668001334668
2 0.24664318732115342 0.5036703370036704 0.00022011886418666079 0.000333667000333667
2 0.24378164208672684 0.5038371705038371 0.00022011886418666079 0.000667334000667334
2 0.5158485582214396 0.504004004004004 0.002421307506053269 0.001668335001668335
2 0.5086946951353731 0.5075075075075075 0.003962139555359894 0.008675342008675343
2 0.24862425709883337 0.5036703370036704 0.00022011886418666079 0.001001001001001001
2 0.32126348228043144 0.503003003003003 0.0006603565925599824 0.001001001001001001
2 0.50033017829628 0.5021688355021688 0.00044023772837332157 0.000667334000667334
2 0.3219238388729914 0.502002002002002 0.00022011886418666079 0.000333667000333667
2 0.24521241470394012 0.5028361695028362 0.0008804754567466431 0.002002002002002002
2 0.5178296279991196 0.5021688355021688 0.001100594320933304 0.001334668001334668
2 0.5206911732335461 0.5056723390056723 0.01694915254237288 0.009009009009009009
2 0.3233546114902047 0.5026693360026694 0.0008804754567466431 0.003670337003670337
2 0.2440017609509135 0.5018351685018352 0.0006603565925599824 0.002002002002002002
2 0.31576051067576494 0.502002002002002 0.0006603565925599824 0.003003003003003003
2 0.32170372000880476 0.5003336670003337 0.00022011886418666079 0.000333667000333667
2 0.5052828527404799 0.5013346680013346 0.002421307506053269 0.003003003003003003
2 0.5042923178516399 0.5003336670003337 0.00044023772837332157 0.001001001001001001
2 0.35208012326656396 0.5 0.00022011886418666079 0.000333667000333667
2 0.24895443539511336 0.5001668335001669 0.00044023772837332157 0.001334668001334668
2 0.6667400396213956 0.5005005005005005 0.00044023772837332157 0.002669336002669336
2 0.3214836011446181 0.4994994994994995 0.00022011886418666079 0.000667334000667334
2 0.31532027294739157 0.49966633299966634 0.00022011886418666079 0.001001001001001001
2 0.5028615452344266 0.498998998998999 0.00022011886418666079 0.000333667000333667
2 0.361435174994497 0.5111778445111779 0.01144618093770636 0.024691358024691357
2 0.3151001540832049 0.4986653319986653 0.00022011886418666079 0.000333667000333667
2 0.35208012326656396 0.4981648314981648 0.00022011886418666079 0.000667334000667334
2 0.2451023552718468 0.4994994994994995 0.0006603565925599824 0.00333667000333667
2 0.24664318732115342 0.49833166499833165 0.0006603565925599824 0.001668335001668335
2 0.31488003521901825 0.49733066399733067 0.00022011886418666079 0.000333667000333667
2 0.24323134492626017 0.497997997997998 0.0017609509134932863 0.001668335001668335
2 0.5051727933083865 0.497997997997998 0.002201188641866608 0.002335669002335669
2 0.2197886858903808 0.4994994994994995 0.001981069777679947 0.005338672005338672
2 0.32456526524323137 0.4974974974974975 0.001981069777679947 0.002002002002002002
2 0.3211534228483381 0.49733066399733067 0.00044023772837332157 0.001668335001668335
2 0.5192604006163328 0.4984984984984985 0.0008804754567466431 0.004671338004671338
2 0.5151882016288796 0.4986653319986653 0.0037420206911732336 0.005005005005005005
2 0.5041822584195466 0.4961628294961628 0.00022011886418666079 0.000667334000667334
2 0.2425709883337002 0.4961628294961628 0.00044023772837332157 0.001334668001334668
2 0.32236407660136474 0.4964964964964965 0.0006603565925599824 0.002669336002669336
2 0.31884217477437815 0.4954954954954955 0.0006603565925599824 0.000667334000667334
2 0.5124367158265464 0.49532866199532866 0.0008804754567466431 0.001001001001001001
2 0.6664098613251156 0.49482816149482817 0.00022011886418666079 0.000667334000667334
2 0.5171692714065595 0.49482816149482817 0.002421307506053269 0.001334668001334668
2 0.3265463350209113 0.4944944944944945 0.00022011886418666079 0.000667334000667334
2 0.35274047985912393 0.49466132799466134 0.0006603565925599824 0.001668335001668335
2 0.5906889720449042 0.49332665999332664 0.00022011886418666079 0.000333667000333667
2 0.3215936605767114 0.493993993993994 0.00044023772837332157 0.001668335001668335
2 0.31829187761391153 0.49382716049382713 0.00044023772837332157 0.001334668001334668
2 0.2473035439137134 0.49766433099766433 0.00286154523442659 0.009676343009676344
2 0.5190402817521461 0.4931598264931598 0.0008804754567466431 0.001334668001334668
2 0.5151882016288796 0.4931598264931598 0.001100594320933304 0.001334668001334668
2 0.24136033458067357 0.4944944944944945 0.001981069777679947 0.004004004004004004
2 0.32126348228043144 0.4924924924924925 0.00022011886418666079 0.000667334000667334
2 0.32016288795949815 0.491991991991992 0.00022011886418666079 0.000333667000333667
2 0.3269865727492846 0.4926593259926593 0.0006603565925599824 0.002335669002335669
2 0.3258859784283513 0.4918251584918252 0.00022011886418666079 0.000667334000667334
2 0.5029716046665199 0.49132465799132463 0.00044023772837332157 0.000333667000333667
2 0.5084745762711864 0.49783116449783116 0.006603565925599824 0.014014014014014014
2 0.5046224961479199 0.4911578244911578 0.00022011886418666079 0.000667334000667334
2 0.3250055029716047 0.4911578244911578 0.00022011886418666079 0.000667334000667334
2 0.3179616993176315 0.49132465799132463 0.00022011886418666079 0.001001001001001001
2 0.3274268104776579 0.49082415749082414 0.00022011886418666079 0.000667334000667334
2 0.24785384107418007 0.4904904904904905 0.00044023772837332157 0.000667334000667334
2 0.5904688531807176 0.48965632298965633 0.00022011886418666079 0.000333667000333667
2 0.5058331499009465 0.48982315648982316 0.00044023772837332157 0.000667334000667334
2 0.32456526524323137 0.48982315648982316 0.00022011886418666079 0.000667334000667334
2 0.5096852300242131 0.48965632298965633 0.001100594320933304 0.001001001001001001
2 0.2479639005062734 0.4893226559893227 0.00022011886418666079 0.000333667000333667
2 0.5061633281972265 0.488988988988989 0.00022011886418666079 0.000333667000333667
2 0.3266563944530046 0.48965632298965633 0.00044023772837332157 0.001668335001668335
2 0.24818401937046006 0.4881548214881548 0.00022011886418666079 0.000667334000667334
2 0.5184899845916795 0.48982315648982316 0.001981069777679947 0.004671338004671338
2 0.5059432093330398 0.487987987987988 0.00286154523442659 0.001001001001001001
2 0.5040721989874533 0.488988988988989 0.00044023772837332157 0.003003003003003003
2 0.3170812238608849 0.4876543209876543 0.00022011886418666079 0.000333667000333667
2 0.512987012987013 0.48965632298965633 0.005062733876293198 0.005005005005005005
2 0.35417125247633724 0.4901568234901568 0.0017609509134932863 0.006006006006006006
2 0.5257539071098393 0.49282615949282615 0.009024873431653093 0.012012012012012012
2 0.32786704820603124 0.48848848848848847 0.0006603565925599824 0.00333667000333667
2 0.32577591899625796 0.488988988988989 0.00044023772837332157 0.004337671004337671
2 0.3460268545014308 0.48665331998665334 0.00044023772837332157 0.000333667000333667
2 0.24840413823464672 0.4868201534868202 0.00022011886418666079 0.000667334000667334
2 0.24036979969183359 0.4893226559893227 0.0030816640986132513 0.005672339005672339
2 0.32060312568787147 0.48882215548882213 0.001100594320933304 0.005338672005338672
2 0.24532247413603345 0.4864864864864865 0.00022011886418666079 0.001334668001334668
2 0.24994497028395332 0.49215882549215884 0.001981069777679947 0.01334668001334668
2 0.23882896764252695 0.48581915248581914 0.00044023772837332157 0.000667334000667334
2 0.31994276909531144 0.48531865198531865 0.00022011886418666079 0.000333667000333667
2 0.24246092890160686 0.4901568234901568 0.004182258419546555 0.011344678011344677
2 0.7805414924058992 0.5061728395061729 0.013647369579572969 0.044044044044044044
2 0.32566585956416466 0.4851518184851518 0.0006603565925599824 0.002002002002002002
2 0.31223860884877835 0.4836503169836503 0.00022011886418666079 0.000333667000333667
2 0.24543253356812678 0.4844844844844845 0.00044023772837332157 0.002002002002002002
2 0.6659696235967423 0.48581915248581914 0.0006603565925599824 0.005338672005338672
2 0.34965881576051067 0.4838171504838171 0.0006603565925599824 0.001334668001334668
2 0.31994276909531144 0.48331664998331664 0.00022011886418666079 0.000333667000333667
2 0.3160906889720449 0.48465131798465133 0.0013207131851199648 0.003003003003003003
2 0.7666740039621396 0.5043376710043377 0.00836451683909311 0.043043043043043044
2 0.3120184899845917 0.482982982982983 0.00022011886418666079 0.000333667000333667
2 0.31994276909531144 0.48231564898231566 0.00022011886418666079 0.000333667000333667
2 0.7452124147039402 0.5033366700033367 0.014307726172132952 0.043043043043043044
2 0.7294739159145939 0.5031698365031698 0.014968082764692935 0.04270937604270938
2 0.3180717587497249 0.4831498164831498 0.0017609509134932863 0.002669336002669336
2 0.2451023552718468 0.481981981981982 0.00022011886418666079 0.000333667000333667
2 0.25148580233325996 0.48331664998331664 0.001100594320933304 0.003670337003670337
2 0.31631080783623156 0.48148148148148145 0.00044023772837332157 0.000667334000667334
2 0.313449262601805 0.48148148148148145 0.00044023772837332157 0.000667334000667334
2 0.3155403918115782 0.48098098098098097 0.00022011886418666079 0.000333667000333667
2 0.31928241250275147 0.4813146479813146 0.0006603565925599824 0.001668335001668335
2 0.35075941008144396 0.47997997997998 0.00022011886418666079 0.001001001001001001
2 0.31223860884877835 0.4796463129796463 0.00022011886418666079 0.000333667000333667
2 0.3204930662557781 0.47981314647981316 0.00044023772837332157 0.001334668001334668
2 0.31631080783623156 0.47914581247914584 0.00044023772837332157 0.000667334000667334
2 0.3142196786264583 0.47897897897897895 0.00022011886418666079 0.000333667000333667
2 0.3139995597622716 0.4796463129796463 0.002421307506053269 0.002335669002335669
2 0.2526964560862866 0.47931264597931267 0.0008804754567466431 0.002335669002335669
2 0.3499889940567907 0.477977977977978 0.00044023772837332157 0.000333667000333667
2 0.3178516398855382 0.47981314647981316 0.0017609509134932863 0.004004004004004004
2 0.25016508914814 0.4776443109776443 0.00022011886418666079 0.000333667000333667
2 0.31036759850319173 0.47897897897897895 0.0017609509134932863 0.003670337003670337
2 0.3142196786264583 0.47731064397731066 0.0006603565925599824 0.001001001001001001
2 0.24631300902487344 0.47981314647981316 0.0013207131851199648 0.006006006006006006
2 0.3154303323794849 0.476976976976977 0.00044023772837332157 0.001001001001001001
2 0.313119084305525 0.47664330997664334 0.00022011886418666079 0.000333667000333667
2 0.35075941008144396 0.47664330997664334 0.00022011886418666079 0.001001001001001001
2 0.31873211534228485 0.4771438104771438 0.00044023772837332157 0.002002002002002002
2 0.3120184899845917 0.47681014347681017 0.0006603565925599824 0.001334668001334668
2 0.30926700418225844 0.47647647647647645 0.00044023772837332157 0.000667334000667334
2 0.5915694475016509 0.47597597597597596 0.00022011886418666079 0.000333667000333667
2 0.25357693154303323 0.47681014347681017 0.0008804754567466431 0.002002002002002002
2 0.25038520801232667 0.47597597597597596 0.00022011886418666079 0.000333667000333667
2 0.24455205811138014 0.47681014347681017 0.0008804754567466431 0.002002002002002002
2 0.4995597622716267 0.4756423089756423 0.00022011886418666079 0.000333667000333667
2 0.49471714725952015 0.4756423089756423 0.00022011886418666079 0.000333667000333667
2 0.4861325115562404 0.4756423089756423 0.00022011886418666079 0.000333667000333667
2 0.31664098613251157 0.4761428094761428 0.00022011886418666079 0.001334668001334668
2 0.31113801452784506 0.4754754754754755 0.0006603565925599824 0.000667334000667334
2 0.25214615892581993 0.4756423089756423 0.0006603565925599824 0.001001001001001001
2 0.25115562403698 0.4751418084751418 0.00044023772837332157 0.000667334000667334
2 0.5423728813559322 0.4746413079746413 0.0008804754567466431 0.000333667000333667
2 0.5413823464670923 0.4746413079746413 0.0006603565925599824 0.000333667000333667
2 0.5406119304424389 0.4746413079746413 0.00044023772837332157 0.000333667000333667
2 0.30838652872551175 0.47480814147480815 0.00044023772837332157 0.000667334000667334
2 0.4815100154083205 0.47430764097430766 0.00022011886418666079 0.000333667000333667
2 0.48239049086506713 0.47397397397397395 0.0006603565925599824 0.001001001001001001
2 0.3164208672683249 0.4738071404738071 0.00022011886418666079 0.000667334000667334
2 0.2515958617653533 0.4738071404738071 0.00044023772837332157 0.000667334000667334
2 0.24609289016068678 0.47430764097430766 0.0008804754567466431 0.001668335001668335
2 0.5444640105657055 0.4738071404738071 0.001100594320933304 0.001334668001334668
2 0.5391811578252256 0.47397397397397395 0.001981069777679947 0.002335669002335669
2 0.3139995597622716 0.4738071404738071 0.0015408320493066256 0.002002002002002002
2 0.24840413823464672 0.48415081748415084 0.0068236847897864845 0.022689356022689355
2 0.24840413823464672 0.47330663997330663 0.0006603565925599824 0.001001001001001001
2 0.6649790887079022 0.47681014347681017 0.0013207131851199648 0.008675342008675343
2 0.4816200748404138 0.47297297297297297 0.00044023772837332157 0.001001001001001001
2 0.3155403918115782 0.4726393059726393 0.00022011886418666079 0.000333667000333667
2 0.5452344265903588 0.4724724724724725 0.00044023772837332157 0.000667334000667334
2 0.5398415144177856 0.47230563897230565 0.00022011886418666079 0.000333667000333667
2 0.3120184899845917 0.4736403069736403 0.0015408320493066256 0.003003003003003003
2 0.2548976447281532 0.4736403069736403 0.0017609509134932863 0.003670337003670337
2 0.24851419766674004 0.471971971971972 0.00044023772837332157 0.001001001001001001
2 0.31036759850319173 0.4716383049716383 0.0013207131851199648 0.001001001001001001
2 0.24455205811138014 0.4726393059726393 0.0008804754567466431 0.003003003003003003
2 0.5396213955535989 0.4713046379713046 0.002421307506053269 0.001001001001001001
2 0.31300902487343163 0.4713046379713046 0.00044023772837332157 0.001001001001001001
2 0.5416024653312789 0.4706373039706373 0.0006603565925599824 0.000333667000333667
2 0.31091789566365835 0.47047047047047047 0.0006603565925599824 0.000667334000667334
2 0.2523662777900066 0.47047047047047047 0.0006603565925599824 0.000667334000667334
2 0.5915694475016509 0.46996996996997 0.00022011886418666079 0.000333667000333667
2 0.3203830068236848 0.47430764097430766 0.001100594320933304 0.009009009009009009
2 0.24917455425930002 0.4706373039706373 0.0008804754567466431 0.001668335001668335
2 0.24807395993836673 0.4701368034701368 0.00044023772837332157 0.000667334000667334
2 0.2532467532467532 0.4694694694694695 0.0006603565925599824 0.000667334000667334
2 0.313449262601805 0.4696363029696363 0.0008804754567466431 0.001668335001668335
2 0.3076161127008585 0.4691358024691358 0.0006603565925599824 0.000667334000667334
2 0.7058111380145279 0.496996996996997 0.028395333480079242 0.057057057057057055
2 0.3115782522562184 0.4691358024691358 0.001100594320933304 0.001334668001334668
2 0.24543253356812678 0.47080413747080413 0.0013207131851199648 0.004671338004671338
2 0.25049526744441997 0.4694694694694695 0.0013207131851199648 0.002669336002669336
2 0.3077261721329518 0.46780113446780114 0.00044023772837332157 0.000667334000667334
2 0.24862425709883337 0.4683016349683016 0.00022011886418666079 0.001668335001668335
2 0.5428131190843055 0.46796796796796797 0.0008804754567466431 0.001668335001668335
2 0.31476997578692495 0.4683016349683016 0.00044023772837332157 0.002335669002335669
2 0.5227823024433194 0.466966966966967 0.00044023772837332157 0.001001001001001001
2 0.25346687211093993 0.4696363029696363 0.005943209333039842 0.006339673006339673
2 0.3142196786264583 0.4662996329662996 0.00022011886418666079 0.000333667000333667
2 0.5421527624917455 0.4661327994661328 0.00044023772837332157 0.000667334000667334
2 0.25247633722209994 0.4681348014681348 0.0026414263702399295 0.005338672005338672
2 0.5451243671582655 0.46646646646646645 0.0006603565925599824 0.002669336002669336
2 0.5917895663658376 0.4651317984651318 0.00022011886418666079 0.000667334000667334
2 0.25599823904908653 0.4651317984651318 0.00044023772837332157 0.000667334000667334
2 0.25434734756768657 0.46529863196529864 0.0006603565925599824 0.001001001001001001
2 0.24719348448162007 0.46596596596596596 0.00044023772837332157 0.002335669002335669
2 0.3095971824785384 0.46529863196529864 0.0015408320493066256 0.001668335001668335
2 0.25511776359233984 0.4646312979646313 0.00044023772837332157 0.000333667000333667
2 0.6644287915474356 0.466966966966967 0.001100594320933304 0.007007007007007007
2 0.5235527184679727 0.46396396396396394 0.0006603565925599824 0.001001001001001001
2 0.30794629099713844 0.46596596596596596 0.004402377283733216 0.005005005005005005
2 0.523992956196346 0.4632966299632966 0.00022011886418666079 0.000333667000333667
2 0.3049746863306185 0.46346346346346345 0.0006603565925599824 0.000667334000667334
2 0.2586396654193264 0.46730063396730065 0.00572309046885318 0.008341675008341674
2 0.26194144838212635 0.46279612946279614 0.00044023772837332157 0.000667334000667334
2 0.25577812018489987 0.4626292959626293 0.00044023772837332157 0.000333667000333667
2 0.2490644948272067 0.4626292959626293 0.00022011886418666079 0.000333667000333667
2 0.5410521681708123 0.46229562896229565 0.0008804754567466431 0.001001001001001001
2 0.31697116442879153 0.46529863196529864 0.0013207131851199648 0.007007007007007007
2 0.25830948712304647 0.46296296296296297 0.00286154523442659 0.002335669002335669
2 0.25346687211093993 0.46229562896229565 0.00022011886418666079 0.001001001001001001
2 0.24763372220999338 0.4644644644644645 0.0026414263702399295 0.005338672005338672
2 0.5917895663658376 0.46162829496162827 0.00022011886418666079 0.000333667000333667
2 0.5121065375302664 0.46162829496162827 0.00022011886418666079 0.000333667000333667
2 0.3049746863306185 0.4617951284617951 0.0006603565925599824 0.000667334000667334
2 0.5132071318511996 0.46162829496162827 0.00022011886418666079 0.001001001001001001
2 0.31697116442879153 0.4612946279612946 0.00044023772837332157 0.000333667000333667
2 0.3026634382566586 0.46229562896229565 0.0030816640986132513 0.002335669002335669
2 0.3146599163548316 0.4631297964631298 0.0015408320493066256 0.004671338004671338
2 0.6636583755227823 0.4611277944611278 0.00044023772837332157 0.002002002002002002
2 0.3091569447501651 0.46046046046046046 0.00022011886418666079 0.000667334000667334
2 0.25005502971604665 0.46429763096429766 0.0017609509134932863 0.008341675008341674
2 0.2637023992956196 0.4611277944611278 0.0026414263702399295 0.002669336002669336
2 0.5436935945410521 0.4617951284617951 0.0017609509134932863 0.004671338004671338
2 0.3029936165529386 0.45995995995996 0.001100594320933304 0.001001001001001001
2 0.30684569667620515 0.4617951284617951 0.0035219018269865726 0.005338672005338672
2 0.30332379484921856 0.4586252919586253 0.00044023772837332157 0.000333667000333667
2 0.2545674664318732 0.4601267934601268 0.001100594320933304 0.00333667000333667
2 0.28879594981289897 0.5335335335335335 0.07968302883557121 0.15081748415081747
2 0.2593000220118864 0.45995995995996 0.004402377283733216 0.003670337003670337
2 0.2722870349988994 0.45779112445779113 0.0013207131851199648 0.000667334000667334
2 0.3009024873431653 0.4587921254587921 0.002201188641866608 0.00333667000333667
2 0.5396213955535989 0.45912579245912577 0.0015408320493066256 0.004671338004671338
2 0.540942108738719 0.45662328995662327 0.00022011886418666079 0.000333667000333667
2 0.5397314549856923 0.4567901234567901 0.00044023772837332157 0.000667334000667334
2 0.5042923178516399 0.4571237904571238 0.00044023772837332157 0.001334668001334668
2 0.3037640325775919 0.4571237904571238 0.0017609509134932863 0.002002002002002002
2 0.29936165529385866 0.45645645645645644 0.00044023772837332157 0.000667334000667334
2 0.25445740699977987 0.4571237904571238 0.00044023772837332157 0.002002002002002002
2 0.2960598723310588 0.4763096429763096 0.03742020691173233 0.04104104104104104
2 0.2533568126788466 0.4562896229562896 0.00044023772837332157 0.001001001001001001
2 0.25786924939467315 0.4582916249582916 0.0037420206911732336 0.005672339005672339
2 0.6639885538190623 0.45795795795795796 0.0015408320493066256 0.005672339005672339
2 0.539291217257319 0.4556222889556223 0.00044023772837332157 0.001001001001001001
2 0.26689412282632624 0.45545545545545546 0.0006603565925599824 0.000667334000667334
2 0.26348228043143296 0.45595595595595595 0.0013207131851199648 0.001668335001668335
2 0.2965001100594321 0.46429763096429766 0.02289236187541272 0.019686353019686353
2 0.28395333480079243 0.4546212879546213 0.00044023772837332157 0.000333667000333667
2 0.5402817521461589 0.4542876209542876 0.00022011886418666079 0.000333667000333667
2 0.5417125247633722 0.45645645645645644 0.002201188641866608 0.005338672005338672
2 0.2917675544794189 0.45395395395395394 0.00022011886418666079 0.000333667000333667
2 0.29099713845476555 0.4544544544544545 0.0008804754567466431 0.002002002002002002
2 0.5400616332819723 0.4532866199532866 0.00022011886418666079 0.000333667000333667
2 0.29539951573849876 0.45478812145478814 0.002201188641866608 0.00333667000333667
2 0.25841954655513977 0.45412078745412077 0.0008804754567466431 0.002002002002002002
2 0.2856042262821924 0.45228561895228564 0.00022011886418666079 0.000333667000333667
2 0.261831388950033 0.4536202869536203 0.00286154523442659 0.003003003003003003
2 0.30827646929341845 0.4556222889556223 0.003301782962799912 0.007674341007674341
2 0.2826326216156725 0.45228561895228564 0.00044023772837332157 0.001001001001001001
2 0.2586396654193264 0.4521187854521188 0.00044023772837332157 0.000667334000667334
2 0.2547875852960599 0.4557891224557891 0.002421307506053269 0.008675342008675343
2 0.2841734536649791 0.4519519519519519 0.0008804754567466431 0.001668335001668335
2 0.5410521681708123 0.4521187854521188 0.0013207131851199648 0.002669336002669336
2 0.2981510015408321 0.4512846179512846 0.0015408320493066256 0.001001001001001001
2 0.2970504072198987 0.4506172839506173 0.00022011886418666079 0.000333667000333667
2 0.2586396654193264 0.4507841174507841 0.00044023772837332157 0.000667334000667334
2 0.5357693154303323 0.4506172839506173 0.00044023772837332157 0.001001001001001001
2 0.30024213075060535 0.4506172839506173 0.00044023772837332157 0.001001001001001001
2 0.5384107418005724 0.45045045045045046 0.00044023772837332157 0.002002002002002002
2 0.2837332159366058 0.4501167834501168 0.0008804754567466431 0.001334668001334668
2 0.2597402597402597 0.4506172839506173 0.0008804754567466431 0.002335669002335669
2 0.5411622276029056 0.4496162829496163 0.00022011886418666079 0.001001001001001001
2 0.5401716927140656 0.4492826159492826 0.00044023772837332157 0.001001001001001001
2 0.5348888399735857 0.4492826159492826 0.00044023772837332157 0.001001001001001001
2 0.5359894342945191 0.4487821154487821 0.00044023772837332157 0.001334668001334668
2 0.5036319612590799 0.45662328995662327 0.0030816640986132513 0.01701701701701702
2 0.2602905569007264 0.44844844844844844 0.00022011886418666079 0.000667334000667334
2 0.5418225841954656 0.4482816149482816 0.0006603565925599824 0.001001001001001001
2 0.29925159586176536 0.44911578244911576 0.0006603565925599824 0.002669336002669336
2 0.5219018269865727 0.4617951284617951 0.009685230024213076 0.02869536202869536
2 0.511336121505613 0.461961961961962 0.00836451683909311 0.02902902902902903
2 0.26150121065375304 0.4501167834501168 0.002201188641866608 0.005338672005338672
2 0.5318071758749725 0.4612946279612946 0.008804754567466431 0.02902902902902903
2 0.47985912392692054 0.4612946279612946 0.007924279110719789 0.02902902902902903
2 0.6639885538190623 0.4494494494494494 0.0015408320493066256 0.006006006006006006
2 0.2643627558881796 0.4467801134467801 0.00044023772837332157 0.000667334000667334
2 0.5417125247633722 0.44844844844844844 0.006603565925599824 0.004671338004671338
2 0.26557340964120624 0.4461127794461128 0.00022011886418666079 0.000667334000667334
2 0.30530486462689854 0.4567901234567901 0.014527845036319613 0.022689356022689355
2 0.29088707902267225 0.4496162829496163 0.017389390270746204 0.008341675008341674
2 0.262161567246313 0.4457791124457791 0.00044023772837332157 0.000667334000667334
2 0.2677745982830729 0.4452786119452786 0.00022011886418666079 0.000333667000333667
2 0.26084085406119306 0.4452786119452786 0.00044023772837332157 0.000333667000333667
2 0.2996918335901387 0.44644644644644643 0.002421307506053269 0.00333667000333667
2 0.2597402597402597 0.44644644644644643 0.002201188641866608 0.00333667000333667
2 0.29044684129429893 0.44594594594594594 0.0037420206911732336 0.003670337003670337
2 0.5028615452344266 0.44411077744411076 0.001100594320933304 0.000667334000667334
2 0.4944970283953335 0.44394394394394393 0.00022011886418666079 0.000333667000333667
2 0.2835130970724191 0.44494494494494496 0.0017609509134932863 0.002335669002335669
2 0.4854721549636804 0.44361027694361027 0.00022011886418666079 0.000333667000333667
2 0.26601364736957955 0.44361027694361027 0.00022011886418666079 0.000333667000333667
2 0.2602905569007264 0.44361027694361027 0.00022011886418666079 0.000333667000333667
2 0.6631080783623157 0.44477811144477813 0.0006603565925599824 0.00333667000333667
2 0.2939687431212855 0.4467801134467801 0.005062733876293198 0.007340674007340674
2 0.29925159586176536 0.44294294294294295 0.00022011886418666079 0.000333667000333667
2 0.29881135813339205 0.4426092759426093 0.00022011886418666079 0.000333667000333667
2 0.26161127008584634 0.44361027694361027 0.001100594320933304 0.002335669002335669
2 0.2916574950473256 0.44244244244244246 0.00044023772837332157 0.000667334000667334
2 0.2900066035659256 0.44227560894227563 0.0006603565925599824 0.001001001001001001
2 0.25764913053048644 0.44244244244244246 0.0015408320493066256 0.001334668001334668
2 0.2795509575170592 0.4417751084417751 0.00044023772837332157 0.000667334000667334
2 0.25907990314769974 0.4419419419419419 0.0008804754567466431 0.001001001001001001
2 0.5400616332819723 0.44144144144144143 0.0006603565925599824 0.000667334000667334
2 0.4837112040501871 0.44210877544210875 0.0006603565925599824 0.00333667000333667
2 0.30134272507153864 0.44227560894227563 0.005282852740479859 0.003670337003670337
2 0.2776799471714726 0.4406072739406073 0.00022011886418666079 0.000333667000333667
2 0.263152102135153 0.44144144144144143 0.0015408320493066256 0.002002002002002002
2 0.26084085406119306 0.4407741074407741 0.0008804754567466431 0.000667334000667334
2 0.25786924939467315 0.4407741074407741 0.001100594320933304 0.000667334000667334
2 0.6629980189302224 0.4406072739406073 0.00044023772837332157 0.001001001001001001
2 0.2693154303323795 0.4402736069402736 0.00022011886418666079 0.000333667000333667
2 0.28978648470173896 0.43977310643977313 0.0006603565925599824 0.000667334000667334
2 0.662887959498129 0.4392726059392726 0.00022011886418666079 0.000333667000333667
2 0.2956196346026855 0.4431097764431098 0.005282852740479859 0.008008008008008008
2 0.27283733215936606 0.43993993993993996 0.00022011886418666079 0.001668335001668335
2 0.28472375082544576 0.4419419419419419 0.001981069777679947 0.007007007007007007
2 0.48382126348228044 0.43860527193860527 0.00044023772837332157 0.001001001001001001
2 0.2821923838872991 0.43910577243910576 0.0008804754567466431 0.002002002002002002
2 0.25588817961699317 0.4392726059392726 0.001981069777679947 0.002335669002335669
2 0.27283733215936606 0.4381047714381048 0.00022011886418666079 0.000667334000667334
2 0.2642526964560863 0.43843843843843844 0.0006603565925599824 0.001334668001334668
2 0.29121725731895226 0.4394394394394394 0.0017609509134932863 0.004004004004004004
2 0.2990314769975787 0.43727060393727063 0.00022011886418666079 0.000333667000333667
2 0.26887519260400616 0.43727060393727063 0.00022011886418666079 0.000333667000333667
2 0.28802553378824564 0.4406072739406073 0.00286154523442659 0.008341675008341674
2 0.2606207351970064 0.4382716049382716 0.0026414263702399295 0.003670337003670337
2 0.2951793968743121 0.4382716049382716 0.003962139555359894 0.004337671004337671
2 0.2642526964560863 0.43660326993660326 0.001100594320933304 0.001668335001668335
2 0.4974686330618534 0.43543543543543545 0.0008804754567466431 0.000667334000667334
2 0.29881135813339205 0.4367701034367701 0.00286154523442659 0.004004004004004004
2 0.5028615452344266 0.43476810143476813 0.00022011886418666079 0.000667334000667334
2 0.30145278450363194 0.43743743743743746 0.009024873431653093 0.006006006006006006
2 0.49823904908650674 0.4344344344344344 0.00022011886418666079 0.000667334000667334
2 0.26040061633281975 0.43660326993660326 0.004402377283733216 0.005005005005005005
2 0.25698877393792646 0.43660326993660326 0.004622496147919877 0.005005005005005005
2 0.4841514417785604 0.43543543543543545 0.0006603565925599824 0.004004004004004004
2 0.4984591679506934 0.4332665999332666 0.00022011886418666079 0.001001001001001001
2 0.4841514417785604 0.4312645979312646 0.00022011886418666079 0.000333667000333667
2 0.48426150121065376 0.42992992992992995 0.00044023772837332157 0.001001001001001001
2 0.4844816200748404 0.42809476142809477 0.00044023772837332157 0.001334668001334668
2 0.4940567906669602 0.42659325992659325 0.00022011886418666079 0.000333667000333667
2 0.4859123926920537 0.4267600934267601 0.00022011886418666079 0.000667334000667334
2 0.48437156064274706 0.4267600934267601 0.00022011886418666079 0.000667334000667334
2 0.48635263042042703 0.42559225892559227 0.00022011886418666079 0.000333667000333667
2 0.5108958837772397 0.43343343343343343 0.0030816640986132513 0.022022022022022022
2 0.5044023772837332 0.4325992659325993 0.0068236847897864845 0.020353687020353686
2 0.49691833590138673 0.4237570904237571 0.002421307506053269 0.002669336002669336
2 0.4925159586176535 0.4227560894227561 0.0006603565925599824 0.000667334000667334
2 0.48712304644508037 0.4227560894227561 0.0017609509134932863 0.000667334000667334
2 0.48569227382786706 0.4225892559225893 0.0006603565925599824 0.000333667000333667
2 0.48481179837112043 0.4225892559225893 0.0006603565925599824 0.000333667000333667
2 0.5180497468633062 0.4332665999332666 0.00814439797490645 0.022355689022355688
2 0.5266343825665859 0.43293293293293295 0.006383447061413163 0.022355689022355688
2 0.4782082324455206 0.43293293293293295 0.007263922518159807 0.022355689022355688
2 0.5343385428131191 0.4325992659325993 0.006383447061413163 0.022355689022355688
2 0.5420427030596522 0.4319319319319319 0.005943209333039842 0.022355689022355688
2 0.535659255998239 0.4182515849182516 0.001100594320933304 0.001668335001668335
2 0.50132071318512 0.41658324991658324 0.0006603565925599824 0.000333667000333667
2 0.4964780981730134 0.41658324991658324 0.001981069777679947 0.000333667000333667
2 0.4994497028395333 0.41558224891558226 0.00044023772837332157 0.000333667000333667
2 0.49680827646929343 0.41558224891558226 0.002201188641866608 0.000333667000333667
2 0.50066035659256 0.41358024691358025 0.00022011886418666079 0.001668335001668335
2 0.4931763152102135 0.41291291291291293 0.00022011886418666079 0.000333667000333667
2 0.5222320052828527 0.41358024691358025 0.005062733876293198 0.006339673006339673
2 0.49581774158045344 0.4125792459125793 0.001981069777679947 0.004337671004337671
2 0.5011005943209333 0.4125792459125793 0.001100594320933304 0.005005005005005005
2 0.48239049086506713 0.4132465799132466 0.005062733876293198 0.007007007007007007
2 0.5370900286154523 0.4139139139139139 0.01672903367818622 0.010343677010343676
2 0.476007043803654 0.4125792459125793 0.004622496147919877 0.007674341007674341
2 0.48679286814880035 0.40724057390724056 0.00022011886418666079 0.000333667000333667
2 0.5148580233325996 0.4119119119119119 0.0017609509134932863 0.010343677010343676
2 0.5073739819502532 0.4119119119119119 0.01100594320933304 0.010343677010343676
2 0.5267444419986793 0.41157824491157824 0.0017609509134932863 0.010343677010343676
2 0.5418225841954656 0.40657323990657324 0.001100594320933304 0.001668335001668335
2 0.47666740039621397 0.40657323990657324 0.001100594320933304 0.001668335001668335
2 0.47490644948272065 0.40657323990657324 0.001100594320933304 0.001668335001668335
2 0.8043143297380585 0.3613613613613614 0.00044023772837332157 0.002002002002002002
2 0.8407440017609509 0.35735735735735735 0.00022011886418666079 0.000667334000667334
2 0.812458727712965 0.3590256923590257 0.0008804754567466431 0.007340674007340674
2 0.8430552498349109 0.35552218885552217 0.00044023772837332157 0.001001001001001001
2 0.8429451904028176 0.35435435435435436 0.00022011886418666079 0.000667334000667334
2 0.8199427690953115 0.3581915248581915 0.0013207131851199648 0.008341675008341674
2 0.8442659035879375 0.3533533533533533 0.00022011886418666079 0.000667334000667334
2 0.8265463350209112 0.3570236903570237 0.0013207131851199648 0.008675342008675343
2 0.8401937046004843 0.3538538538538539 0.0008804754567466431 0.004337671004337671
2 0.8322694254897645 0.35618952285618954 0.0013207131851199648 0.009009009009009009
2 0.836781862205591 0.35485485485485485 0.0015408320493066256 0.009676343009676344
2 0.8397534668721109 0.35035035035035034 0.00044023772837332157 0.001334668001334668
2 0.8339203169711644 0.34634634634634637 0.0006603565925599824 0.000667334000667334
2 0.8360114461809377 0.3458458458458458 0.0008804754567466431 0.001001001001001001