2 0.64 0.9506666666666667 0.042666666666666665 0.008
2 0.672 0.7906666666666666 0.010666666666666666 0.013333333333333334
2 0.6506666666666666 0.7426666666666667 0.005333333333333333 0.0026666666666666666
2 0.716 0.7293333333333333 0.0026666666666666666 0.0026666666666666666
2 0.364 0.5746666666666667 0.029333333333333333 0.018666666666666668
2 0.7173333333333334 0.17466666666666666 0.10133333333333333 0.07733333333333334
2 0.676 0.10666666666666667 0.024 0.042666666666666665
2 0.7493333333333333 0.10133333333333333 0.037333333333333336 0.037333333333333336
2 0.6133333333333333 0.12133333333333333 0.10133333333333333 0.19466666666666665
2 0.716 0.07466666666666667 0.06133333333333333 0.10666666666666667
2 0.49733333333333335 0.4866666666666667 0.7546666666666667 0.9573333333333334