2 0.29411764705882354 0.974 0.007352941176470588 0.004
2 0.16727941176470587 0.974 0.003676470588235294 0.004
2 0.3180147058823529 0.973 0.011029411764705883 0.006
2 0.20036764705882354 0.968 0.01838235294117647 0.004
2 0.9099264705882353 0.964 0.01838235294117647 0.008
2 0.31985294117647056 0.962 0.014705882352941176 0.004
2 0.7610294117647058 0.96 0.029411764705882353 0.004
2 0.5661764705882353 0.948 0.007352941176470588 0.004
2 0.6066176470588235 0.952 0.058823529411764705 0.02
2 0.9246323529411765 0.953 0.05514705882352941 0.026
2 0.5477941176470589 0.941 0.007352941176470588 0.002
2 0.23529411764705882 0.965 0.4485294117647059 0.07
2 0.7665441176470589 0.96 0.44485294117647056 0.072
2 0.5661764705882353 0.926 0.03676470588235294 0.036
2 0.1213235294117647 0.904 0.007352941176470588 0.004
2 0.3547794117647059 0.903 0.025735294117647058 0.014
2 0.45588235294117646 0.883 0.007352941176470588 0.006
2 0.3235294117647059 0.882 0.007352941176470588 0.004
2 0.02022058823529412 0.886 0.025735294117647058 0.016
2 0.08823529411764706 0.878 0.029411764705882353 0.02
2 0.03125 0.869 0.003676470588235294 0.002
2 0.3584558823529412 0.859 0.003676470588235294 0.002
2 0.05514705882352941 0.854 0.007352941176470588 0.004
2 0.6691176470588235 0.854 0.029411764705882353 0.012
2 0.8694852941176471 0.853 0.025735294117647058 0.014
2 0.7481617647058824 0.845 0.011029411764705883 0.006
2 0.027573529411764705 0.843 0.003676470588235294 0.002
2 0.7113970588235294 0.85 0.03308823529411765 0.02
2 0.6636029411764706 0.842 0.003676470588235294 0.004
2 0.9080882352941176 0.838 0.007352941176470588 0.004
2 0.8308823529411765 0.848 0.04411764705882353 0.024
2 0.5992647058823529 0.837 0.014705882352941176 0.01
2 0.08639705882352941 0.835 0.011029411764705883 0.006
2 0.9650735294117647 0.829 0.003676470588235294 0.002
2 0.9816176470588235 0.821 0.007352941176470588 0.006
2 0.7058823529411765 0.82 0.007352941176470588 0.004
2 0.44669117647058826 0.828 0.01838235294117647 0.02
2 0.6286764705882353 0.815 0.007352941176470588 0.002
2 0.3602941176470588 0.816 0.007352941176470588 0.004
2 0.5459558823529411 0.831 0.03308823529411765 0.042
2 0.05514705882352941 0.81 0.007352941176470588 0.004
2 0.5698529411764706 0.803 0.014705882352941176 0.014
2 0.6654411764705882 0.796 0.007352941176470588 0.004
2 0.4540441176470588 0.795 0.011029411764705883 0.01
2 0.5955882352941176 0.788 0.007352941176470588 0.004
2 0.5441176470588235 0.795 0.029411764705882353 0.018
2 0.3952205882352941 0.788 0.01838235294117647 0.012
2 0.44485294117647056 0.78 0.007352941176470588 0.004
2 0.5459558823529411 0.779 0.011029411764705883 0.006
2 0.20036764705882354 0.776 0.011029411764705883 0.004
2 0.3602941176470588 0.772 0.007352941176470588 0.004
2 0.11948529411764706 0.773 0.011029411764705883 0.006
2 0.034926470588235295 0.772 0.003676470588235294 0.004
2 0.5698529411764706 0.762 0.007352941176470588 0.004
2 0.05514705882352941 0.764 0.014705882352941176 0.012
2 0.9430147058823529 0.767 0.03308823529411765 0.022
2 0.9099264705882353 0.748 0.003676470588235294 0.004
2 0.15625 0.753 0.01838235294117647 0.014
2 0.17463235294117646 0.75 0.01838235294117647 0.016
2 0.5955882352941176 0.743 0.007352941176470588 0.006
2 0.875 0.728 0.007352941176470588 0.004
2 0.9430147058823529 0.721 0.003676470588235294 0.002
2 0.30330882352941174 0.73 0.04779411764705882 0.02
2 0.5680147058823529 0.717 0.011029411764705883 0.006
2 0.5955882352941176 0.699 0.007352941176470588 0.006
2 0.5459558823529411 0.729 0.025735294117647058 0.086
2 0.8786764705882353 0.682 0.007352941176470588 0.004
2 0.21691176470588236 0.797 0.25735294117647056 0.238
2 0.5680147058823529 0.672 0.003676470588235294 0.004
2 0.9209558823529411 0.664 0.011029411764705883 0.004
2 0.3014705882352941 0.67 0.04411764705882353 0.016
2 0.5459558823529411 0.663 0.011029411764705883 0.006
2 0.17647058823529413 0.656 0.007352941176470588 0.004
2 0.14522058823529413 0.656 0.011029411764705883 0.004
2 0.23897058823529413 0.664 0.022058823529411766 0.024
2 0.5496323529411765 0.647 0.01838235294117647 0.014
2 0.17647058823529413 0.644 0.11764705882352941 0.008
2 0.24080882352941177 0.623 0.011029411764705883 0.01
2 0.17463235294117646 0.622 0.01838235294117647 0.008
2 0.14705882352941177 0.621 0.007352941176470588 0.006
2 0.5459558823529411 0.618 0.011029411764705883 0.008
2 0.4025735294117647 0.617 0.09191176470588236 0.038
2 0.05698529411764706 0.711 0.11397058823529412 0.238
2 0.7077205882352942 0.592 0.003676470588235294 0.004
2 0.5459558823529411 0.595 0.011029411764705883 0.018
2 0.3952205882352941 0.587 0.003676470588235294 0.002
2 0.9871323529411765 0.583 0.003676470588235294 0.002
2 0.5680147058823529 0.581 0.003676470588235294 0.002
2 0.06985294117647059 0.582 0.04411764705882353 0.016
2 0.7077205882352942 0.571 0.003676470588235294 0.002
2 0.7518382352941176 0.571 0.011029411764705883 0.006
2 0.6948529411764706 0.574 0.022058823529411766 0.012
2 0.04963235294117647 0.569 0.003676470588235294 0.006
2 0.59375 0.563 0.003676470588235294 0.002
2 0.7757352941176471 0.57 0.022058823529411766 0.02
2 0.7738970588235294 0.552 0.011029411764705883 0.008
2 0.5477941176470589 0.559 0.014705882352941176 0.026
2 0.7959558823529411 0.547 0.011029411764705883 0.006
2 0.7058823529411765 0.549 0.022058823529411766 0.014
2 0.6286764705882353 0.543 0.007352941176470588 0.002
2 0.7738970588235294 0.54 0.003676470588235294 0.004
2 0.7683823529411765 0.698 0.41911764705882354 0.324
2 0.6654411764705882 0.522 0.007352941176470588 0.004
2 0.9136029411764706 0.52 0.003676470588235294 0.004
2 0.8308823529411765 0.527 0.04411764705882353 0.022
2 0.5955882352941176 0.516 0.007352941176470588 0.004
2 0.9705882352941176 0.514 0.007352941176470588 0.004
2 0.7683823529411765 0.519 0.04411764705882353 0.014
2 0.6985294117647058 0.516 0.03676470588235294 0.012
2 0.7738970588235294 0.507 0.01838235294117647 0.006
2 0.5422794117647058 0.517 0.01838235294117647 0.042
2 0.23161764705882354 0.494 0.022058823529411766 0.004
2 0.23345588235294118 0.479 0.04044117647058824 0.01
2 0.7738970588235294 0.484 0.09926470588235294 0.028
2 0.7683823529411765 0.454 0.19117647058823528 0.044
2 0.7757352941176471 0.423 0.014705882352941176 0.006
2 0.7757352941176471 0.415 0.007352941176470588 0.002
2 0.7132352941176471 0.406 0.014705882352941176 0.012
2 0.6911764705882353 0.402 0.007352941176470588 0.004
2 0.6764705882352942 0.402 0.007352941176470588 0.004
2 0.8290441176470589 0.401 0.04044117647058824 0.014
2 0.7775735294117647 0.402 0.025735294117647058 0.016
2 0.7794117647058824 0.378 0.014705882352941176 0.008
2 0.6856617647058824 0.371 0.003676470588235294 0.002
2 0.16727941176470587 0.429 0.06985294117647059 0.118
2 0.7077205882352942 0.37 0.011029411764705883 0.004
2 0.8069852941176471 0.355 0.04779411764705882 0.006
2 0.2775735294117647 0.344 0.011029411764705883 0.008
2 0.8988970588235294 0.341 0.011029411764705883 0.006
2 0.8069852941176471 0.343 0.09191176470588236 0.014
2 0.21507352941176472 0.345 0.0625 0.03
2 0.9356617647058824 0.333 0.10661764705882353 0.046
2 0.71875 0.399 0.3786764705882353 0.182
2 0.33455882352941174 0.297 0.0661764705882353 0.018
2 0.2849264705882353 0.288 0.025735294117647058 0.004
2 0.12683823529411764 0.415 0.16544117647058823 0.258
2 0.9448529411764706 0.246 0.007352941176470588 0.004
2 0.7647058823529411 0.201 0.014705882352941176 0.002
2 0.8216911764705882 0.124 0.04779411764705882 0.072
2 0.7003676470588235 0.135 0.07720588235294118 0.102
2 0.8069852941176471 0.062 0.01838235294117647 0.02
2 0.7444852941176471 0.06 0.06985294117647059 0.032
2 0.9080882352941176 0.077 0.07352941176470588 0.138
2 0.6213235294117647 0.155 0.09558823529411764 0.298