2 0.16454545454545455 0.8709090909090909 0.056363636363636366 0.05454545454545454
2 0.15272727272727274 0.8409090909090909 0.02181818181818182 0.02727272727272727
2 0.13454545454545455 0.8409090909090909 0.007272727272727273 0.02727272727272727
2 0.13363636363636364 0.8436363636363636 0.06 0.03636363636363636
2 0.13454545454545455 0.8209090909090909 0.05818181818181818 0.005454545454545455
2 0.10545454545454545 0.8390909090909091 0.04727272727272727 0.09272727272727273
2 0.12818181818181817 0.8390909090909091 0.11454545454545455 0.11454545454545455
2 0.1290909090909091 0.6890909090909091 0.11272727272727273 0.12727272727272726
2 0.36272727272727273 0.2081818181818182 0.0018181818181818182 0.0018181818181818182
2 0.4536363636363636 0.1572727272727273 0.02 0.012727272727272728
2 0.41 0.15272727272727274 0.005454545454545455 0.0036363636363636364
2 0.40636363636363637 0.14363636363636365 0.0018181818181818182 0.0036363636363636364
2 0.4809090909090909 0.14272727272727273 0.005454545454545455 0.005454545454545455
2 0.5345454545454545 0.5263636363636364 0.5054545454545455 0.7763636363636364
2 0.3481818181818182 0.14272727272727273 0.005454545454545455 0.00909090909090909
2 0.4254545454545455 0.1318181818181818 0.0036363636363636364 0.0018181818181818182
2 0.509090909090909 0.14 0.05090909090909091 0.02181818181818182
2 0.44636363636363635 0.12818181818181817 0.0018181818181818182 0.0018181818181818182
2 0.4309090909090909 0.12818181818181817 0.0036363636363636364 0.0018181818181818182