2 0.6761992619926199 0.94625 0.1752767527675277 0.0225
2 0.5802583025830258 0.93625 0.012915129151291513 0.0125
2 0.6688191881918819 0.90625 0.08302583025830258 0.0275
2 0.29981549815498154 0.9375 0.1900369003690037 0.095
2 0.3966789667896679 0.88 0.0036900369003690036 0.01
2 0.275830258302583 0.87625 0.0018450184501845018 0.0025
2 0.2592250922509225 0.8775 0.00922509225092251 0.01
2 0.3607011070110701 0.84625 0.016605166051660517 0.0275
2 0.246309963099631 0.84875 0.03874538745387454 0.0375
2 0.7435424354243543 0.80625 0.055350553505535055 0.0725
2 0.3044280442804428 0.78125 0.11070110701107011 0.1625
2 0.2730627306273063 0.6225 0.0036900369003690036 0.005
2 0.3385608856088561 0.6225 0.03136531365313653 0.03
2 0.31365313653136534 0.615 0.01107011070110701 0.02
2 0.29428044280442806 0.615 0.02029520295202952 0.02
2 0.38468634686346864 0.6275 0.005535055350553505 0.055
2 0.21309963099630996 0.6375 0.005535055350553505 0.095
2 0.2656826568265683 0.6025 0.04059040590405904 0.04
2 0.2878228782287823 0.58375 0.007380073800738007 0.0125
2 0.2693726937269373 0.57625 0.01107011070110701 0.0175
2 0.5876383763837638 0.59625 0.042435424354243544 0.0625
2 0.6697416974169742 0.69375 0.15498154981549817 0.4175
2 0.7527675276752768 0.4875 0.007380073800738007 0.015
2 0.5276752767527675 0.57875 0.055350553505535055 0.2375
2 0.6411439114391144 0.47375 0.05350553505535055 0.0425
2 0.7619926199261993 0.4525 0.0036900369003690036 0.005
2 0.7177121771217713 0.43625 0.01845018450184502 0.0175
2 0.6466789667896679 0.44375 0.046125461254612546 0.0375
2 0.746309963099631 0.4025 0.005535055350553505 0.01
2 0.6014760147601476 0.415 0.04059040590405904 0.05
2 0.6798892988929889 0.39 0.005535055350553505 0.015
2 0.724169741697417 0.44 0.07933579335793357 0.125
2 0.2988929889298893 0.37125 0.007380073800738007 0.0025
2 0.29797047970479706 0.55 0.37453874538745385 0.405
2 0.3191881918819188 0.26125 0.0036900369003690036 0.0125
2 0.283210332103321 0.25375 0.0018450184501845018 0.0075
2 0.29981549815498154 0.22875 0.07564575645756458 0.0325
2 0.7416974169741697 0.21625 0.007380073800738007 0.0175
2 0.5977859778597786 0.1475 0.06642066420664207 0.01
2 0.7186346863468634 0.56125 0.3376383763837638 0.8525
2 0.7869003690036901 0.03375 0.04981549815498155 0.0175
2 0.6881918819188192 0.0325 0.15498154981549817 0.02