2 0.798 0.809 0.004 0.002
2 0.783 0.809 0.006 0.006
2 0.769 0.808 0.006 0.004
2 0.812 0.806 0.004 0.004
2 0.754 0.804 0.004 0.004
2 0.826 0.802 0.004 0.004
2 0.797 0.798 0.006 0.008
2 0.783 0.798 0.006 0.008
2 0.769 0.797 0.006 0.006
2 0.811 0.796 0.006 0.008
2 0.826 0.791 0.008 0.006
2 0.755 0.792 0.006 0.008
2 0.797 0.785 0.006 0.006
2 0.782 0.786 0.008 0.008
2 0.057 0.742 0.01 0.012
2 0.924 0.594 0.012 0.012
2 0.816 0.563 0.076 0.026
2 0.202 0.512 0.128 0.052
2 0.343 0.395 0.01 0.002
2 0.325 0.388 0.118 0.04
2 0.478 0.368 0.064 0.008
2 0.532 0.364 0.004 0.004
2 0.55 0.217 0.012 0.018
2 0.537 0.106 0.034 0.016
2 0.5 0.523 1.0 0.954
2 0.496 0.022 0.124 0.028