2 0.5583333333333333 0.48375 0.0033333333333333335 0.0025
2 0.21666666666666667 0.49 0.04 0.035
2 0.625 0.4725 0.0033333333333333335 0.005
2 0.8183333333333334 0.48875 0.043333333333333335 0.0475
2 0.7066666666666667 0.44375 0.013333333333333334 0.0075
2 0.8116666666666666 0.4475 0.016666666666666666 0.02
2 0.6566666666666666 0.44375 0.02 0.0125
2 0.25166666666666665 0.42875 0.03666666666666667 0.0475
2 0.7566666666666667 0.4275 0.06666666666666667 0.06
2 0.695 0.40625 0.023333333333333334 0.0225
2 0.27666666666666667 0.4025 0.03333333333333333 0.015
2 0.66 0.38625 0.013333333333333334 0.0125
2 0.6983333333333334 0.3625 0.0033333333333333335 0.005
2 0.275 0.36375 0.016666666666666666 0.0175
2 0.6683333333333333 0.34875 0.01 0.0075
2 0.9733333333333334 0.35 0.02666666666666667 0.015
2 0.94 0.3425 0.02 0.015
2 0.7716666666666666 0.3325 0.01 0.01
2 0.7516666666666667 0.35125 0.09 0.0525
2 0.9316666666666666 0.325 0.023333333333333334 0.015
2 0.8566666666666667 0.3075 0.013333333333333334 0.015
2 0.8866666666666667 0.30375 0.02 0.0125
2 0.7883333333333333 0.30125 0.01 0.0075
2 0.7033333333333334 0.2975 0.02 0.01
2 0.9533333333333334 0.30875 0.09333333333333334 0.0525
2 0.99 0.28375 0.02 0.0075
2 0.75 0.28375 0.013333333333333334 0.0125
2 0.8233333333333334 0.27625 0.02666666666666667 0.0125
2 0.7866666666666666 0.26375 0.013333333333333334 0.0125
2 0.875 0.27 0.043333333333333335 0.03
2 0.8266666666666667 0.25375 0.02666666666666667 0.0225
2 0.95 0.25125 0.08 0.0275
2 0.735 0.25375 0.043333333333333335 0.0325
2 0.31 0.2325 0.013333333333333334 0.015
2 0.7183333333333334 0.21875 0.03666666666666667 0.0175
2 0.8366666666666667 0.2175 0.04 0.02
2 0.785 0.21125 0.016666666666666666 0.0175
2 0.26 0.21875 0.04666666666666667 0.0325
2 0.9066666666666666 0.2025 0.02 0.01
2 0.9616666666666667 0.2025 0.03 0.02
2 0.7333333333333333 0.185 0.013333333333333334 0.01
2 0.2816666666666667 0.19 0.03 0.02
2 0.9983333333333333 0.18 0.0033333333333333335 0.005
2 0.7216666666666667 0.17125 0.0033333333333333335 0.0025
2 0.6916666666666667 0.1825 0.043333333333333335 0.03
2 0.9516666666666667 0.1725 0.023333333333333334 0.015
2 0.935 0.1525 0.016666666666666666 0.01
2 0.77 0.14625 0.006666666666666667 0.0075
2 0.275 0.1525 0.016666666666666666 0.02
2 0.7683333333333333 0.13875 0.0033333333333333335 0.0025
2 0.985 0.15 0.03 0.035
2 0.9533333333333334 0.11875 0.013333333333333334 0.0125
2 0.19666666666666666 0.12125 0.03333333333333333 0.0225
2 0.9966666666666667 0.10375 0.006666666666666667 0.0075
2 0.8316666666666667 0.11 0.016666666666666666 0.02
2 0.5333333333333333 0.0975 0.013333333333333334 0.01
2 0.38333333333333336 0.0975 0.006666666666666667 0.01
2 0.6116666666666667 0.09125 0.0033333333333333335 0.0025
2 0.016666666666666666 0.0975 0.02 0.015
2 0.23166666666666666 0.1025 0.03 0.04
2 0.725 0.085 0.016666666666666666 0.01
2 0.07833333333333334 0.085 0.016666666666666666 0.01
2 0.5 0.5375 1.0 0.925
2 0.5666666666666667 0.075 0.013333333333333334 0.01
2 0.325 0.06 0.01 0.005
2 0.9066666666666666 0.06 0.013333333333333334 0.01
2 0.18833333333333332 0.05625 0.01 0.0075
2 0.023333333333333334 0.06875 0.04666666666666667 0.0325
2 0.31166666666666665 0.1025 0.10333333333333333 0.105
2 0.23833333333333334 0.05125 0.01 0.0075
2 0.008333333333333333 0.04875 0.0033333333333333335 0.0025
2 0.7316666666666667 0.045 0.0033333333333333335 0.005
2 0.295 0.03875 0.0033333333333333335 0.0025
2 0.05 0.04375 0.03333333333333333 0.0275
2 0.19166666666666668 0.03 0.0033333333333333335 0.005
2 0.13833333333333334 0.06 0.11666666666666667 0.065
2 0.25 0.025 0.02666666666666667 0.02
2 0.01 0.02375 0.013333333333333334 0.0175
2 0.94 0.00125 0.013333333333333334 0.0025
2 0.7516666666666667 0.00125 0.01 0.0025
2 0.7216666666666667 0.0025 0.016666666666666666 0.005
2 0.35333333333333333 0.0025 0.013333333333333334 0.005
2 0.2633333333333333 0.0025 0.02 0.005
2 0.195 0.0025 0.06333333333333334 0.005
2 0.11833333333333333 0.00125 0.016666666666666666 0.0025
2 0.07 0.005 0.06 0.01
2 0.011666666666666667 0.0025 0.023333333333333334 0.005