2 0.15958333333333333 0.51875 0.0008333333333333334 0.0008333333333333334
2 0.8220833333333334 0.43083333333333335 0.0025 0.0016666666666666668
2 0.8304166666666667 0.4225 0.0075 0.008333333333333333
2 0.325 0.3958333333333333 0.011666666666666667 0.005
2 0.30583333333333335 0.38916666666666666 0.011666666666666667 0.006666666666666667
2 0.26416666666666666 0.36833333333333335 0.0033333333333333335 0.0033333333333333335
2 0.2575 0.3625 0.005 0.0033333333333333335
2 0.24625 0.35333333333333333 0.005833333333333334 0.005
2 0.2375 0.34041666666666665 0.01 0.0125
2 0.555 0.25625 0.02666666666666667 0.07416666666666667
2 0.5375 0.215 0.0033333333333333335 0.0033333333333333335
2 0.5320833333333334 0.20958333333333334 0.004166666666666667 0.004166666666666667
2 0.5020833333333333 0.5095833333333334 0.6891666666666667 0.6908333333333333