2 0.329 0.674 0.03 0.032
2 0.399 0.599 0.102 0.11
2 0.457 0.536 0.03 0.028
2 0.263 0.537 0.03 0.03
2 0.48 0.513 0.032 0.034
2 0.506 0.485 0.036 0.038
2 0.185 0.489 0.09 0.086
2 0.237 0.447 0.026 0.026
2 0.328 0.471 0.096 0.098
2 0.384 0.415 0.028 0.026
2 0.554 0.434 0.072 0.072
2 0.405 0.395 0.03 0.03
2 0.593 0.39 0.026 0.032
2 0.62 0.371 0.024 0.034
2 0.431 0.369 0.034 0.034
2 0.184 0.387 0.068 0.074
2 0.297 0.386 0.09 0.088
2 0.229 0.345 0.022 0.022
2 0.648 0.335 0.052 0.054
2 0.358 0.326 0.048 0.044
2 0.476 0.324 0.068 0.064
2 0.39 0.294 0.032 0.032
2 0.514 0.285 0.024 0.03
2 0.281 0.295 0.078 0.074
2 0.539 0.268 0.022 0.032
2 0.431 0.254 0.062 0.06
2 0.566 0.236 0.048 0.048
2 0.345 0.234 0.062 0.056
2 0.466 0.218 0.024 0.028
2 0.672 0.192 0.004 0.004
2 0.488 0.202 0.02 0.028
2 0.735 0.243 0.138 0.146
2 0.695 0.168 0.002 0.004
2 0.404 0.177 0.068 0.066
2 0.737 0.141 0.014 0.01
2 0.821 0.152 0.05 0.052
2 0.752 0.125 0.016 0.014
2 0.776 0.103 0.012 0.014
2 0.784 0.091 0.004 0.002
2 0.649 0.155 0.13 0.13
2 0.745 0.117 0.09 0.09
2 0.732 0.073 0.044 0.046
2 0.569 0.118 0.158 0.156
2 0.514 0.082 0.148 0.148
2 0.726 0.008 0.008 0.008
2 0.663 0.025 0.042 0.042
2 0.576 0.418 0.848 0.836
2 0.831 0.044 0.086 0.088
2 0.506 0.118 0.26 0.236
2 0.594 0.008 0.024 0.016