2 0.5275 0.880625 0.02 0.01875
2 0.344375 0.834375 0.00125 0.00125
2 0.450625 0.788125 0.00125 0.00125
2 0.385 0.78625 0.0025 0.005
2 0.386875 0.78125 0.00125 0.0025
2 0.145 0.739375 0.0025 0.00375
2 0.56875 0.744375 0.0225 0.01875
2 0.1425 0.729375 0.0025 0.00375
2 0.54125 0.728125 0.035 0.02875
2 0.495625 0.704375 0.04125 0.02875
2 0.426875 0.689375 0.02125 0.01375
2 0.458125 0.684375 0.01625 0.01625
2 0.399375 0.674375 0.01875 0.01125
2 0.411875 0.66125 0.01625 0.015
2 0.395625 0.6525 0.01125 0.0075
2 0.229375 0.635625 0.00625 0.00375
2 0.435 0.629375 0.02 0.01625
2 0.36375 0.62625 0.0125 0.0125
2 0.259375 0.610625 0.00125 0.00125
2 0.5475 0.651875 0.1775 0.15625
2 0.48125 0.548125 0.02 0.01625
2 0.728125 0.4675 0.00125 0.0025
2 0.749375 0.45 0.00125 0.0025
2 0.75 0.436875 0.0025 0.00375
2 0.50125 0.428125 0.0025 0.00375
2 0.61875 0.513125 0.215 0.24375
2 0.3025 0.375 0.0025 0.01
2 0.27 0.361875 0.02 0.00375
2 0.040625 0.325 0.03875 0.01
2 0.62625 0.324375 0.0275 0.01625
2 0.015 0.3175 0.01 0.0025
2 0.50875 0.471875 0.215 0.31625
2 0.5 0.5 1.0 1.0