2 0.779 0.04666666666666667 0.038 0.008
2 0.786 0.036 0.02 0.008
2 0.836 0.030666666666666665 0.004 0.0026666666666666666
2 0.722 0.02666666666666667 0.004 0.005333333333333333
2 0.709 0.025333333333333333 0.006 0.008
2 0.754 0.021333333333333333 0.004 0.005333333333333333
2 0.754 0.012 0.016 0.008
2 0.664 0.010666666666666666 0.004 0.005333333333333333
2 0.756 0.0026666666666666666 0.016 0.005333333333333333
2 0.712 0.0013333333333333333 0.004 0.0026666666666666666
2 0.66 0.0026666666666666666 0.004 0.005333333333333333
2 0.5 0.5 1.0 1.0