2 0.374 0.8403333333333334 0.03866666666666667 0.03266666666666666
2 0.36533333333333334 0.87 0.09733333333333333 0.10533333333333333
2 0.8213333333333334 0.695 0.0013333333333333333 0.0006666666666666666
2 0.41533333333333333 0.651 0.0013333333333333333 0.002
2 0.2946666666666667 0.7366666666666667 0.12533333333333332 0.17333333333333334
2 0.459 0.6393333333333333 0.0006666666666666666 0.0013333333333333333
2 0.5066666666666667 0.6696666666666666 0.025333333333333333 0.06466666666666666
2 0.455 0.635 0.0006666666666666666 0.0006666666666666666
2 0.8293333333333334 0.659 0.07466666666666667 0.056666666666666664
2 0.454 0.631 0.0013333333333333333 0.0033333333333333335
2 0.49266666666666664 0.6256666666666667 0.0013333333333333333 0.002
2 0.47433333333333333 0.6286666666666667 0.03 0.025333333333333333
2 0.48533333333333334 0.619 0.013333333333333334 0.008666666666666666
2 0.4693333333333333 0.6143333333333333 0.0013333333333333333 0.0006666666666666666
2 0.47433333333333333 0.614 0.007333333333333333 0.0013333333333333333
2 0.468 0.6756666666666666 0.12 0.12466666666666666
2 0.825 0.6723333333333333 0.15266666666666667 0.138
2 0.6463333333333333 0.5913333333333334 0.028666666666666667 0.02266666666666667
2 0.6256666666666667 0.7453333333333333 0.33666666666666667 0.348
2 0.6363333333333333 0.561 0.002 0.0006666666666666666
2 0.09433333333333334 0.549 0.002 0.002
2 0.084 0.5383333333333333 0.017333333333333333 0.019333333333333334
2 0.8846666666666667 0.49033333333333334 0.0026666666666666666 0.002
2 0.871 0.48733333333333334 0.0006666666666666666 0.0013333333333333333
2 0.8903333333333333 0.48133333333333334 0.0006666666666666666 0.0013333333333333333
2 0.8906666666666667 0.479 0.0013333333333333333 0.002
2 0.893 0.4756666666666667 0.002 0.002
2 0.882 0.4726666666666667 0.0013333333333333333 0.0013333333333333333
2 0.884 0.526 0.18 0.11733333333333333
2 0.905 0.464 0.043333333333333335 0.014666666666666666
2 0.144 0.5023333333333333 0.13333333333333333 0.10066666666666667
2 0.171 0.44666666666666666 0.0033333333333333335 0.0013333333333333333
2 0.387 0.44366666666666665 0.0006666666666666666 0.0006666666666666666
2 0.4866666666666667 0.44066666666666665 0.009333333333333334 0.012
2 0.37066666666666664 0.407 0.0013333333333333333 0.002
2 0.37833333333333335 0.395 0.006 0.007333333333333333
2 0.392 0.387 0.0013333333333333333 0.0006666666666666666
2 0.385 0.38766666666666666 0.0033333333333333335 0.0033333333333333335
2 0.811 0.37833333333333335 0.0006666666666666666 0.0006666666666666666
2 0.7756666666666666 0.36933333333333335 0.03133333333333333 0.02266666666666667
2 0.23 0.5096666666666667 0.3586666666666667 0.306
2 0.8313333333333334 0.365 0.037333333333333336 0.027333333333333334
2 0.536 0.4523333333333333 0.33866666666666667 0.23533333333333334
2 0.8486666666666667 0.3983333333333333 0.256 0.142
2 0.8893333333333333 0.3463333333333333 0.10666666666666667 0.06333333333333334
2 0.8933333333333333 0.32966666666666666 0.15733333333333333 0.08733333333333333
2 0.15 0.271 0.0026666666666666666 0.002
2 0.6946666666666667 0.31 0.11733333333333333 0.08266666666666667
2 0.21633333333333332 0.304 0.09 0.11333333333333333
2 0.42133333333333334 0.237 0.0026666666666666666 0.0033333333333333335
2 0.13 0.3273333333333333 0.084 0.188
2 0.458 0.22433333333333333 0.0013333333333333333 0.0006666666666666666
2 0.7846666666666666 0.24666666666666667 0.12933333333333333 0.1
2 0.39166666666666666 0.2926666666666667 0.25 0.2853333333333333
2 0.608 0.184 0.23466666666666666 0.25466666666666665