2 0.56 0.999 0.004 0.002
2 0.591 0.997 0.002 0.002
2 0.993 0.997 0.006 0.006
2 0.677 0.996 0.01 0.008
2 0.575 0.993 0.002 0.002
2 0.165 0.996 0.006 0.008
2 0.923 0.991 0.002 0.002
2 0.873 0.991 0.002 0.002
2 0.694 0.993 0.012 0.014
2 0.601 0.986 0.006 0.004
2 0.996 0.984 0.004 0.004
2 0.703 0.983 0.002 0.002
2 0.672 0.981 0.008 0.01
2 0.004 0.986 0.008 0.028
2 0.97 0.972 0.004 0.004
2 0.632 0.976 0.012 0.012
2 0.867 0.968 0.002 0.004
2 0.75 0.963 0.004 0.006
2 0.981 0.959 0.002 0.002
2 0.655 0.974 0.018 0.032
2 0.715 0.964 0.01 0.02
2 0.692 0.965 0.02 0.034
2 0.768 0.948 0.004 0.004
2 0.671 0.95 0.014 0.016
2 0.888 0.943 0.004 0.006
2 0.727 0.969 0.034 0.062
2 0.999 0.938 0.002 0.004
2 0.82 0.939 0.004 0.006
2 0.993 0.935 0.002 0.002
2 0.876 0.938 0.008 0.012
2 0.002 0.935 0.004 0.006
2 0.973 0.932 0.006 0.008
2 0.814 0.96 0.032 0.068
2 0.686 0.936 0.012 0.02
2 0.045 0.926 0.002 0.004
2 0.778 0.946 0.024 0.056
2 0.713 0.918 0.006 0.004
2 0.84 0.923 0.02 0.022
2 0.013 0.923 0.014 0.022
2 0.81 0.911 0.008 0.006
2 0.74 0.911 0.004 0.006
2 0.765 0.903 0.002 0.002
2 0.797 0.911 0.006 0.022
2 0.781 0.901 0.006 0.01
2 0.034 0.907 0.02 0.022
2 0.965 0.91 0.03 0.032
2 0.117 0.901 0.014 0.014
2 0.938 0.89 0.004 0.004
2 0.782 0.886 0.004 0.004
2 0.691 0.879 0.002 0.002
2 0.757 0.9 0.022 0.052
2 0.084 0.877 0.012 0.006
2 0.819 0.887 0.018 0.03
2 0.696 0.872 0.004 0.004
2 0.765 0.869 0.006 0.006
2 0.903 0.862 0.002 0.004
2 0.998 0.864 0.004 0.012
2 0.983 0.845 0.002 0.002
2 0.997 0.844 0.006 0.004
2 0.795 0.843 0.002 0.002
2 0.913 0.845 0.006 0.01
2 0.851 0.841 0.002 0.002
2 0.78 0.855 0.02 0.03
2 0.747 0.844 0.006 0.012
2 0.812 0.843 0.008 0.014
2 0.969 0.834 0.006 0.008
2 0.832 0.835 0.008 0.01
2 0.929 0.821 0.006 0.002
2 0.886 0.82 0.004 0.004
2 0.852 0.815 0.048 0.026
2 0.002 0.801 0.004 0.01
2 0.892 0.798 0.012 0.008
2 0.878 0.795 0.008 0.006
2 0.869 0.795 0.006 0.006
2 0.003 0.78 0.006 0.012
2 0.894 0.771 0.004 0.002
2 0.003 0.735 0.006 0.01
2 0.945 0.726 0.01 0.008
2 0.965 0.746 0.07 0.052
2 0.905 0.712 0.002 0.004
2 0.913 0.719 0.014 0.022
2 0.006 0.693 0.012 0.006
2 0.974 0.67 0.004 0.004
2 0.009 0.661 0.002 0.002
2 0.002 0.66 0.004 0.004
2 0.982 0.661 0.02 0.014
2 0.062 0.168 0.004 0.004
2 0.048 0.161 0.016 0.014
2 0.086 0.13 0.004 0.004
2 0.222 0.036 0.012 0.008
2 0.207 0.031 0.002 0.002
2 0.193 0.027 0.006 0.002
2 0.5 0.5 1.0 1.0