2 0.7071875 0.919375 0.239375 0.04375
2 0.655625 0.896875 0.005 0.00375
2 0.1990625 0.89625 0.005625 0.00375
2 0.675625 0.8940625 0.00125 0.000625
2 0.5865625 0.8946875 0.003125 0.001875
2 0.219375 0.8934375 0.00125 0.000625
2 0.765625 0.8928125 0.005 0.003125
2 0.8503125 0.891875 0.001875 0.0025
2 0.3115625 0.8921875 0.005625 0.003125
2 0.6615625 0.889375 0.003125 0.00125
2 0.205625 0.8890625 0.00625 0.001875
2 0.7140625 0.8890625 0.039375 0.006875
2 0.2584375 0.88875 0.040625 0.0075
2 0.755625 0.8865625 0.01 0.006875
2 0.30125 0.8859375 0.01 0.006875
2 0.1340625 0.869375 0.004375 0.00875
2 0.1315625 0.86375 0.000625 0.00125
2 0.2371875 0.8534375 0.000625 0.000625
2 0.7078125 0.8378125 0.000625 0.000625
2 0.244375 0.84 0.01125 0.00875
2 0.231875 0.8396875 0.0075 0.008125
2 0.716875 0.8359375 0.00125 0.003125
2 0.7015625 0.836875 0.009375 0.00875
2 0.69 0.8365625 0.0075 0.008125
2 0.2896875 0.8328125 0.000625 0.000625
2 0.7484375 0.831875 0.000625 0.00125
2 0.718125 0.8321875 0.00125 0.003125
2 0.7465625 0.8315625 0.001875 0.005625
2 0.7315625 0.8321875 0.005625 0.008125
2 0.5771875 0.809375 0.001875 0.00375
2 0.8559375 0.805625 0.000625 0.00125
2 0.71625 0.811875 0.05 0.02875
2 0.1684375 0.79625 0.000625 0.00125
2 0.169375 0.7896875 0.0025 0.010625
2 0.63625 0.8009375 0.01 0.043125
2 0.7390625 0.7790625 0.000625 0.000625
2 0.231875 0.7828125 0.0075 0.008125
2 0.69 0.780625 0.0075 0.00875
2 0.289375 0.7775 0.005 0.00875
2 0.7465625 0.775 0.004375 0.00875
2 0.716875 0.7825 0.045 0.03125
2 0.2615625 0.8115625 0.043125 0.090625
2 0.4109375 0.7634375 0.000625 0.001875
2 0.4103125 0.76 0.000625 0.0025
2 0.5753125 0.760625 0.000625 0.00625
2 0.1303125 0.7928125 0.010625 0.074375
2 0.399375 0.7590625 0.0075 0.031875
2 0.716875 0.75125 0.04375 0.0325
2 0.2453125 0.726875 0.001875 0.0025
2 0.2475 0.725 0.00125 0.00125
2 0.2609375 0.8303125 0.313125 0.213125
2 0.7934375 0.7321875 0.001875 0.018125
2 0.2646875 0.744375 0.033125 0.0475
2 0.7465625 0.72 0.003125 0.00375
2 0.6440625 0.7475 0.005625 0.0625
2 0.746875 0.7159375 0.00125 0.001875
2 0.250625 0.714375 0.015 0.015
2 0.7953125 0.7140625 0.001875 0.018125
2 0.7134375 0.7196875 0.054375 0.029375
2 0.6434375 0.715 0.003125 0.025
2 0.2603125 0.7003125 0.000625 0.000625
2 0.123125 0.7009375 0.00125 0.001875
2 0.1165625 0.7046875 0.001875 0.009375
2 0.1134375 0.6859375 0.000625 0.001875
2 0.716875 0.69125 0.04375 0.03125
2 0.2434375 0.6759375 0.000625 0.000625
2 0.2421875 0.6753125 0.000625 0.001875
2 0.2290625 0.6721875 0.000625 0.000625
2 0.245 0.670625 0.00125 0.00125
2 0.689375 0.66625 0.00625 0.0075
2 0.8475 0.6875 0.00875 0.06375
2 0.8428125 0.6540625 0.000625 0.000625
2 0.58625 0.690625 0.0125 0.09125
2 0.716875 0.658125 0.04375 0.035
2 0.6978125 0.6353125 0.019375 0.019375
2 0.7365625 0.608125 0.000625 0.00125
2 0.7428125 0.6078125 0.000625 0.001875
2 0.6896875 0.609375 0.008125 0.00875
2 0.7340625 0.6040625 0.000625 0.000625
2 0.5828125 0.6103125 0.001875 0.014375
2 0.7478125 0.604375 0.003125 0.0075
2 0.7428125 0.6015625 0.001875 0.003125
2 0.7365625 0.600625 0.001875 0.00125
2 0.7034375 0.56125 0.011875 0.00875
2 0.69 0.56125 0.00875 0.00875
2 0.7146875 0.5971875 0.034375 0.084375
2 0.7428125 0.5503125 0.000625 0.000625
2 0.736875 0.5503125 0.00125 0.000625
2 0.7475 0.548125 0.00125 0.0025
2 0.718125 0.5471875 0.00125 0.000625
2 0.72875 0.5475 0.005 0.00375
2 0.3275 0.4803125 0.00125 0.000625
2 0.29875 0.4796875 0.04375 0.001875
2 0.2221875 0.47875 0.029375 0.00125
2 0.2753125 0.6128125 0.423125 0.279375
2 0.34875 0.393125 0.01125 0.0075
2 0.3103125 0.388125 0.004375 0.0025
2 0.330625 0.3934375 0.035 0.015625
2 0.1303125 0.3859375 0.000625 0.000625
2 0.288125 0.385625 0.00125 0.00125
2 0.3315625 0.385 0.001875 0.00125
2 0.3109375 0.3846875 0.001875 0.000625
2 0.3175 0.3840625 0.0025 0.001875
2 0.1384375 0.3834375 0.000625 0.000625
2 0.3309375 0.3825 0.001875 0.00125
2 0.7471875 0.365 0.024375 0.00125
2 0.7290625 0.6240625 0.419375 0.531875
2 0.184375 0.3553125 0.01 0.004375
2 0.1959375 0.3534375 0.008125 0.006875
2 0.2046875 0.3409375 0.000625 0.000625
2 0.1934375 0.32875 0.000625 0.00125
2 0.1621875 0.325625 0.000625 0.00125
2 0.161875 0.3209375 0.00125 0.004375
2 0.1615625 0.31625 0.000625 0.00125
2 0.1928125 0.3153125 0.000625 0.000625
2 0.1934375 0.308125 0.001875 0.00375
2 0.1965625 0.2934375 0.000625 0.001875
2 0.8021875 0.2778125 0.011875 0.006875
2 0.7634375 0.2728125 0.004375 0.003125
2 0.7840625 0.278125 0.034375 0.015
2 0.5840625 0.270625 0.001875 0.00125
2 0.7659375 0.2696875 0.000625 0.000625
2 0.7846875 0.2696875 0.001875 0.001875
2 0.77 0.26875 0.0025 0.00125
2 0.59125 0.268125 0.0025 0.00125
2 0.2325 0.315 0.19 0.14625
2 0.6371875 0.24 0.009375 0.00375
2 0.649375 0.2378125 0.00875 0.006875
2 0.1728125 0.2578125 0.080625 0.054375
2 0.6153125 0.2059375 0.001875 0.004375
2 0.6459375 0.2009375 0.000625 0.001875
2 0.646875 0.193125 0.00125 0.00375
2 0.61625 0.1509375 0.0025 0.003125
2 0.688125 0.199375 0.195 0.14625
2 0.62625 0.141875 0.08 0.055