2 0.353515625 0.9973958333333334 0.0078125 0.005208333333333333
2 0.2548828125 0.9856770833333334 0.044921875 0.028645833333333332
2 0.2890625 0.9739583333333334 0.06640625 0.052083333333333336
2 0.0517578125 0.9713541666666666 0.103515625 0.057291666666666664
2 0.33984375 0.9479166666666666 0.12890625 0.10416666666666667
2 0.0869140625 0.91015625 0.173828125 0.1796875
2 0.1875 0.79296875 0.00390625 0.0026041666666666665
2 0.18359375 0.7825520833333334 0.00390625 0.0026041666666666665
2 0.1787109375 0.7799479166666666 0.001953125 0.0026041666666666665
2 0.26171875 0.7903645833333334 0.03515625 0.0390625
2 0.29296875 0.7552083333333334 0.00390625 0.005208333333333333
2 0.28125 0.7473958333333334 0.00390625 0.005208333333333333
2 0.4814453125 0.74609375 0.005859375 0.0078125
2 0.484375 0.7369791666666666 0.00390625 0.005208333333333333
2 0.2548828125 0.7239583333333334 0.033203125 0.036458333333333336
2 0.4384765625 0.7057291666666666 0.013671875 0.020833333333333332
2 0.408203125 0.66796875 0.0390625 0.06510416666666667
2 0.5 0.5 1.0 1.0