2 0.07466666666666667 0.7113333333333334 0.0013333333333333333 0.0013333333333333333
2 0.077 0.7106666666666667 0.002 0.0013333333333333333
2 0.003 0.7106666666666667 0.0006666666666666666 0.0013333333333333333
2 0.086 0.7096666666666667 0.0013333333333333333 0.002
2 0.064 0.7053333333333334 0.0013333333333333333 0.0013333333333333333
2 0.09433333333333334 0.7043333333333334 0.0006666666666666666 0.0006666666666666666
2 0.07733333333333334 0.7046666666666667 0.0013333333333333333 0.0013333333333333333
2 0.16966666666666666 0.7006666666666667 0.0006666666666666666 0.0013333333333333333
2 0.197 0.699 0.002 0.002
2 0.09833333333333333 0.698 0.0006666666666666666 0.0013333333333333333
2 0.22066666666666668 0.696 0.0013333333333333333 0.0013333333333333333
2 0.20766666666666667 0.6956666666666667 0.002 0.002
2 0.135 0.6946666666666667 0.002 0.0026666666666666666
2 0.26266666666666666 0.688 0.0026666666666666666 0.0026666666666666666
2 0.16766666666666666 0.687 0.002 0.002
2 0.218 0.6863333333333334 0.0013333333333333333 0.002
2 0.23033333333333333 0.6853333333333333 0.002 0.0026666666666666666
2 0.191 0.6836666666666666 0.0006666666666666666 0.0006666666666666666
2 0.2633333333333333 0.683 0.0013333333333333333 0.0006666666666666666
2 0.25366666666666665 0.683 0.0006666666666666666 0.0006666666666666666
2 0.325 0.6813333333333333 0.0006666666666666666 0.0013333333333333333
2 0.358 0.682 0.004 0.004
2 0.309 0.6813333333333333 0.002 0.0026666666666666666
2 0.25166666666666665 0.68 0.0006666666666666666 0.0013333333333333333
2 0.38033333333333336 0.6796666666666666 0.002 0.002
2 0.4036666666666667 0.6783333333333333 0.0006666666666666666 0.0006666666666666666
2 0.3426666666666667 0.6786666666666666 0.0013333333333333333 0.0013333333333333333
2 0.38133333333333336 0.6773333333333333 0.0026666666666666666 0.0013333333333333333
2 0.27466666666666667 0.6773333333333333 0.0013333333333333333 0.0013333333333333333
2 0.2986666666666667 0.6746666666666666 0.0013333333333333333 0.0013333333333333333
2 0.23533333333333334 0.6746666666666666 0.0013333333333333333 0.0013333333333333333
2 0.4483333333333333 0.6703333333333333 0.0033333333333333335 0.002
2 0.381 0.6696666666666666 0.0006666666666666666 0.0006666666666666666
2 0.344 0.6693333333333333 0.0013333333333333333 0.0013333333333333333
2 0.5066666666666667 0.668 0.0013333333333333333 0.0013333333333333333
2 0.393 0.6693333333333333 0.0033333333333333335 0.004
2 0.4716666666666667 0.668 0.0033333333333333335 0.0026666666666666666
2 0.9983333333333333 0.6676666666666666 0.0033333333333333335 0.006
2 0.53 0.6643333333333333 0.0013333333333333333 0.0006666666666666666
2 0.9726666666666667 0.665 0.0013333333333333333 0.0033333333333333335
2 0.35233333333333333 0.664 0.0006666666666666666 0.0013333333333333333
2 0.5016666666666667 0.6626666666666666 0.0006666666666666666 0.0013333333333333333
2 0.5363333333333333 0.6606666666666666 0.0006666666666666666 0.0013333333333333333
2 0.39866666666666667 0.6606666666666666 0.0013333333333333333 0.0013333333333333333
2 0.4106666666666667 0.66 0.0013333333333333333 0.0013333333333333333
2 0.4713333333333333 0.6596666666666666 0.0026666666666666666 0.0033333333333333335
2 0.6293333333333333 0.6583333333333333 0.0013333333333333333 0.002
2 0.621 0.6576666666666666 0.0006666666666666666 0.0006666666666666666
2 0.43466666666666665 0.6586666666666666 0.0026666666666666666 0.004
2 0.678 0.6563333333333333 0.0013333333333333333 0.0006666666666666666
2 0.6386666666666667 0.6556666666666666 0.0013333333333333333 0.0006666666666666666
2 0.49333333333333335 0.656 0.0013333333333333333 0.0013333333333333333
2 0.5813333333333334 0.6556666666666666 0.004 0.002
2 0.5273333333333333 0.6543333333333333 0.0013333333333333333 0.002
2 0.516 0.6543333333333333 0.0013333333333333333 0.002
2 0.5393333333333333 0.6536666666666666 0.0026666666666666666 0.0033333333333333335
2 0.442 0.6526666666666666 0.0013333333333333333 0.0013333333333333333
2 0.9263333333333333 0.6516666666666666 0.0006666666666666666 0.002
2 0.5966666666666667 0.6513333333333333 0.0013333333333333333 0.0013333333333333333
2 0.651 0.6503333333333333 0.0006666666666666666 0.0006666666666666666
2 0.705 0.65 0.0006666666666666666 0.0013333333333333333
2 0.5836666666666667 0.6503333333333333 0.002 0.002
2 0.5483333333333333 0.65 0.002 0.0013333333333333333
2 0.665 0.649 0.0006666666666666666 0.0006666666666666666
2 0.6186666666666667 0.6493333333333333 0.0013333333333333333 0.0013333333333333333
2 0.6063333333333333 0.6483333333333333 0.0006666666666666666 0.0006666666666666666
2 0.921 0.649 0.002 0.0033333333333333335
2 0.9166666666666666 0.65 0.0026666666666666666 0.005333333333333333
2 0.9083333333333333 0.6486666666666666 0.0006666666666666666 0.0026666666666666666
2 0.5716666666666667 0.6493333333333333 0.0033333333333333335 0.004
2 0.9113333333333333 0.6463333333333333 0.0013333333333333333 0.002
2 0.902 0.645 0.0013333333333333333 0.0006666666666666666
2 0.8906666666666667 0.645 0.0026666666666666666 0.004666666666666667
2 0.884 0.639 0.0013333333333333333 0.002
2 0.863 0.6376666666666667 0.002 0.002
2 0.8586666666666667 0.6363333333333333 0.0013333333333333333 0.002
2 0.8343333333333334 0.637 0.002 0.0033333333333333335
2 0.866 0.6346666666666667 0.0013333333333333333 0.0013333333333333333
2 0.8446666666666667 0.634 0.0013333333333333333 0.0013333333333333333
2 0.665 0.6336666666666667 0.002 0.002
2 0.848 0.6323333333333333 0.0013333333333333333 0.0006666666666666666
2 0.832 0.6323333333333333 0.0026666666666666666 0.004666666666666667
2 0.7976666666666666 0.6273333333333333 0.002 0.0026666666666666666
2 0.7763333333333333 0.626 0.002 0.0026666666666666666
2 0.7963333333333333 0.624 0.0006666666666666666 0.0013333333333333333
2 0.792 0.6246666666666667 0.0013333333333333333 0.0026666666666666666
2 0.755 0.622 0.002 0.0013333333333333333
2 0.7706666666666667 0.6213333333333333 0.0013333333333333333 0.0013333333333333333
2 0.775 0.6213333333333333 0.002 0.0026666666666666666
2 0.7626666666666667 0.6206666666666667 0.0013333333333333333 0.004
2 0.7536666666666667 0.6183333333333333 0.0006666666666666666 0.0006666666666666666
2 0.7573333333333333 0.6183333333333333 0.0013333333333333333 0.002
2 0.7776666666666666 0.617 0.0006666666666666666 0.0006666666666666666
2 0.7606666666666667 0.617 0.0013333333333333333 0.002
2 0.752 0.616 0.0013333333333333333 0.0013333333333333333
2 0.5756666666666667 0.615 0.0006666666666666666 0.0006666666666666666
2 0.5706666666666667 0.6153333333333333 0.0013333333333333333 0.0013333333333333333
2 0.7596666666666667 0.613 0.0006666666666666666 0.0006666666666666666
2 0.731 0.6133333333333333 0.002 0.0026666666666666666
2 0.73 0.6093333333333333 0.0013333333333333333 0.0013333333333333333
2 0.7083333333333334 0.6093333333333333 0.0006666666666666666 0.0013333333333333333
2 0.721 0.6083333333333333 0.0006666666666666666 0.0006666666666666666
2 0.717 0.6083333333333333 0.002 0.004666666666666667
2 0.704 0.606 0.0013333333333333333 0.0013333333333333333
2 0.7026666666666667 0.6023333333333334 0.0013333333333333333 0.002
2 0.49666666666666665 0.5993333333333334 0.0013333333333333333 0.0013333333333333333
2 0.672 0.598 0.0013333333333333333 0.0013333333333333333
2 0.664 0.5963333333333334 0.0013333333333333333 0.002
2 0.6593333333333333 0.5956666666666667 0.0013333333333333333 0.002
2 0.655 0.595 0.0006666666666666666 0.0006666666666666666
2 0.6623333333333333 0.5926666666666667 0.0006666666666666666 0.0013333333333333333
2 0.4523333333333333 0.5916666666666667 0.002 0.002
2 0.635 0.585 0.002 0.0033333333333333335
2 0.6133333333333333 0.5826666666666667 0.0013333333333333333 0.0026666666666666666
2 0.601 0.5816666666666667 0.0006666666666666666 0.0006666666666666666
2 0.407 0.5796666666666667 0.0006666666666666666 0.0006666666666666666
2 0.5916666666666667 0.579 0.0006666666666666666 0.002
2 0.57 0.5753333333333334 0.0013333333333333333 0.0013333333333333333
2 0.5823333333333334 0.5746666666666667 0.002 0.0026666666666666666
2 0.5776666666666667 0.5736666666666667 0.0006666666666666666 0.0006666666666666666
2 0.5613333333333334 0.5746666666666667 0.0026666666666666666 0.005333333333333333
2 0.5576666666666666 0.5743333333333334 0.0033333333333333335 0.004666666666666667
2 0.5763333333333334 0.571 0.0006666666666666666 0.0006666666666666666
2 0.56 0.57 0.0013333333333333333 0.0026666666666666666
2 0.5386666666666666 0.5676666666666667 0.0013333333333333333 0.002
2 0.5483333333333333 0.5706666666666667 0.004666666666666667 0.009333333333333334
2 0.5296666666666666 0.5656666666666667 0.0006666666666666666 0.0006666666666666666
2 0.32166666666666666 0.564 0.002 0.0013333333333333333
2 0.517 0.563 0.002 0.002
2 0.5083333333333333 0.56 0.002 0.0026666666666666666
2 0.0003333333333333333 0.5573333333333333 0.0006666666666666666 0.0013333333333333333
2 0.49433333333333335 0.5563333333333333 0.0006666666666666666 0.002
2 0.29733333333333334 0.5543333333333333 0.0026666666666666666 0.002
2 0.014666666666666666 0.551 0.0013333333333333333 0.002
2 0.463 0.5496666666666666 0.0006666666666666666 0.0006666666666666666
2 0.44233333333333336 0.5486666666666666 0.0006666666666666666 0.0013333333333333333
2 0.43366666666666664 0.5486666666666666 0.002 0.0013333333333333333
2 0.44966666666666666 0.5476666666666666 0.0006666666666666666 0.0006666666666666666
2 0.08433333333333333 0.547 0.0006666666666666666 0.0006666666666666666
2 0.446 0.5466666666666666 0.0013333333333333333 0.0013333333333333333
2 0.14 0.5466666666666666 0.0013333333333333333 0.0013333333333333333
2 0.4206666666666667 0.546 0.0026666666666666666 0.0026666666666666666
2 0.404 0.545 0.0013333333333333333 0.0006666666666666666
2 0.17366666666666666 0.5436666666666666 0.0006666666666666666 0.0006666666666666666
2 0.17833333333333334 0.543 0.0006666666666666666 0.0006666666666666666
2 0.162 0.5433333333333333 0.0013333333333333333 0.0013333333333333333
2 0.13333333333333333 0.543 0.0013333333333333333 0.002
2 0.4076666666666667 0.5426666666666666 0.002 0.0026666666666666666
2 0.22066666666666668 0.5423333333333333 0.0013333333333333333 0.002
2 0.181 0.541 0.0006666666666666666 0.0006666666666666666
2 0.17233333333333334 0.5416666666666666 0.002 0.002
2 0.382 0.5406666666666666 0.0013333333333333333 0.0013333333333333333
2 0.37766666666666665 0.5396666666666666 0.002 0.002
2 0.207 0.5396666666666666 0.002 0.002
2 0.37366666666666665 0.5386666666666666 0.002 0.0013333333333333333
2 0.166 0.5386666666666666 0.0013333333333333333 0.0013333333333333333
2 0.182 0.5386666666666666 0.0026666666666666666 0.0026666666666666666
2 0.36833333333333335 0.5366666666666666 0.0006666666666666666 0.0013333333333333333
2 0.3596666666666667 0.5363333333333333 0.0006666666666666666 0.0006666666666666666
2 0.37266666666666665 0.5356666666666666 0.0013333333333333333 0.0006666666666666666
2 0.356 0.535 0.0013333333333333333 0.002
2 0.36 0.5333333333333333 0.0013333333333333333 0.0013333333333333333
2 0.335 0.533 0.002 0.002
2 0.3506666666666667 0.5313333333333333 0.0013333333333333333 0.0026666666666666666
2 0.315 0.5296666666666666 0.004666666666666667 0.0033333333333333335
2 0.8926666666666667 0.5233333333333333 0.0013333333333333333 0.0013333333333333333
2 0.291 0.5236666666666666 0.002 0.002
2 0.2823333333333333 0.5213333333333333 0.002 0.0026666666666666666
2 0.25966666666666666 0.5156666666666667 0.002 0.0033333333333333335
2 0.27066666666666667 0.513 0.0013333333333333333 0.002
2 0.262 0.51 0.0013333333333333333 0.0026666666666666666
2 0.9376666666666666 0.5006666666666667 0.002 0.0013333333333333333
2 0.4686666666666667 0.49966666666666665 0.0026666666666666666 0.002
2 0.42133333333333334 0.49966666666666665 0.0013333333333333333 0.002
2 0.944 0.49966666666666665 0.0013333333333333333 0.0033333333333333335
2 0.561 0.49233333333333335 0.0006666666666666666 0.0006666666666666666
2 0.6403333333333333 0.489 0.0006666666666666666 0.0006666666666666666
2 0.8683333333333333 0.484 0.0006666666666666666 0.0013333333333333333
2 0.8643333333333333 0.4836666666666667 0.0006666666666666666 0.0006666666666666666
2 0.8623333333333333 0.479 0.0006666666666666666 0.0006666666666666666
2 0.991 0.4103333333333333 0.0006666666666666666 0.0006666666666666666
2 0.9946666666666667 0.4096666666666667 0.005333333333333333 0.0033333333333333335
2 0.9806666666666667 0.4036666666666667 0.0013333333333333333 0.0006666666666666666
2 0.9913333333333333 0.403 0.0026666666666666666 0.004666666666666667
2 0.9603333333333334 0.39966666666666667 0.002 0.004666666666666667
2 0.9673333333333334 0.39666666666666667 0.0013333333333333333 0.0026666666666666666
2 0.981 0.39466666666666667 0.002 0.0013333333333333333
2 0.9576666666666667 0.395 0.002 0.002
2 0.943 0.395 0.002 0.002
2 0.9543333333333334 0.39166666666666666 0.0006666666666666666 0.0006666666666666666
2 0.9693333333333334 0.391 0.0013333333333333333 0.002
2 0.9306666666666666 0.389 0.0013333333333333333 0.0006666666666666666
2 0.9173333333333333 0.391 0.004 0.004666666666666667
2 0.924 0.388 0.0013333333333333333 0.0013333333333333333
2 0.8813333333333333 0.38766666666666666 0.0013333333333333333 0.0006666666666666666
2 0.9056666666666666 0.388 0.002 0.004
2 0.891 0.386 0.006 0.006666666666666667
2 0.9223333333333333 0.38233333333333336 0.0006666666666666666 0.0006666666666666666
2 0.914 0.38066666666666665 0.0026666666666666666 0.0013333333333333333
2 0.8903333333333333 0.38 0.0033333333333333335 0.0026666666666666666
2 0.9033333333333333 0.37833333333333335 0.0013333333333333333 0.002
2 0.883 0.377 0.0006666666666666666 0.0006666666666666666
2 0.8733333333333333 0.37766666666666665 0.0013333333333333333 0.002
2 0.8703333333333333 0.377 0.0006666666666666666 0.0006666666666666666
2 0.8426666666666667 0.377 0.0013333333333333333 0.002
2 0.865 0.377 0.0033333333333333335 0.0033333333333333335
2 0.8506666666666667 0.373 0.0013333333333333333 0.0006666666666666666
2 0.936 0.37233333333333335 0.0013333333333333333 0.0006666666666666666
2 0.8303333333333334 0.37233333333333335 0.0006666666666666666 0.0006666666666666666
2 0.8623333333333333 0.372 0.002 0.004
2 0.847 0.36966666666666664 0.0006666666666666666 0.0006666666666666666
2 0.8986666666666666 0.369 0.0013333333333333333 0.0006666666666666666
2 0.7973333333333333 0.36966666666666664 0.0013333333333333333 0.002
2 0.8436666666666667 0.36866666666666664 0.0006666666666666666 0.0013333333333333333
2 0.834 0.369 0.0013333333333333333 0.002
2 0.8066666666666666 0.36866666666666664 0.0013333333333333333 0.0013333333333333333
2 0.799 0.36833333333333335 0.0006666666666666666 0.0006666666666666666
2 0.8243333333333334 0.36766666666666664 0.0033333333333333335 0.002
2 0.786 0.36666666666666664 0.0013333333333333333 0.0013333333333333333
2 0.7903333333333333 0.366 0.0006666666666666666 0.0013333333333333333
2 0.8063333333333333 0.36566666666666664 0.0033333333333333335 0.0033333333333333335
2 0.8016666666666666 0.36533333333333334 0.0033333333333333335 0.0026666666666666666
2 0.792 0.363 0.0013333333333333333 0.002
2 0.783 0.3636666666666667 0.0033333333333333335 0.0033333333333333335
2 0.8513333333333334 0.362 0.0013333333333333333 0.0013333333333333333
2 0.806 0.362 0.0013333333333333333 0.0013333333333333333
2 0.7763333333333333 0.362 0.002 0.0013333333333333333
2 0.8146666666666667 0.362 0.0026666666666666666 0.0026666666666666666
2 0.8383333333333334 0.361 0.0006666666666666666 0.002
2 0.893 0.3586666666666667 0.0006666666666666666 0.0013333333333333333
2 0.7533333333333333 0.3616666666666667 0.006666666666666667 0.007333333333333333
2 0.7576666666666667 0.35733333333333334 0.002 0.0013333333333333333
2 0.7516666666666667 0.357 0.0006666666666666666 0.0006666666666666666
2 0.7923333333333333 0.357 0.002 0.002
2 0.7823333333333333 0.3576666666666667 0.002 0.0033333333333333335
2 0.917 0.35633333333333334 0.002 0.002
2 0.77 0.35633333333333334 0.0013333333333333333 0.002
2 0.7746666666666666 0.3566666666666667 0.0026666666666666666 0.004
2 0.7656666666666667 0.3556666666666667 0.002 0.002
2 0.901 0.35433333333333333 0.002 0.002
2 0.755 0.35433333333333333 0.002 0.002
2 0.7673333333333333 0.35333333333333333 0.0013333333333333333 0.0013333333333333333
2 0.7323333333333333 0.353 0.002 0.0033333333333333335
2 0.724 0.3516666666666667 0.0013333333333333333 0.002
2 0.719 0.35133333333333333 0.002 0.0026666666666666666
2 0.9383333333333334 0.3496666666666667 0.002 0.002
2 0.734 0.34933333333333333 0.0013333333333333333 0.0013333333333333333
2 0.7136666666666667 0.34933333333333333 0.0006666666666666666 0.0013333333333333333
2 0.711 0.3496666666666667 0.002 0.002
2 0.9206666666666666 0.3476666666666667 0.0013333333333333333 0.0006666666666666666
2 0.8216666666666667 0.348 0.002 0.0013333333333333333
2 0.9076666666666666 0.347 0.0006666666666666666 0.0006666666666666666
2 0.893 0.347 0.0006666666666666666 0.0006666666666666666
2 0.7083333333333334 0.345 0.0006666666666666666 0.0006666666666666666
2 0.8516666666666667 0.3446666666666667 0.0033333333333333335 0.0026666666666666666
2 0.8836666666666667 0.344 0.002 0.0026666666666666666
2 0.6906666666666667 0.344 0.0013333333333333333 0.0026666666666666666
2 0.7016666666666667 0.3416666666666667 0.0006666666666666666 0.0006666666666666666
2 0.8023333333333333 0.341 0.0006666666666666666 0.0006666666666666666
2 0.6856666666666666 0.3426666666666667 0.002 0.004
2 0.829 0.3413333333333333 0.0033333333333333335 0.0026666666666666666
2 0.6606666666666666 0.34 0.0026666666666666666 0.0026666666666666666
2 0.8333333333333334 0.3383333333333333 0.0013333333333333333 0.0006666666666666666
2 0.7156666666666667 0.3383333333333333 0.0006666666666666666 0.0006666666666666666
2 0.8236666666666667 0.33866666666666667 0.0033333333333333335 0.0026666666666666666
2 0.8576666666666667 0.336 0.0006666666666666666 0.0013333333333333333
2 0.8506666666666667 0.336 0.0013333333333333333 0.0013333333333333333
2 0.8356666666666667 0.335 0.0006666666666666666 0.0006666666666666666
2 0.6766666666666666 0.3373333333333333 0.006666666666666667 0.005333333333333333
2 0.6516666666666666 0.33566666666666667 0.002 0.0033333333333333335
2 0.8213333333333334 0.33366666666666667 0.0013333333333333333 0.0006666666666666666
2 0.6363333333333333 0.33466666666666667 0.0033333333333333335 0.0026666666666666666
2 0.7723333333333333 0.33166666666666667 0.0006666666666666666 0.0006666666666666666
2 0.635 0.331 0.002 0.002
2 0.8303333333333334 0.32966666666666666 0.0006666666666666666 0.0006666666666666666
2 0.8253333333333334 0.3303333333333333 0.0026666666666666666 0.002
2 0.766 0.33 0.0026666666666666666 0.0013333333333333333
2 0.8176666666666667 0.3283333333333333 0.0006666666666666666 0.0006666666666666666
2 0.6493333333333333 0.3283333333333333 0.0013333333333333333 0.0006666666666666666
2 0.7576666666666667 0.3273333333333333 0.002 0.0013333333333333333
2 0.6326666666666667 0.328 0.0013333333333333333 0.0026666666666666666
2 0.6263333333333333 0.328 0.004666666666666667 0.004
2 0.7616666666666667 0.325 0.0006666666666666666 0.0006666666666666666
2 0.9716666666666667 0.324 0.002 0.0013333333333333333
2 0.819 0.32366666666666666 0.0006666666666666666 0.002
2 0.6253333333333333 0.323 0.0013333333333333333 0.002
2 0.5916666666666667 0.32233333333333336 0.002 0.002
2 0.6003333333333334 0.321 0.0006666666666666666 0.0006666666666666666
2 0.611 0.32033333333333336 0.002 0.0006666666666666666
2 0.5896666666666667 0.32 0.0006666666666666666 0.0013333333333333333
2 0.7756666666666666 0.31866666666666665 0.002 0.0013333333333333333
2 0.7676666666666667 0.318 0.0006666666666666666 0.0013333333333333333
2 0.5856666666666667 0.319 0.0033333333333333335 0.0033333333333333335
2 0.5813333333333334 0.318 0.0013333333333333333 0.0013333333333333333
2 0.7673333333333333 0.31566666666666665 0.0013333333333333333 0.002
2 0.7466666666666667 0.315 0.0013333333333333333 0.0006666666666666666
2 0.5693333333333334 0.31566666666666665 0.004 0.002
2 0.7603333333333333 0.31533333333333335 0.002 0.0026666666666666666
2 0.819 0.314 0.0006666666666666666 0.0013333333333333333
2 0.5576666666666666 0.31433333333333335 0.002 0.002
2 0.5313333333333333 0.314 0.0013333333333333333 0.0013333333333333333
2 0.7123333333333334 0.313 0.002 0.002
2 0.8223333333333334 0.31166666666666665 0.0006666666666666666 0.0006666666666666666
2 0.75 0.31233333333333335 0.0026666666666666666 0.002
2 0.5613333333333334 0.31266666666666665 0.0026666666666666666 0.0026666666666666666
2 0.5443333333333333 0.314 0.0033333333333333335 0.005333333333333333
2 0.5766666666666667 0.313 0.0026666666666666666 0.004666666666666667
2 0.7643333333333333 0.311 0.002 0.002
2 0.6836666666666666 0.30966666666666665 0.0006666666666666666 0.0006666666666666666
2 0.6966666666666667 0.30966666666666665 0.0013333333333333333 0.002
2 0.669 0.30933333333333335 0.0006666666666666666 0.0013333333333333333
2 0.5426666666666666 0.30966666666666665 0.0013333333333333333 0.002
2 0.749 0.30866666666666664 0.002 0.0013333333333333333
2 0.5286666666666666 0.30933333333333335 0.004 0.0026666666666666666
2 0.7336666666666667 0.30733333333333335 0.0006666666666666666 0.0013333333333333333
2 0.5353333333333333 0.307 0.0013333333333333333 0.0006666666666666666
2 0.761 0.307 0.002 0.002
2 0.752 0.30633333333333335 0.0013333333333333333 0.002
2 0.6736666666666666 0.30533333333333335 0.002 0.0026666666666666666
2 0.51 0.30433333333333334 0.0013333333333333333 0.0006666666666666666
2 0.7716666666666666 0.30466666666666664 0.002 0.0026666666666666666
2 0.513 0.30466666666666664 0.0033333333333333335 0.004
2 0.507 0.30266666666666664 0.0006666666666666666 0.0013333333333333333
2 0.47633333333333333 0.30233333333333334 0.0006666666666666666 0.0006666666666666666
2 0.6576666666666666 0.30233333333333334 0.002 0.002
2 0.5016666666666667 0.3016666666666667 0.0006666666666666666 0.0006666666666666666
2 0.917 0.301 0.0006666666666666666 0.0006666666666666666
2 0.7216666666666667 0.30133333333333334 0.002 0.0013333333333333333
2 0.716 0.301 0.0013333333333333333 0.002
2 0.7483333333333333 0.2996666666666667 0.0006666666666666666 0.0006666666666666666
2 0.655 0.3 0.002 0.0013333333333333333
2 0.958 0.2986666666666667 0.0013333333333333333 0.0013333333333333333
2 0.6133333333333333 0.2986666666666667 0.0013333333333333333 0.0013333333333333333
2 0.47733333333333333 0.298 0.0013333333333333333 0.0013333333333333333
2 0.935 0.29633333333333334 0.0006666666666666666 0.0006666666666666666
2 0.6796666666666666 0.2966666666666667 0.002 0.0013333333333333333
2 0.6516666666666666 0.29633333333333334 0.0006666666666666666 0.0006666666666666666
2 0.44133333333333336 0.2966666666666667 0.0013333333333333333 0.0013333333333333333
2 0.7456666666666667 0.29633333333333334 0.0033333333333333335 0.0033333333333333335
2 0.7786666666666666 0.295 0.0013333333333333333 0.002
2 0.611 0.2946666666666667 0.002 0.0013333333333333333
2 0.7216666666666667 0.2936666666666667 0.0006666666666666666 0.0006666666666666666
2 0.45966666666666667 0.294 0.0033333333333333335 0.0013333333333333333
2 0.9673333333333334 0.29333333333333333 0.0013333333333333333 0.0013333333333333333
2 0.6163333333333333 0.293 0.0006666666666666666 0.0006666666666666666
2 0.455 0.293 0.0006666666666666666 0.0006666666666666666
2 0.7346666666666667 0.2926666666666667 0.0013333333333333333 0.0013333333333333333
2 0.44466666666666665 0.2936666666666667 0.005333333333333333 0.0033333333333333335
2 0.628 0.2916666666666667 0.0013333333333333333 0.0006666666666666666
2 0.5816666666666667 0.29033333333333333 0.0006666666666666666 0.0006666666666666666
2 0.8973333333333333 0.29 0.0013333333333333333 0.0013333333333333333
2 0.7816666666666666 0.29033333333333333 0.002 0.002
2 0.75 0.29033333333333333 0.0013333333333333333 0.002
2 0.586 0.29 0.0013333333333333333 0.0013333333333333333
2 0.9596666666666667 0.29033333333333333 0.0033333333333333335 0.004666666666666667
2 0.9696666666666667 0.2876666666666667 0.0006666666666666666 0.0006666666666666666
2 0.835 0.288 0.0006666666666666666 0.0013333333333333333
2 0.687 0.28833333333333333 0.002 0.002
2 0.6126666666666667 0.28833333333333333 0.0013333333333333333 0.002
2 0.8873333333333333 0.2876666666666667 0.0013333333333333333 0.002
2 0.8076666666666666 0.287 0.0006666666666666666 0.0006666666666666666
2 0.7013333333333334 0.28833333333333333 0.0013333333333333333 0.0033333333333333335
2 0.619 0.287 0.0006666666666666666 0.0006666666666666666
2 0.606 0.28833333333333333 0.0026666666666666666 0.0033333333333333335
2 0.44433333333333336 0.287 0.0006666666666666666 0.0006666666666666666
2 0.5053333333333333 0.2866666666666667 0.0013333333333333333 0.0013333333333333333
2 0.839 0.28633333333333333 0.002 0.002
2 0.37666666666666665 0.28633333333333333 0.0013333333333333333 0.002
2 0.862 0.2853333333333333 0.0013333333333333333 0.0013333333333333333
2 0.792 0.2846666666666667 0.0013333333333333333 0.0013333333333333333
2 0.435 0.2843333333333333 0.0006666666666666666 0.0006666666666666666
2 0.42833333333333334 0.2846666666666667 0.002 0.0013333333333333333
2 0.5773333333333334 0.284 0.0013333333333333333 0.0013333333333333333
2 0.409 0.2843333333333333 0.002 0.002
2 0.8506666666666667 0.2823333333333333 0.0013333333333333333 0.0006666666666666666
2 0.8016666666666666 0.283 0.002 0.002
2 0.5896666666666667 0.284 0.0033333333333333335 0.004
2 0.9696666666666667 0.2826666666666667 0.002 0.0026666666666666666
2 0.8176666666666667 0.282 0.0006666666666666666 0.0013333333333333333
2 0.5676666666666667 0.282 0.002 0.0013333333333333333
2 0.5403333333333333 0.281 0.002 0.0006666666666666666
2 0.6286666666666667 0.281 0.0026666666666666666 0.002
2 0.5746666666666667 0.2806666666666667 0.0013333333333333333 0.0013333333333333333
2 0.5713333333333334 0.2803333333333333 0.0013333333333333333 0.0006666666666666666
2 0.5303333333333333 0.2803333333333333 0.0006666666666666666 0.0006666666666666666
2 0.5026666666666667 0.2813333333333333 0.0026666666666666666 0.0026666666666666666
2 0.9063333333333333 0.2803333333333333 0.002 0.002
2 0.7963333333333333 0.281 0.002 0.0033333333333333335
2 0.7763333333333333 0.2803333333333333 0.002 0.002
2 0.7623333333333333 0.2806666666666667 0.002 0.0026666666666666666
2 0.7473333333333333 0.2796666666666667 0.0013333333333333333 0.0006666666666666666
2 0.6066666666666667 0.28 0.0026666666666666666 0.0013333333333333333
2 0.43433333333333335 0.2796666666666667 0.0006666666666666666 0.0006666666666666666
2 0.995 0.279 0.0006666666666666666 0.0006666666666666666
2 0.9886666666666667 0.2793333333333333 0.0013333333333333333 0.0013333333333333333
2 0.6116666666666667 0.279 0.0006666666666666666 0.0006666666666666666
2 0.4013333333333333 0.279 0.0013333333333333333 0.0006666666666666666
2 0.9483333333333334 0.281 0.002 0.006
2 0.9143333333333333 0.2783333333333333 0.0006666666666666666 0.0006666666666666666
2 0.6466666666666666 0.2783333333333333 0.0013333333333333333 0.002
2 0.6196666666666667 0.2783333333333333 0.002 0.002
2 0.516 0.2783333333333333 0.0026666666666666666 0.002
2 0.507 0.279 0.002 0.0033333333333333335
2 0.9733333333333334 0.2773333333333333 0.0013333333333333333 0.0013333333333333333
2 0.876 0.2776666666666667 0.0013333333333333333 0.002
2 0.6393333333333333 0.2776666666666667 0.0013333333333333333 0.002
2 0.5973333333333334 0.277 0.0013333333333333333 0.0006666666666666666
2 0.8723333333333333 0.2763333333333333 0.0006666666666666666 0.0006666666666666666
2 0.6253333333333333 0.277 0.0026666666666666666 0.002
2 0.591 0.277 0.002 0.002
2 0.5783333333333334 0.2776666666666667 0.0033333333333333335 0.0033333333333333335
2 0.5286666666666666 0.277 0.0013333333333333333 0.002
2 0.4553333333333333 0.27666666666666667 0.0013333333333333333 0.0013333333333333333
2 0.383 0.27666666666666667 0.0006666666666666666 0.0013333333333333333
2 0.9936666666666667 0.276 0.0006666666666666666 0.0013333333333333333
2 0.947 0.27566666666666667 0.0006666666666666666 0.0006666666666666666
2 0.8663333333333333 0.276 0.0006666666666666666 0.0013333333333333333
2 0.862 0.27566666666666667 0.0013333333333333333 0.0006666666666666666
2 0.6986666666666667 0.27566666666666667 0.0013333333333333333 0.0006666666666666666
2 0.3536666666666667 0.27566666666666667 0.0006666666666666666 0.0006666666666666666
2 0.8746666666666667 0.2753333333333333 0.0013333333333333333 0.0013333333333333333
2 0.748 0.2753333333333333 0.0013333333333333333 0.0013333333333333333
2 0.5843333333333334 0.27566666666666667 0.002 0.002
2 0.36233333333333334 0.2753333333333333 0.0006666666666666666 0.0013333333333333333
2 0.939 0.27466666666666667 0.002 0.0013333333333333333
2 0.9316666666666666 0.277 0.0033333333333333335 0.006
2 0.8223333333333334 0.2743333333333333 0.0006666666666666666 0.0006666666666666666
2 0.7853333333333333 0.27466666666666667 0.0013333333333333333 0.0013333333333333333
2 0.5693333333333334 0.275 0.0013333333333333333 0.002
2 0.799 0.27366666666666667 0.0006666666666666666 0.0006666666666666666
2 0.677 0.27366666666666667 0.0006666666666666666 0.0006666666666666666
2 0.6373333333333333 0.274 0.0013333333333333333 0.0013333333333333333
2 0.6353333333333333 0.274 0.0013333333333333333 0.0013333333333333333
2 0.5116666666666667 0.274 0.0006666666666666666 0.0013333333333333333
2 0.4613333333333333 0.27366666666666667 0.0013333333333333333 0.0006666666666666666
2 0.9743333333333334 0.274 0.002 0.0026666666666666666
2 0.9533333333333334 0.27366666666666667 0.0013333333333333333 0.002
2 0.8826666666666667 0.2733333333333333 0.0026666666666666666 0.0013333333333333333
2 0.589 0.2733333333333333 0.0006666666666666666 0.0013333333333333333
2 0.563 0.275 0.0033333333333333335 0.004666666666666667
2 0.534 0.274 0.0026666666666666666 0.0026666666666666666
2 0.519 0.2733333333333333 0.0006666666666666666 0.0013333333333333333
2 0.928 0.27266666666666667 0.0013333333333333333 0.0013333333333333333
2 0.7643333333333333 0.27266666666666667 0.002 0.0013333333333333333
2 0.6426666666666667 0.274 0.0026666666666666666 0.004
2 0.5043333333333333 0.27266666666666667 0.0006666666666666666 0.0013333333333333333
2 0.7783333333333333 0.2723333333333333 0.002 0.002
2 0.33566666666666667 0.27166666666666667 0.0006666666666666666 0.0006666666666666666
2 0.939 0.272 0.002 0.0026666666666666666
2 0.7926666666666666 0.271 0.0013333333333333333 0.0006666666666666666
2 0.6746666666666666 0.2713333333333333 0.0013333333333333333 0.0013333333333333333
2 0.497 0.27166666666666667 0.002 0.002
2 0.47633333333333333 0.271 0.0006666666666666666 0.0006666666666666666
2 0.4533333333333333 0.27166666666666667 0.0026666666666666666 0.002
2 0.627 0.2713333333333333 0.002 0.0026666666666666666
2 0.355 0.27066666666666667 0.0006666666666666666 0.0013333333333333333
2 0.9223333333333333 0.271 0.0033333333333333335 0.0033333333333333335
2 0.7593333333333333 0.27 0.0013333333333333333 0.0013333333333333333
2 0.594 0.27266666666666667 0.005333333333333333 0.006666666666666667
2 0.585 0.26966666666666667 0.0006666666666666666 0.0006666666666666666
2 0.5383333333333333 0.27066666666666667 0.0033333333333333335 0.0026666666666666666
2 0.49066666666666664 0.27066666666666667 0.0026666666666666666 0.0026666666666666666
2 0.36966666666666664 0.271 0.002 0.0033333333333333335
2 0.332 0.2703333333333333 0.0013333333333333333 0.002
2 0.9903333333333333 0.269 0.0006666666666666666 0.0006666666666666666
2 0.908 0.2693333333333333 0.0013333333333333333 0.0013333333333333333
2 0.634 0.26966666666666667 0.0013333333333333333 0.002
2 0.5583333333333333 0.2703333333333333 0.0033333333333333335 0.0033333333333333335
2 0.4706666666666667 0.26966666666666667 0.0013333333333333333 0.002
2 0.446 0.26966666666666667 0.0026666666666666666 0.002
2 0.3413333333333333 0.2693333333333333 0.0013333333333333333 0.0013333333333333333
2 0.32866666666666666 0.27 0.0026666666666666666 0.0026666666666666666
2 0.936 0.2693333333333333 0.0026666666666666666 0.0026666666666666666
2 0.8676666666666667 0.2693333333333333 0.002 0.0026666666666666666
2 0.7986666666666666 0.26966666666666667 0.0026666666666666666 0.0033333333333333335
2 0.7376666666666667 0.2693333333333333 0.002 0.0026666666666666666
2 0.6393333333333333 0.2693333333333333 0.0026666666666666666 0.0026666666666666666
2 0.578 0.269 0.0026666666666666666 0.002
2 0.5236666666666666 0.2703333333333333 0.0033333333333333335 0.004666666666666667
2 0.5153333333333333 0.26866666666666666 0.004 0.0013333333333333333
2 0.8993333333333333 0.2683333333333333 0.0013333333333333333 0.002
2 0.7496666666666667 0.2683333333333333 0.002 0.002
2 0.6056666666666667 0.2693333333333333 0.0033333333333333335 0.004
2 0.503 0.26766666666666666 0.0006666666666666666 0.0006666666666666666
2 0.9833333333333333 0.2673333333333333 0.0013333333333333333 0.0013333333333333333
2 0.9633333333333334 0.268 0.0013333333333333333 0.0026666666666666666
2 0.956 0.26866666666666666 0.0013333333333333333 0.004
2 0.562 0.268 0.0026666666666666666 0.0026666666666666666
2 0.4653333333333333 0.268 0.004 0.0026666666666666666
2 0.45966666666666667 0.2693333333333333 0.002 0.005333333333333333
2 0.9216666666666666 0.26666666666666666 0.0006666666666666666 0.0013333333333333333
2 0.8733333333333333 0.26666666666666666 0.0013333333333333333 0.0013333333333333333
2 0.8386666666666667 0.26666666666666666 0.0013333333333333333 0.0013333333333333333
2 0.5023333333333333 0.2663333333333333 0.0006666666666666666 0.0006666666666666666
2 0.31666666666666665 0.26766666666666666 0.0026666666666666666 0.0033333333333333335
2 0.31166666666666665 0.26666666666666666 0.0006666666666666666 0.0013333333333333333
2 0.8196666666666667 0.26566666666666666 0.0006666666666666666 0.0006666666666666666
2 0.734 0.2663333333333333 0.0013333333333333333 0.002
2 0.53 0.2683333333333333 0.005333333333333333 0.006
2 0.9526666666666667 0.2653333333333333 0.0013333333333333333 0.0013333333333333333
2 0.943 0.266 0.002 0.0026666666666666666
2 0.929 0.266 0.002 0.0026666666666666666
2 0.878 0.2653333333333333 0.0013333333333333333 0.0013333333333333333
2 0.8033333333333333 0.2653333333333333 0.0013333333333333333 0.0013333333333333333
2 0.7943333333333333 0.26566666666666666 0.0006666666666666666 0.002
2 0.7756666666666666 0.2663333333333333 0.002 0.0033333333333333335
2 0.686 0.26566666666666666 0.0013333333333333333 0.002
2 0.38233333333333336 0.26566666666666666 0.0006666666666666666 0.002
2 0.8833333333333333 0.26466666666666666 0.0013333333333333333 0.0013333333333333333
2 0.77 0.2653333333333333 0.0013333333333333333 0.0026666666666666666
2 0.5883333333333334 0.26566666666666666 0.0033333333333333335 0.0033333333333333335
2 0.584 0.2653333333333333 0.0026666666666666666 0.0026666666666666666
2 0.3616666666666667 0.2653333333333333 0.002 0.0026666666666666666
2 0.9986666666666667 0.2643333333333333 0.0026666666666666666 0.002
2 0.986 0.264 0.0013333333333333333 0.0013333333333333333
2 0.9753333333333334 0.264 0.0026666666666666666 0.0013333333333333333
2 0.9693333333333334 0.265 0.0013333333333333333 0.0033333333333333335
2 0.8433333333333334 0.264 0.0013333333333333333 0.0013333333333333333
2 0.7606666666666667 0.265 0.0026666666666666666 0.0033333333333333335
2 0.683 0.264 0.0006666666666666666 0.0013333333333333333
2 0.6346666666666667 0.264 0.0013333333333333333 0.0013333333333333333
2 0.6013333333333334 0.26366666666666666 0.0013333333333333333 0.0006666666666666666
2 0.5623333333333334 0.26366666666666666 0.0006666666666666666 0.0006666666666666666
2 0.5496666666666666 0.267 0.006 0.007333333333333333
2 0.5206666666666667 0.2653333333333333 0.005333333333333333 0.004
2 0.48533333333333334 0.2643333333333333 0.0026666666666666666 0.002
2 0.43533333333333335 0.2663333333333333 0.0026666666666666666 0.006
2 0.42033333333333334 0.265 0.0033333333333333335 0.0033333333333333335
2 0.3476666666666667 0.26366666666666666 0.002 0.0006666666666666666
2 0.30033333333333334 0.264 0.0006666666666666666 0.0013333333333333333
2 0.738 0.264 0.0013333333333333333 0.0026666666666666666
2 0.5423333333333333 0.2663333333333333 0.008666666666666666 0.007333333333333333
2 0.304 0.264 0.0026666666666666666 0.0026666666666666666
2 0.9133333333333333 0.2633333333333333 0.0026666666666666666 0.0026666666666666666
2 0.908 0.26366666666666666 0.004 0.0033333333333333335
2 0.773 0.263 0.002 0.002
2 0.7456666666666667 0.26266666666666666 0.002 0.0013333333333333333
2 0.63 0.264 0.0026666666666666666 0.004
2 0.5536666666666666 0.264 0.0033333333333333335 0.004
2 0.5023333333333333 0.2623333333333333 0.0006666666666666666 0.0006666666666666666
2 0.8283333333333334 0.263 0.0033333333333333335 0.0033333333333333335
2 0.781 0.26366666666666666 0.002 0.004666666666666667
2 0.7396666666666667 0.26166666666666666 0.0006666666666666666 0.0006666666666666666
2 0.7316666666666667 0.26266666666666666 0.002 0.0026666666666666666
2 0.5673333333333334 0.26266666666666666 0.0026666666666666666 0.0026666666666666666
2 0.463 0.26366666666666666 0.004666666666666667 0.004666666666666667
2 0.314 0.263 0.0013333333333333333 0.0033333333333333335
2 0.2783333333333333 0.2633333333333333 0.004666666666666667 0.004
2 0.8573333333333333 0.2613333333333333 0.0013333333333333333 0.0013333333333333333
2 0.7863333333333333 0.26166666666666666 0.0033333333333333335 0.002
2 0.6213333333333333 0.2613333333333333 0.0013333333333333333 0.0013333333333333333
2 0.5263333333333333 0.26266666666666666 0.0033333333333333335 0.004
2 0.507 0.263 0.0033333333333333335 0.004666666666666667
2 0.992 0.26066666666666666 0.0013333333333333333 0.0013333333333333333
2 0.8356666666666667 0.26166666666666666 0.002 0.0033333333333333335
2 0.775 0.261 0.002 0.002
2 0.5723333333333334 0.26166666666666666 0.0033333333333333335 0.0033333333333333335
2 0.5596666666666666 0.26033333333333336 0.0006666666666666666 0.0006666666666666666
2 0.519 0.26066666666666666 0.0006666666666666666 0.0013333333333333333
2 0.4736666666666667 0.2643333333333333 0.014 0.008666666666666666
2 0.8213333333333334 0.26166666666666666 0.006666666666666667 0.004666666666666667
2 0.5986666666666667 0.26 0.0013333333333333333 0.0013333333333333333
2 0.5783333333333334 0.26 0.0033333333333333335 0.0013333333333333333
2 0.539 0.26033333333333336 0.004666666666666667 0.002
2 0.31233333333333335 0.25966666666666666 0.0006666666666666666 0.0006666666666666666
2 0.8386666666666667 0.25966666666666666 0.0026666666666666666 0.002
2 0.6873333333333334 0.25933333333333336 0.0013333333333333333 0.0013333333333333333
2 0.45266666666666666 0.25966666666666666 0.0013333333333333333 0.002
2 0.3606666666666667 0.26 0.0026666666666666666 0.0026666666666666666
2 0.829 0.259 0.0033333333333333335 0.002
2 0.723 0.25933333333333336 0.002 0.0026666666666666666
2 0.5903333333333334 0.25866666666666666 0.0006666666666666666 0.0013333333333333333
2 0.4106666666666667 0.26033333333333336 0.004 0.004666666666666667
2 0.3436666666666667 0.259 0.0033333333333333335 0.002
2 0.276 0.259 0.0013333333333333333 0.002
2 0.9603333333333334 0.25966666666666666 0.006 0.004666666666666667
2 0.8663333333333333 0.258 0.002 0.0013333333333333333
2 0.7996666666666666 0.25866666666666666 0.0033333333333333335 0.0026666666666666666
2 0.5863333333333334 0.258 0.0006666666666666666 0.0013333333333333333
2 0.403 0.26066666666666666 0.006 0.006666666666666667
2 0.9083333333333333 0.25766666666666665 0.0033333333333333335 0.002
2 0.8386666666666667 0.25733333333333336 0.0013333333333333333 0.0013333333333333333
2 0.4736666666666667 0.25866666666666666 0.0033333333333333335 0.004
2 0.901 0.25833333333333336 0.0033333333333333335 0.004666666666666667
2 0.8193333333333334 0.25666666666666665 0.0026666666666666666 0.0013333333333333333
2 0.6533333333333333 0.257 0.0026666666666666666 0.002
2 0.327 0.25766666666666665 0.002 0.0033333333333333335
2 0.2976666666666667 0.25766666666666665 0.002 0.0033333333333333335
2 0.9923333333333333 0.25666666666666665 0.002 0.0026666666666666666
2 0.942 0.256 0.0013333333333333333 0.0013333333333333333
2 0.9243333333333333 0.25566666666666665 0.0006666666666666666 0.0006666666666666666
2 0.905 0.25566666666666665 0.0006666666666666666 0.0006666666666666666
2 0.7083333333333334 0.25566666666666665 0.0006666666666666666 0.0006666666666666666
2 0.6373333333333333 0.256 0.0026666666666666666 0.0013333333333333333
2 0.6183333333333333 0.25633333333333336 0.002 0.002
2 0.611 0.257 0.002 0.0033333333333333335
2 0.5353333333333333 0.257 0.0026666666666666666 0.0033333333333333335
2 0.8556666666666667 0.255 0.0006666666666666666 0.0006666666666666666
2 0.836 0.256 0.0013333333333333333 0.0026666666666666666
2 0.7996666666666666 0.255 0.0006666666666666666 0.0006666666666666666
2 0.71 0.255 0.0013333333333333333 0.0006666666666666666
2 0.694 0.25566666666666665 0.0026666666666666666 0.002
2 0.6443333333333333 0.25533333333333336 0.0006666666666666666 0.0013333333333333333
2 0.562 0.25666666666666665 0.0013333333333333333 0.004
2 0.3456666666666667 0.255 0.0006666666666666666 0.0006666666666666666
2 0.31933333333333336 0.256 0.0026666666666666666 0.0026666666666666666
2 0.9916666666666667 0.25433333333333336 0.0006666666666666666 0.0006666666666666666
2 0.9766666666666667 0.25466666666666665 0.0013333333333333333 0.0013333333333333333
2 0.845 0.255 0.0006666666666666666 0.002
2 0.6696666666666666 0.25433333333333336 0.0006666666666666666 0.0006666666666666666
2 0.632 0.257 0.005333333333333333 0.006
2 0.5296666666666666 0.259 0.01 0.01
2 0.9986666666666667 0.25433333333333336 0.0026666666666666666 0.002
2 0.9223333333333333 0.25433333333333336 0.002 0.002
2 0.812 0.254 0.0013333333333333333 0.0013333333333333333
2 0.6876666666666666 0.25533333333333336 0.0033333333333333335 0.004
2 0.601 0.25366666666666665 0.0006666666666666666 0.0006666666666666666
2 0.5903333333333334 0.255 0.0033333333333333335 0.0033333333333333335
2 0.957 0.25366666666666665 0.0006666666666666666 0.002
2 0.9263333333333333 0.253 0.0006666666666666666 0.0006666666666666666
2 0.9146666666666666 0.25366666666666665 0.0013333333333333333 0.002
2 0.874 0.25366666666666665 0.0013333333333333333 0.002
2 0.832 0.25366666666666665 0.0013333333333333333 0.002
2 0.8246666666666667 0.254 0.0026666666666666666 0.0026666666666666666
2 0.805 0.255 0.0033333333333333335 0.004666666666666667
2 0.7273333333333334 0.253 0.0013333333333333333 0.0006666666666666666
2 0.6576666666666666 0.25366666666666665 0.002 0.002
2 0.5206666666666667 0.25566666666666665 0.005333333333333333 0.006
2 0.3586666666666667 0.25333333333333335 0.0013333333333333333 0.0013333333333333333
2 0.751 0.25233333333333335 0.0006666666666666666 0.0006666666666666666
2 0.7413333333333333 0.25533333333333336 0.005333333333333333 0.006666666666666667
2 0.7303333333333333 0.25266666666666665 0.002 0.0013333333333333333
2 0.6483333333333333 0.253 0.002 0.002
2 0.617 0.25233333333333335 0.0006666666666666666 0.0006666666666666666
2 0.906 0.25266666666666665 0.0026666666666666666 0.0026666666666666666
2 0.9036666666666666 0.25166666666666665 0.0006666666666666666 0.0006666666666666666
2 0.8223333333333334 0.252 0.002 0.0013333333333333333
2 0.7256666666666667 0.25166666666666665 0.0006666666666666666 0.0006666666666666666
2 0.6033333333333334 0.253 0.0013333333333333333 0.0033333333333333335
2 0.554 0.25333333333333335 0.0026666666666666666 0.004
2 0.9496666666666667 0.25233333333333335 0.002 0.0033333333333333335
2 0.9216666666666666 0.251 0.0006666666666666666 0.0006666666666666666
2 0.8003333333333333 0.251 0.0006666666666666666 0.0006666666666666666
2 0.79 0.253 0.004 0.004666666666666667
2 0.748 0.252 0.0013333333333333333 0.0026666666666666666
2 0.713 0.25233333333333335 0.0033333333333333335 0.0033333333333333335
2 0.7056666666666667 0.25266666666666665 0.002 0.004
2 0.699 0.25166666666666665 0.002 0.002
2 0.685 0.252 0.0006666666666666666 0.0026666666666666666
2 0.67 0.25133333333333335 0.0013333333333333333 0.0013333333333333333
2 0.638 0.25166666666666665 0.0013333333333333333 0.002
2 0.5813333333333334 0.25433333333333336 0.006666666666666667 0.007333333333333333
2 0.5676666666666667 0.25366666666666665 0.004666666666666667 0.006
2 0.943 0.25066666666666665 0.0006666666666666666 0.0013333333333333333
2 0.8523333333333334 0.25033333333333335 0.0006666666666666666 0.0006666666666666666
2 0.7743333333333333 0.25166666666666665 0.0033333333333333335 0.0033333333333333335
2 0.7686666666666667 0.251 0.0013333333333333333 0.002
2 0.7313333333333333 0.25066666666666665 0.0013333333333333333 0.0013333333333333333
2 0.6426666666666667 0.251 0.0013333333333333333 0.002
2 0.626 0.25033333333333335 0.0013333333333333333 0.0006666666666666666
2 0.9013333333333333 0.252 0.0026666666666666666 0.005333333333333333
2 0.8396666666666667 0.25266666666666665 0.004666666666666667 0.006666666666666667
2 0.7666666666666667 0.25033333333333335 0.0013333333333333333 0.002
2 0.762 0.25166666666666665 0.0026666666666666666 0.004666666666666667
2 0.7023333333333334 0.25 0.0006666666666666666 0.0013333333333333333
2 0.6583333333333333 0.25066666666666665 0.002 0.0026666666666666666
2 0.9686666666666667 0.24933333333333332 0.0013333333333333333 0.0013333333333333333
2 0.8353333333333334 0.24933333333333332 0.0013333333333333333 0.0013333333333333333
2 0.794 0.24966666666666668 0.0013333333333333333 0.002
2 0.783 0.25133333333333335 0.002 0.005333333333333333
2 0.9886666666666667 0.24933333333333332 0.0013333333333333333 0.0026666666666666666
2 0.94 0.24833333333333332 0.0013333333333333333 0.0006666666666666666
2 0.9293333333333333 0.24866666666666667 0.0013333333333333333 0.0013333333333333333
2 0.925 0.24933333333333332 0.004666666666666667 0.0026666666666666666
2 0.8776666666666667 0.24833333333333332 0.0006666666666666666 0.0006666666666666666
2 0.6833333333333333 0.24866666666666667 0.0013333333333333333 0.0013333333333333333
2 0.866 0.24966666666666668 0.004 0.004666666666666667
2 0.7393333333333333 0.24866666666666667 0.0013333333333333333 0.0026666666666666666
2 0.7203333333333334 0.24766666666666667 0.0006666666666666666 0.0006666666666666666
2 0.9066666666666666 0.24733333333333332 0.0013333333333333333 0.0013333333333333333
2 0.7636666666666667 0.248 0.002 0.0026666666666666666
2 0.7463333333333333 0.248 0.004666666666666667 0.0026666666666666666
2 0.7296666666666667 0.247 0.0006666666666666666 0.0006666666666666666
2 0.686 0.24733333333333332 0.0026666666666666666 0.0013333333333333333
2 0.669 0.24833333333333332 0.002 0.0033333333333333335
2 0.6626666666666666 0.24866666666666667 0.0013333333333333333 0.004
2 0.6343333333333333 0.24866666666666667 0.0033333333333333335 0.004
2 0.996 0.24766666666666667 0.0026666666666666666 0.0033333333333333335
2 0.7316666666666667 0.24633333333333332 0.0006666666666666666 0.0006666666666666666
2 0.793 0.24566666666666667 0.0006666666666666666 0.0006666666666666666
2 0.6893333333333334 0.24766666666666667 0.0026666666666666666 0.004666666666666667
2 0.654 0.24666666666666667 0.0013333333333333333 0.0026666666666666666
2 0.6223333333333333 0.24766666666666667 0.004666666666666667 0.004666666666666667
2 0.6176666666666667 0.24633333333333332 0.002 0.002
2 0.981 0.246 0.0033333333333333335 0.0026666666666666666
2 0.91 0.24666666666666667 0.0026666666666666666 0.004
2 0.8836666666666667 0.245 0.0006666666666666666 0.0006666666666666666
2 0.849 0.24633333333333332 0.0033333333333333335 0.0033333333333333335
2 0.6823333333333333 0.24533333333333332 0.002 0.0013333333333333333
2 0.5593333333333333 0.24933333333333332 0.006666666666666667 0.009333333333333334
2 0.941 0.24466666666666667 0.0006666666666666666 0.0013333333333333333
2 0.8923333333333333 0.24566666666666667 0.004666666666666667 0.0033333333333333335
2 0.8566666666666667 0.245 0.0013333333333333333 0.002
2 0.787 0.24566666666666667 0.0033333333333333335 0.0033333333333333335
2 0.7446666666666667 0.245 0.0013333333333333333 0.002
2 0.679 0.24966666666666668 0.007333333333333333 0.011333333333333334
2 0.6503333333333333 0.24633333333333332 0.0033333333333333335 0.004666666666666667
2 0.6133333333333333 0.24966666666666668 0.005333333333333333 0.011333333333333334
2 0.5936666666666667 0.24733333333333332 0.004666666666666667 0.006666666666666667
2 0.969 0.24366666666666667 0.0006666666666666666 0.0006666666666666666
2 0.5543333333333333 0.244 0.002 0.0013333333333333333
2 0.989 0.244 0.002 0.0026666666666666666
2 0.9606666666666667 0.24366666666666667 0.0026666666666666666 0.002
2 0.938 0.24333333333333335 0.0013333333333333333 0.0013333333333333333
2 0.7583333333333333 0.252 0.008666666666666666 0.018666666666666668
2 0.7116666666666667 0.24433333333333335 0.002 0.0033333333333333335
2 0.973 0.24233333333333335 0.0006666666666666666 0.0006666666666666666
2 0.9096666666666666 0.24266666666666667 0.0006666666666666666 0.0013333333333333333
2 0.8813333333333333 0.24266666666666667 0.0013333333333333333 0.0013333333333333333
2 0.8063333333333333 0.243 0.002 0.002
2 0.7983333333333333 0.24466666666666667 0.0033333333333333335 0.005333333333333333
2 0.701 0.24466666666666667 0.0033333333333333335 0.005333333333333333
2 0.6803333333333333 0.24266666666666667 0.0006666666666666666 0.0013333333333333333
2 0.9403333333333334 0.242 0.002 0.0013333333333333333
2 0.8963333333333333 0.243 0.002 0.0033333333333333335
2 0.735 0.24266666666666667 0.002 0.0026666666666666666
2 0.8413333333333334 0.24133333333333334 0.0013333333333333333 0.0013333333333333333
2 0.7506666666666667 0.243 0.0026666666666666666 0.004666666666666667
2 0.9996666666666667 0.24066666666666667 0.0006666666666666666 0.0013333333333333333
2 0.9863333333333333 0.241 0.002 0.002
2 0.968 0.24066666666666667 0.0013333333333333333 0.0013333333333333333
2 0.953 0.24233333333333335 0.004666666666666667 0.004666666666666667
2 0.9016666666666666 0.242 0.0033333333333333335 0.004
2 0.855 0.24066666666666667 0.0006666666666666666 0.0013333333333333333
2 0.8336666666666667 0.24133333333333334 0.002 0.0026666666666666666
2 0.772 0.24366666666666667 0.004 0.007333333333333333
2 0.7473333333333333 0.241 0.0013333333333333333 0.002
2 0.9226666666666666 0.24 0.0013333333333333333 0.0013333333333333333
2 0.6713333333333333 0.24033333333333334 0.0013333333333333333 0.002
2 0.9556666666666667 0.23966666666666667 0.002 0.002
2 0.9366666666666666 0.24033333333333334 0.0013333333333333333 0.0033333333333333335
2 0.898 0.239 0.0013333333333333333 0.0006666666666666666
2 0.884 0.24 0.0013333333333333333 0.0026666666666666666
2 0.8126666666666666 0.23966666666666667 0.0013333333333333333 0.002
2 0.749 0.239 0.0006666666666666666 0.0006666666666666666
2 0.7443333333333333 0.23966666666666667 0.002 0.002
2 0.7063333333333334 0.24033333333333334 0.002 0.0033333333333333335
2 0.9913333333333333 0.23866666666666667 0.0013333333333333333 0.0013333333333333333
2 0.916 0.23966666666666667 0.004 0.0033333333333333335
2 0.9123333333333333 0.23833333333333334 0.0006666666666666666 0.0006666666666666666
2 0.905 0.23866666666666667 0.0006666666666666666 0.0013333333333333333
2 0.8886666666666667 0.23866666666666667 0.0013333333333333333 0.0013333333333333333
2 0.881 0.23866666666666667 0.002 0.0013333333333333333
2 0.7273333333333334 0.239 0.0026666666666666666 0.002
2 0.675 0.24 0.002 0.004
2 0.9343333333333333 0.23833333333333334 0.002 0.002
2 0.8056666666666666 0.23833333333333334 0.0006666666666666666 0.002
2 0.755 0.23933333333333334 0.0033333333333333335 0.004
2 0.7386666666666667 0.23866666666666667 0.0013333333333333333 0.0026666666666666666
2 0.6486666666666666 0.23833333333333334 0.0026666666666666666 0.002
2 0.998 0.23766666666666666 0.0013333333333333333 0.002
2 0.953 0.23766666666666666 0.002 0.002
2 0.9383333333333334 0.237 0.0006666666666666666 0.0006666666666666666
2 0.8526666666666667 0.23766666666666666 0.0013333333333333333 0.002
2 0.7846666666666666 0.23933333333333334 0.0026666666666666666 0.005333333333333333
2 0.8116666666666666 0.23666666666666666 0.0006666666666666666 0.0013333333333333333
2 0.789 0.237 0.002 0.002
2 0.7416666666666667 0.238 0.002 0.004
2 0.6696666666666666 0.23666666666666666 0.0006666666666666666 0.0013333333333333333
2 0.9006666666666666 0.23633333333333334 0.0026666666666666666 0.002
2 0.8936666666666667 0.23566666666666666 0.0006666666666666666 0.0006666666666666666
2 0.8786666666666667 0.236 0.0013333333333333333 0.0013333333333333333
2 0.7966666666666666 0.23666666666666666 0.0026666666666666666 0.0026666666666666666
2 0.724 0.23666666666666666 0.0026666666666666666 0.0026666666666666666
2 0.6203333333333333 0.23566666666666666 0.0006666666666666666 0.0006666666666666666
2 0.9646666666666667 0.236 0.0026666666666666666 0.0026666666666666666
2 0.8666666666666667 0.237 0.0026666666666666666 0.004666666666666667
2 0.8243333333333334 0.238 0.006 0.006666666666666667
2 0.7523333333333333 0.236 0.002 0.0026666666666666666
2 0.719 0.23566666666666666 0.002 0.002
2 0.714 0.24033333333333334 0.006666666666666667 0.011333333333333334
2 0.929 0.23566666666666666 0.0033333333333333335 0.0033333333333333335
2 0.8573333333333333 0.235 0.0026666666666666666 0.002
2 0.8186666666666667 0.23566666666666666 0.0013333333333333333 0.0033333333333333335
2 0.8156666666666667 0.235 0.0033333333333333335 0.002
2 0.8093333333333333 0.23466666666666666 0.0013333333333333333 0.0013333333333333333
2 0.9706666666666667 0.234 0.0013333333333333333 0.0013333333333333333
2 0.944 0.23533333333333334 0.0026666666666666666 0.004
2 0.9233333333333333 0.235 0.0013333333333333333 0.0033333333333333335
2 0.914 0.23433333333333334 0.0026666666666666666 0.002
2 0.8713333333333333 0.234 0.0026666666666666666 0.0013333333333333333
2 0.9783333333333334 0.235 0.002 0.004666666666666667
2 0.9536666666666667 0.234 0.002 0.0026666666666666666
2 0.7506666666666667 0.23333333333333334 0.0013333333333333333 0.0013333333333333333
2 0.948 0.23266666666666666 0.0013333333333333333 0.0013333333333333333
2 0.8983333333333333 0.23333333333333334 0.002 0.0026666666666666666
2 0.8846666666666667 0.23466666666666666 0.004 0.005333333333333333
2 0.8496666666666667 0.23366666666666666 0.0033333333333333335 0.0033333333333333335
2 0.8356666666666667 0.23333333333333334 0.002 0.0026666666666666666
2 0.785 0.23333333333333334 0.002 0.0026666666666666666
2 0.76 0.238 0.008 0.012
2 0.7336666666666667 0.23333333333333334 0.002 0.0026666666666666666
2 0.9246666666666666 0.232 0.0013333333333333333 0.0013333333333333333
2 0.9216666666666666 0.23166666666666666 0.002 0.002
2 0.7936666666666666 0.23166666666666666 0.002 0.002
2 0.9693333333333334 0.23066666666666666 0.0026666666666666666 0.0026666666666666666
2 0.918 0.23066666666666666 0.0026666666666666666 0.0026666666666666666
2 0.906 0.23366666666666666 0.008 0.008666666666666666
2 0.846 0.23033333333333333 0.0013333333333333333 0.002
2 0.811 0.22966666666666666 0.0006666666666666666 0.0006666666666666666
2 0.7586666666666667 0.23 0.0013333333333333333 0.0013333333333333333
2 0.6836666666666666 0.234 0.004666666666666667 0.009333333333333334
2 0.9953333333333333 0.22966666666666666 0.0026666666666666666 0.002
2 0.889 0.22933333333333333 0.0006666666666666666 0.0013333333333333333
2 0.878 0.22966666666666666 0.0013333333333333333 0.002
2 0.874 0.22933333333333333 0.0013333333333333333 0.0013333333333333333
2 0.8406666666666667 0.23166666666666666 0.0026666666666666666 0.006
2 0.8073333333333333 0.23066666666666666 0.0026666666666666666 0.004
2 0.8013333333333333 0.23033333333333333 0.0026666666666666666 0.0033333333333333335
2 0.747 0.229 0.0006666666666666666 0.0006666666666666666
2 0.948 0.22866666666666666 0.0013333333333333333 0.0013333333333333333
2 0.848 0.22866666666666666 0.0013333333333333333 0.0013333333333333333
2 0.8283333333333334 0.229 0.002 0.002
2 0.822 0.22966666666666666 0.004 0.0033333333333333335
2 0.8146666666666667 0.22966666666666666 0.0013333333333333333 0.0033333333333333335
2 0.7303333333333333 0.22866666666666666 0.002 0.0026666666666666666
2 0.921 0.22766666666666666 0.002 0.002
2 0.851 0.227 0.0006666666666666666 0.0006666666666666666
2 0.8043333333333333 0.228 0.0033333333333333335 0.0026666666666666666
2 0.7946666666666666 0.22766666666666666 0.0026666666666666666 0.002
2 0.9676666666666667 0.227 0.002 0.002
2 0.9606666666666667 0.227 0.0013333333333333333 0.002
2 0.912 0.22833333333333333 0.005333333333333333 0.004666666666666667
2 0.8953333333333333 0.227 0.0013333333333333333 0.002
2 0.8826666666666667 0.22866666666666666 0.004 0.005333333333333333
2 0.8703333333333333 0.226 0.002 0.0013333333333333333
2 0.6966666666666667 0.22566666666666665 0.0013333333333333333 0.0006666666666666666
2 0.9446666666666667 0.226 0.0013333333333333333 0.0026666666666666666
2 0.9316666666666666 0.22833333333333333 0.004666666666666667 0.007333333333333333
2 0.813 0.226 0.002 0.0026666666666666666
2 0.7983333333333333 0.22566666666666665 0.002 0.002
2 0.7843333333333333 0.226 0.002 0.0026666666666666666
2 0.988 0.22566666666666665 0.0026666666666666666 0.0033333333333333335
2 0.9256666666666666 0.22766666666666666 0.004666666666666667 0.007333333333333333
2 0.8616666666666667 0.22466666666666665 0.0006666666666666666 0.0013333333333333333
2 0.9943333333333333 0.224 0.0006666666666666666 0.0013333333333333333
2 0.881 0.22466666666666665 0.0033333333333333335 0.004
2 0.937 0.223 0.002 0.002
2 0.894 0.223 0.0013333333333333333 0.002
2 0.8666666666666667 0.224 0.0013333333333333333 0.004
2 0.8313333333333334 0.22333333333333333 0.0013333333333333333 0.0026666666666666666
2 0.9666666666666667 0.22166666666666668 0.0013333333333333333 0.0006666666666666666
2 0.9596666666666667 0.223 0.002 0.0033333333333333335
2 0.906 0.22233333333333333 0.0013333333333333333 0.002
2 0.902 0.225 0.005333333333333333 0.007333333333333333
2 0.8743333333333333 0.22433333333333333 0.0033333333333333335 0.006
2 0.8523333333333334 0.22366666666666668 0.004666666666666667 0.004666666666666667
2 0.8243333333333334 0.224 0.002 0.005333333333333333
2 0.8186666666666667 0.22433333333333333 0.0026666666666666666 0.006
2 0.8033333333333333 0.22233333333333333 0.0013333333333333333 0.002
2 0.8896666666666667 0.22433333333333333 0.004666666666666667 0.007333333333333333
2 0.859 0.222 0.002 0.0026666666666666666
2 0.838 0.223 0.004 0.004666666666666667
2 0.813 0.222 0.002 0.0026666666666666666
2 0.8 0.22133333333333333 0.0013333333333333333 0.0013333333333333333
2 0.978 0.22066666666666668 0.0013333333333333333 0.0013333333333333333
2 0.973 0.22033333333333333 0.0006666666666666666 0.0006666666666666666
2 0.912 0.22066666666666668 0.0013333333333333333 0.0013333333333333333
2 0.869 0.22033333333333333 0.0006666666666666666 0.0006666666666666666
2 0.8556666666666667 0.221 0.0033333333333333335 0.002
2 0.9613333333333334 0.22033333333333333 0.0013333333333333333 0.002
2 0.8643333333333333 0.22033333333333333 0.002 0.002
2 0.905 0.21933333333333332 0.002 0.0013333333333333333
2 0.9026666666666666 0.219 0.0013333333333333333 0.0006666666666666666
2 0.7903333333333333 0.22133333333333333 0.0033333333333333335 0.005333333333333333
2 0.893 0.21966666666666668 0.002 0.0033333333333333335
2 0.8786666666666667 0.22 0.004 0.004
2 0.8493333333333334 0.21933333333333332 0.0013333333333333333 0.0026666666666666666
2 0.9983333333333333 0.21866666666666668 0.0033333333333333335 0.0026666666666666666
2 0.9456666666666667 0.21833333333333332 0.0033333333333333335 0.002
2 0.786 0.21833333333333332 0.0026666666666666666 0.0033333333333333335
2 0.95 0.21733333333333332 0.0026666666666666666 0.0026666666666666666
2 0.8986666666666666 0.21733333333333332 0.004 0.0026666666666666666
2 0.857 0.21733333333333332 0.006 0.0026666666666666666
2 0.8043333333333333 0.21633333333333332 0.0006666666666666666 0.0006666666666666666
2 0.9783333333333334 0.216 0.0006666666666666666 0.0013333333333333333
2 0.828 0.21733333333333332 0.005333333333333333 0.004
2 0.7883333333333333 0.21666666666666667 0.002 0.0026666666666666666
2 0.9413333333333334 0.21566666666666667 0.0026666666666666666 0.002
2 0.9156666666666666 0.221 0.007333333333333333 0.012666666666666666
2 0.893 0.216 0.004666666666666667 0.0026666666666666666
2 0.8646666666666667 0.21566666666666667 0.0026666666666666666 0.002
2 0.8413333333333334 0.21666666666666667 0.0026666666666666666 0.004
2 0.9163333333333333 0.21433333333333332 0.0006666666666666666 0.0006666666666666666
2 0.824 0.21466666666666667 0.0013333333333333333 0.0013333333333333333
2 0.801 0.215 0.0006666666666666666 0.002
2 0.9833333333333333 0.21433333333333332 0.0026666666666666666 0.002
2 0.9286666666666666 0.21766666666666667 0.004 0.008666666666666666
2 0.878 0.21433333333333332 0.0013333333333333333 0.0033333333333333335
2 0.8713333333333333 0.21633333333333332 0.005333333333333333 0.007333333333333333
2 0.9896666666666667 0.215 0.004666666666666667 0.006
2 0.8543333333333333 0.21266666666666667 0.0006666666666666666 0.0013333333333333333
2 0.8273333333333334 0.21333333333333335 0.0026666666666666666 0.0026666666666666666
2 0.9353333333333333 0.214 0.0026666666666666666 0.005333333333333333
2 0.925 0.21266666666666667 0.002 0.0026666666666666666
2 0.904 0.21433333333333332 0.004 0.006
2 0.807 0.213 0.0033333333333333335 0.0033333333333333335
2 0.8956666666666667 0.21166666666666667 0.002 0.002
2 0.9463333333333334 0.212 0.0033333333333333335 0.004
2 0.9746666666666667 0.21066666666666667 0.0026666666666666666 0.0026666666666666666
2 0.8736666666666667 0.20966666666666667 0.0006666666666666666 0.0006666666666666666
2 0.862 0.213 0.004 0.007333333333333333
2 0.8896666666666667 0.21133333333333335 0.0033333333333333335 0.005333333333333333
2 0.9576666666666667 0.20833333333333334 0.002 0.002
2 0.9383333333333334 0.21033333333333334 0.006 0.006
2 0.9113333333333333 0.213 0.005333333333333333 0.011333333333333334
2 0.8793333333333333 0.20833333333333334 0.0026666666666666666 0.002
2 0.972 0.20733333333333334 0.0013333333333333333 0.0013333333333333333
2 0.961 0.20766666666666667 0.002 0.002
2 0.9243333333333333 0.20833333333333334 0.004666666666666667 0.004666666666666667
2 0.999 0.20533333333333334 0.002 0.0013333333333333333
2 0.8726666666666667 0.20566666666666666 0.0026666666666666666 0.002
2 0.8756666666666667 0.203 0.0006666666666666666 0.0006666666666666666
2 0.9933333333333333 0.20266666666666666 0.0013333333333333333 0.0013333333333333333
2 0.95 0.203 0.0013333333333333333 0.002
2 0.9766666666666667 0.20333333333333334 0.004 0.004
2 0.971 0.202 0.0033333333333333335 0.0026666666666666666
2 0.958 0.20366666666666666 0.004 0.006
2 0.9986666666666667 0.20066666666666666 0.0026666666666666666 0.0013333333333333333
2 0.9543333333333334 0.19966666666666666 0.004666666666666667 0.0033333333333333335
2 0.997 0.197 0.0006666666666666666 0.0006666666666666666
2 0.9276666666666666 0.19833333333333333 0.0033333333333333335 0.0033333333333333335
2 0.9543333333333334 0.196 0.0033333333333333335 0.0013333333333333333
2 0.9863333333333333 0.19566666666666666 0.002 0.002
2 0.9896666666666667 0.197 0.0033333333333333335 0.006
2 0.9806666666666667 0.193 0.0026666666666666666 0.004666666666666667
2 0.9753333333333334 0.19466666666666665 0.005333333333333333 0.008
2 0.9993333333333333 0.191 0.0013333333333333333 0.002
2 0.987 0.191 0.002 0.002
2 0.9523333333333334 0.192 0.004666666666666667 0.004
2 0.9953333333333333 0.19133333333333333 0.0026666666666666666 0.004
2 0.9706666666666667 0.19 0.0013333333333333333 0.0013333333333333333
2 0.978 0.189 0.0013333333333333333 0.0006666666666666666
2 0.9536666666666667 0.18666666666666668 0.0006666666666666666 0.0013333333333333333
2 0.998 0.18533333333333332 0.004 0.005333333333333333
2 0.979 0.185 0.0033333333333333335 0.004666666666666667
2 0.5 0.45466666666666666 1.0 0.9093333333333333