2 0.7051211453744494 0.25570436507936506 0.0005506607929515419 0.000496031746031746
2 0.5699339207048458 0.25570436507936506 0.0022026431718061676 0.000496031746031746
2 0.608204845814978 0.2553323412698413 0.0027533039647577094 0.001240079365079365
2 0.5881057268722467 0.2550843253968254 0.004405286343612335 0.001240079365079365
2 0.7745044052863436 0.24677579365079366 0.0027533039647577094 0.000496031746031746
2 0.7841409691629956 0.24578373015873015 0.004405286343612335 0.002976190476190476
2 0.7890969162995595 0.24417162698412698 0.006607929515418502 0.001240079365079365
2 0.6029735682819384 0.24379960317460317 0.0011013215859030838 0.000496031746031746
2 0.5685572687224669 0.24231150793650794 0.0027533039647577094 0.000992063492063492
2 0.788546255506608 0.24156746031746032 0.009911894273127754 0.001488095238095238
2 0.8254405286343612 0.2408234126984127 0.0011013215859030838 0.000496031746031746
2 0.7720264317180616 0.23983134920634921 0.0022026431718061676 0.000496031746031746
2 0.8301211453744494 0.23958333333333334 0.0016519823788546256 0.000496031746031746
2 0.79818281938326 0.23958333333333334 0.003854625550660793 0.000496031746031746
2 0.7882709251101322 0.2390873015873016 0.0016519823788546256 0.000496031746031746
2 0.5754405286343612 0.23958333333333334 0.006607929515418502 0.005952380952380952
2 0.5586453744493393 0.2357390873015873 0.0005506607929515419 0.000248015873015873
2 0.6227973568281938 0.22532242063492064 0.0011013215859030838 0.001736111111111111
2 0.5616740088105727 0.22507440476190477 0.0011013215859030838 0.001240079365079365
2 0.5586453744493393 0.22395833333333334 0.0016519823788546256 0.000992063492063492
2 0.6233480176211453 0.22321428571428573 0.0011013215859030838 0.000992063492063492
2 0.5578193832599119 0.2119295634920635 0.0011013215859030838 0.000248015873015873
2 0.5561674008810573 0.19890873015873015 0.003303964757709251 0.001488095238095238
2 0.7307268722466961 0.19208829365079366 0.0011013215859030838 0.000248015873015873
2 0.6943832599118943 0.19196428571428573 0.0011013215859030838 0.000496031746031746
2 0.6040748898678414 0.1906001984126984 0.0011013215859030838 0.000744047619047619
2 0.723568281938326 0.1902281746031746 0.007709251101321586 0.001984126984126984
2 0.5919603524229075 0.18948412698412698 0.0011013215859030838 0.000496031746031746
2 0.566079295154185 0.18353174603174602 0.0011013215859030838 0.001488095238095238
2 0.5682819383259912 0.18216765873015872 0.0022026431718061676 0.000744047619047619
2 0.5803964757709251 0.1817956349206349 0.0011013215859030838 0.000496031746031746
2 0.5988436123348018 0.18625992063492064 0.006057268722466961 0.00992063492063492
2 0.6263766519823789 0.1806795634920635 0.0005506607929515419 0.000248015873015873
2 0.6448237885462555 0.17981150793650794 0.0022026431718061676 0.000496031746031746
2 0.43667400881057267 0.16493055555555555 0.0011013215859030838 0.000496031746031746
2 0.4413546255506608 0.1630704365079365 0.0005506607929515419 0.000248015873015873
2 0.516795154185022 0.14918154761904762 0.0005506607929515419 0.000248015873015873
2 0.5148678414096917 0.14732142857142858 0.0011013215859030838 0.000496031746031746
2 0.5225770925110133 0.14595734126984128 0.0022026431718061676 0.001736111111111111
2 0.5267070484581498 0.1437251984126984 0.003854625550660793 0.003224206349206349
2 0.5250550660792952 0.1423611111111111 0.0016519823788546256 0.000496031746031746
2 0.5308370044052864 0.14186507936507936 0.0011013215859030838 0.001488095238095238
2 0.5198237885462555 0.14087301587301587 0.003303964757709251 0.003968253968253968
2 0.5159691629955947 0.1378968253968254 0.0022026431718061676 0.001984126984126984
2 0.563601321585903 0.13640873015873015 0.0016519823788546256 0.000496031746031746
2 0.552863436123348 0.12958829365079366 0.003303964757709251 0.001240079365079365
2 0.5234030837004405 0.12512400793650794 0.0005506607929515419 0.000248015873015873
2 0.525330396475771 0.12189980158730158 0.0011013215859030838 0.001736111111111111
2 0.5234030837004405 0.11867559523809523 0.0005506607929515419 0.000248015873015873
2 0.5393722466960352 0.11681547619047619 0.003854625550660793 0.001984126984126984
2 0.5275330396475771 0.11594742063492064 0.0011013215859030838 0.001736111111111111
2 0.5165198237885462 0.11458333333333333 0.003303964757709251 0.001488095238095238
2 0.5206497797356828 0.1154513888888889 0.0016519823788546256 0.004712301587301587
2 0.5195484581497798 0.11272321428571429 0.0005506607929515419 0.000248015873015873
2 0.5291850220264317 0.11148313492063493 0.0011013215859030838 0.000744047619047619
2 0.5242290748898678 0.09846230158730158 0.005506607929515419 0.001984126984126984
2 0.5319383259911894 0.08159722222222222 0.0011013215859030838 0.000496031746031746
2 0.5470814977973568 0.07155257936507936 0.0016519823788546256 0.000744047619047619
2 0.5484581497797357 0.06646825396825397 0.0011013215859030838 0.001488095238095238
2 0.551762114537445 0.06312003968253968 0.0022026431718061676 0.000744047619047619
2 0.5523127753303965 0.05865575396825397 0.0022026431718061676 0.001736111111111111
2 0.5542400881057269 0.043154761904761904 0.0016519823788546256 0.000992063492063492
2 0.575715859030837 0.009548611111111112 0.0005506607929515419 0.000248015873015873
2 0.5 0.5 1.0 1.0