2 0.336 0.911864406779661 0.008 0.013559322033898305
2 0.32 0.911864406779661 0.012 0.013559322033898305
2 0.303 0.9135593220338983 0.01 0.01694915254237288
2 0.353 0.9084745762711864 0.01 0.013559322033898305
2 0.286 0.9101694915254237 0.012 0.01694915254237288
2 0.371 0.9050847457627119 0.01 0.013559322033898305
2 0.388 0.9 0.008 0.01694915254237288
2 0.405 0.8932203389830509 0.01 0.01694915254237288
2 0.421 0.8864406779661017 0.006 0.010169491525423728
2 0.436 0.8745762711864407 0.008 0.013559322033898305
2 0.451 0.8627118644067797 0.006 0.010169491525423728
2 0.466 0.8508474576271187 0.004 0.006779661016949152
2 0.481 0.8355932203389831 0.006 0.010169491525423728
2 0.495 0.8203389830508474 0.006 0.006779661016949152
2 0.508 0.8033898305084746 0.004 0.013559322033898305
2 0.524 0.7830508474576271 0.004 0.006779661016949152
2 0.537 0.764406779661017 0.002 0.003389830508474576
2 0.605 0.635593220338983 0.002 0.003389830508474576
2 0.615 0.6152542372881356 0.002 0.003389830508474576
2 0.623 0.6016949152542372 0.002 0.010169491525423728
2 0.873 0.5966101694915255 0.006 0.006779661016949152
2 0.626 0.5898305084745763 0.004 0.006779661016949152
2 0.861 0.576271186440678 0.006 0.006779661016949152
2 0.635 0.5728813559322034 0.006 0.020338983050847456
2 0.848 0.5559322033898305 0.008 0.013559322033898305
2 0.834 0.5338983050847458 0.008 0.010169491525423728
2 0.82 0.5135593220338983 0.008 0.010169491525423728
2 0.807 0.49491525423728816 0.01 0.013559322033898305
2 0.793 0.4728813559322034 0.01 0.010169491525423728
2 0.779 0.4542372881355932 0.01 0.013559322033898305
2 0.764 0.43559322033898307 0.012 0.01694915254237288
2 0.75 0.4135593220338983 0.012 0.013559322033898305
2 0.736 0.3949152542372881 0.012 0.01694915254237288
2 0.72 0.37966101694915255 0.012 0.020338983050847456
2 0.712 0.3559322033898305 0.02 0.04745762711864407
2 0.692 0.3525423728813559 0.012 0.04067796610169491
2 0.733 0.3101694915254237 0.002 0.003389830508474576
2 0.504 0.4711864406779661 0.86 0.7593220338983051
2 0.146 0.49830508474576274 0.26 0.8338983050847457
2 0.233 0.08135593220338982 0.01 0.006779661016949152
2 0.391 0.09152542372881356 0.05 0.03389830508474576
2 0.355 0.07966101694915254 0.014 0.01694915254237288
2 0.25 0.07627118644067797 0.012 0.010169491525423728
2 0.338 0.07627118644067797 0.012 0.01694915254237288
2 0.267 0.07288135593220339 0.01 0.010169491525423728
2 0.32 0.0711864406779661 0.012 0.013559322033898305
2 0.302 0.0711864406779661 0.012 0.013559322033898305
2 0.284 0.0711864406779661 0.012 0.013559322033898305