2 0.44266666666666665 0.8009345794392523 0.3253333333333333 0.0616822429906542
2 0.524 0.7308411214953271 0.17333333333333334 0.14579439252336449
2 0.5373333333333333 0.6560747663551402 0.10933333333333334 0.026168224299065422
2 0.45466666666666666 0.6457943925233645 0.008 0.005607476635514018
2 0.54 0.6308411214953271 0.0026666666666666666 0.001869158878504673
2 0.5346666666666666 0.6214953271028038 0.056 0.020560747663551402
2 0.5026666666666667 0.611214953271028 0.0026666666666666666 0.003738317757009346
2 0.7133333333333334 0.7065420560747664 0.10933333333333334 0.2841121495327103
2 0.444 0.6579439252336449 0.4026666666666667 0.23551401869158878
2 0.372 0.5233644859813084 0.024 0.003738317757009346
2 0.328 0.5158878504672897 0.032 0.011214953271028037
2 0.54 0.33738317757009345 0.024 0.013084112149532711
2 0.452 0.3299065420560748 0.0026666666666666666 0.005607476635514018
2 0.4653333333333333 0.32710280373831774 0.0026666666666666666 0.007476635514018692
2 0.44533333333333336 0.31401869158878504 0.005333333333333333 0.003738317757009346
2 0.45866666666666667 0.31121495327102805 0.016 0.013084112149532711
2 0.5346666666666666 0.2822429906542056 0.013333333333333334 0.007476635514018692
2 0.46 0.27289719626168224 0.013333333333333334 0.007476635514018692
2 0.37866666666666665 0.17383177570093458 0.010666666666666666 0.007476635514018692
2 0.48533333333333334 0.3514018691588785 0.5013333333333333 0.36261682242990656
2 0.42133333333333334 0.16728971962616823 0.042666666666666665 0.028037383177570093