2 0.2421875 0.79609375 0.003125 0.0015625
2 0.50390625 0.6859375 0.0203125 0.03125
2 0.64609375 0.54765625 0.0015625 0.0015625
2 0.66796875 0.54609375 0.0015625 0.0015625
2 0.615625 0.54453125 0.003125 0.0015625
2 0.6078125 0.54453125 0.003125 0.0015625
2 0.45234375 0.52890625 0.0015625 0.0015625
2 0.44921875 0.5265625 0.0015625 0.003125
2 0.4671875 0.5859375 0.0375 0.1375
2 0.85234375 0.59140625 0.0734375 0.1546875
2 0.878125 0.5046875 0.003125 0.009375
2 0.87578125 0.49765625 0.0015625 0.0015625
2 0.87890625 0.4921875 0.0203125 0.025
2 0.87265625 0.47734375 0.0046875 0.0046875
2 0.2328125 0.47734375 0.046875 0.0421875
2 0.27109375 0.44765625 0.0109375 0.0046875
2 0.3703125 0.428125 0.0125 0.003125
2 0.23515625 0.421875 0.0546875 0.05
2 0.2625 0.40625 0.065625 0.046875
2 0.34375 0.29609375 0.203125 0.0921875
2 0.559375 0.51875 0.665625 0.628125
2 0.35703125 0.18203125 0.0078125 0.0078125
2 0.34921875 0.17421875 0.0015625 0.0015625
2 0.321875 0.175 0.003125 0.003125
2 0.340625 0.171875 0.0125 0.003125