2 0.2265625 0.7980769230769231 0.015625 0.0017482517482517483
2 0.2078125 0.7963286713286714 0.0125 0.005244755244755245
2 0.76875 0.333041958041958 0.159375 0.26048951048951047
2 0.509375 0.4965034965034965 0.975 0.6048951048951049
2 0.1 0.19230769230769232 0.003125 0.0034965034965034965
2 0.1828125 0.19055944055944055 0.003125 0.01048951048951049
2 0.1765625 0.1896853146853147 0.003125 0.008741258741258742
2 0.16328125 0.19055944055944055 0.0171875 0.01048951048951049
2 0.084375 0.19055944055944055 0.015625 0.01048951048951049
2 0.19609375 0.1896853146853147 0.0046875 0.012237762237762238
2 0.140625 0.18793706293706294 0.003125 0.008741258741258742
2 0.1203125 0.1888111888111888 0.015625 0.01048951048951049
2 0.10625 0.1896853146853147 0.003125 0.012237762237762238
2 0.05546875 0.18793706293706294 0.0046875 0.012237762237762238
2 0.046875 0.18793706293706294 0.003125 0.012237762237762238
2 0.12734375 0.14160839160839161 0.0796875 0.06993006993006994
2 0.12578125 0.10926573426573427 0.0109375 0.012237762237762238
2 0.12421875 0.07692307692307693 0.0796875 0.06993006993006994