2 0.21064814814814814 0.9895833333333334 0.0026455026455026454 0.0023148148148148147
2 0.8897156084656085 0.9859457671957672 0.0016534391534391533 0.0016534391534391533
2 0.958994708994709 0.9778439153439153 0.0006613756613756613 0.0006613756613756613
2 0.27116402116402116 0.9664351851851852 0.0006613756613756613 0.00033068783068783067
2 0.6997354497354498 0.9613095238095238 0.0013227513227513227 0.0013227513227513227
2 0.10069444444444445 0.9517195767195767 0.0023148148148148147 0.0026455026455026454
2 0.7258597883597884 0.9416335978835979 0.0006613756613756613 0.0016534391534391533
2 0.1130952380952381 0.9381613756613757 0.0006613756613756613 0.0006613756613756613
2 0.6240079365079365 0.9143518518518519 0.0013227513227513227 0.001984126984126984
2 0.004464285714285714 0.8941798941798942 0.002976190476190476 0.0026455026455026454
2 0.5836640211640212 0.8877314814814815 0.0013227513227513227 0.0016534391534391533
2 0.3802910052910053 0.861441798941799 0.0013227513227513227 0.0006613756613756613
2 0.2810846560846561 0.8543320105820106 0.0013227513227513227 0.0023148148148148147
2 0.5709325396825397 0.8505291005291006 0.000992063492063492 0.0006613756613756613
2 0.22040343915343916 0.8485449735449735 0.002976190476190476 0.0026455026455026454
2 0.39467592592592593 0.8394510582010583 0.00033068783068783067 0.00033068783068783067
2 0.5064484126984127 0.8371362433862434 0.000992063492063492 0.0016534391534391533
2 0.4933862433862434 0.828207671957672 0.0013227513227513227 0.000992063492063492
2 0.4808201058201058 0.8265542328042328 0.0013227513227513227 0.000992063492063492
2 0.3940145502645503 0.8258928571428571 0.0016534391534391533 0.0016534391534391533
2 0.398478835978836 0.8156415343915344 0.001984126984126984 0.002976190476190476
2 0.5031415343915344 0.8131613756613757 0.00033068783068783067 0.0006613756613756613
2 0.5419973544973545 0.8121693121693122 0.0006613756613756613 0.0006613756613756613
2 0.541005291005291 0.8108465608465608 0.0006613756613756613 0.0006613756613756613
2 0.5061177248677249 0.810515873015873 0.0036375661375661374 0.0013227513227513227
2 0.5423280423280423 0.8096891534391535 0.0006613756613756613 0.000992063492063492
2 0.5451388888888888 0.8090277777777778 0.0016534391534391533 0.000992063492063492
2 0.4794973544973545 0.8082010582010583 0.0006613756613756613 0.001984126984126984
2 0.4632936507936508 0.8072089947089947 0.0006613756613756613 0.0006613756613756613
2 0.5558862433862434 0.8020833333333334 0.0006613756613756613 0.000992063492063492
2 0.5613425925925926 0.7994378306878307 0.00033068783068783067 0.00033068783068783067
2 0.5750661375661376 0.800760582010582 0.001984126984126984 0.0036375661375661374
2 0.671957671957672 0.796957671957672 0.0006613756613756613 0.0006613756613756613
2 0.36772486772486773 0.7959656084656085 0.0006613756613756613 0.0013227513227513227
2 0.29546957671957674 0.7837301587301587 0.0016534391534391533 0.0013227513227513227
2 0.7199074074074074 0.7817460317460317 0.0006613756613756613 0.0006613756613756613
2 0.7190806878306878 0.7809193121693122 0.00033068783068783067 0.00033068783068783067
2 0.7556216931216931 0.7800925925925926 0.0026455026455026454 0.001984126984126984
2 0.7280092592592593 0.7782738095238095 0.00033068783068783067 0.00033068783068783067
2 0.7329695767195767 0.7738095238095238 0.00033068783068783067 0.0006613756613756613
2 0.40459656084656087 0.7698412698412699 0.00033068783068783067 0.0006613756613756613
2 0.40343915343915343 0.7685185185185185 0.0006613756613756613 0.0006613756613756613
2 0.3955026455026455 0.7685185185185185 0.0006613756613756613 0.001984126984126984
2 0.7709986772486772 0.7668650793650794 0.000992063492063492 0.0013227513227513227
2 0.7465277777777778 0.7658730158730159 0.000992063492063492 0.001984126984126984
2 0.7579365079365079 0.7605820105820106 0.0006613756613756613 0.0006613756613756613
2 0.751984126984127 0.7582671957671958 0.0013227513227513227 0.0006613756613756613
2 0.3731812169312169 0.7552910052910053 0.0016534391534391533 0.0026455026455026454
2 0.15046296296296297 0.7504960317460317 0.001984126984126984 0.0016534391534391533
2 0.7627314814814815 0.75 0.0023148148148148147 0.0033068783068783067
2 0.7757936507936508 0.7334656084656085 0.0006613756613756613 0.0006613756613756613
2 0.765542328042328 0.734292328042328 0.0013227513227513227 0.0023148148148148147
2 0.7759589947089947 0.7306547619047619 0.0016534391534391533 0.0016534391534391533
2 0.8487103174603174 0.7299933862433863 0.002976190476190476 0.004298941798941799
2 0.10119047619047619 0.7235449735449735 0.0026455026455026454 0.0026455026455026454
2 0.7777777777777778 0.7157738095238095 0.001984126984126984 0.0023148148148148147
2 0.006613756613756613 0.6987433862433863 0.0006613756613756613 0.0006613756613756613
2 0.028273809523809524 0.6951058201058201 0.000992063492063492 0.0006613756613756613
2 0.7860449735449735 0.6896494708994709 0.0013227513227513227 0.0016534391534391533
2 0.27397486772486773 0.6884920634920635 0.002976190476190476 0.001984126984126984
2 0.7886904761904762 0.6870039682539683 0.0013227513227513227 0.0016534391534391533
2 0.2791005291005291 0.6865079365079365 0.0013227513227513227 0.0013227513227513227
2 0.27645502645502645 0.6865079365079365 0.0013227513227513227 0.0013227513227513227
2 0.7911706349206349 0.685681216931217 0.00033068783068783067 0.00033068783068783067
2 0.2791005291005291 0.6838624338624338 0.0006613756613756613 0.0006613756613756613
2 0.7906746031746031 0.6833664021164021 0.0006613756613756613 0.000992063492063492
2 0.7908399470899471 0.6785714285714286 0.0016534391534391533 0.0013227513227513227
2 0.11888227513227513 0.6755952380952381 0.0036375661375661374 0.001984126984126984
2 0.2542989417989418 0.6706349206349206 0.0013227513227513227 0.0013227513227513227
2 0.230489417989418 0.6511243386243386 0.0006613756613756613 0.0006613756613756613
2 0.8525132275132276 0.6473214285714286 0.0013227513227513227 0.000992063492063492
2 0.8077050264550265 0.6474867724867724 0.000992063492063492 0.0013227513227513227
2 0.8043981481481481 0.6450066137566137 0.00033068783068783067 0.00033068783068783067
2 0.8082010582010583 0.6167328042328042 0.0013227513227513227 0.0013227513227513227
2 0.8125 0.6044973544973545 0.0006613756613756613 0.0006613756613756613
2 0.18270502645502645 0.5963955026455027 0.00033068783068783067 0.0016534391534391533
2 0.8098544973544973 0.5944113756613757 0.0013227513227513227 0.0016534391534391533
2 0.8128306878306878 0.5929232804232805 0.001984126984126984 0.001984126984126984
2 0.8115079365079365 0.5909391534391535 0.003968253968253968 0.0013227513227513227
2 0.8096891534391535 0.589781746031746 0.00033068783068783067 0.00033068783068783067
2 0.09672619047619048 0.5904431216931217 0.0023148148148148147 0.0016534391534391533
2 0.8108465608465608 0.5886243386243386 0.0006613756613756613 0.0006613756613756613
2 0.8134920634920635 0.5753968253968254 0.0006613756613756613 0.0006613756613756613
2 0.11375661375661375 0.5625 0.0006613756613756613 0.0006613756613756613
2 0.14831349206349206 0.5615079365079365 0.000992063492063492 0.0006613756613756613
2 0.8151455026455027 0.5591931216931217 0.0006613756613756613 0.0006613756613756613
2 0.15625 0.55869708994709 0.00033068783068783067 0.00033068783068783067
2 0.12698412698412698 0.5562169312169312 0.0006613756613756613 0.0006613756613756613
2 0.8151455026455027 0.5543981481481481 0.0013227513227513227 0.0023148148148148147
2 0.8227513227513228 0.5284391534391535 0.0013227513227513227 0.0013227513227513227
2 0.8194444444444444 0.5266203703703703 0.0026455026455026454 0.0023148148148148147
2 0.1509589947089947 0.5193452380952381 0.00033068783068783067 0.00033068783068783067
2 0.8153108465608465 0.513558201058201 0.000992063492063492 0.0013227513227513227
2 0.15327380952380953 0.5066137566137566 0.00033068783068783067 0.0006613756613756613
2 0.8058862433862434 0.4935515873015873 0.003968253968253968 0.002976190476190476
2 0.7962962962962963 0.48115079365079366 0.0013227513227513227 0.0013227513227513227
2 0.9427910052910053 0.41352513227513227 0.0013227513227513227 0.0016534391534391533
2 0.99619708994709 0.28587962962962965 0.002976190476190476 0.0023148148148148147
2 0.1841931216931217 0.17278439153439154 0.001984126984126984 0.0016534391534391533
2 0.498015873015873 0.4808201058201058 0.7063492063492064 0.6626984126984127
2 0.2986111111111111 0.13955026455026456 0.0033068783068783067 0.0033068783068783067
2 0.999834656084656 0.08779761904761904 0.00033068783068783067 0.00033068783068783067
2 0.9847883597883598 0.08564814814814815 0.0006613756613756613 0.0006613756613756613
2 0.9659391534391535 0.07374338624338625 0.0006613756613756613 0.0006613756613756613
2 0.9312169312169312 0.06944444444444445 0.0013227513227513227 0.0006613756613756613
2 0.9368386243386243 0.06911375661375661 0.0006613756613756613 0.0006613756613756613
2 0.939318783068783 0.06845238095238096 0.000992063492063492 0.0006613756613756613
2 0.9378306878306878 0.06746031746031746 0.0006613756613756613 0.0006613756613756613
2 0.9120370370370371 0.0667989417989418 0.0006613756613756613 0.0006613756613756613
2 0.9150132275132276 0.06564153439153439 0.0006613756613756613 0.00033068783068783067
2 0.9208002645502645 0.06167328042328042 0.000992063492063492 0.00033068783068783067
2 0.9052579365079365 0.06183862433862434 0.0016534391534391533 0.001984126984126984
2 0.8950066137566137 0.061507936507936505 0.000992063492063492 0.0013227513227513227
2 0.8968253968253969 0.06084656084656084 0.0006613756613756613 0.0006613756613756613
2 0.8832671957671958 0.057539682539682536 0.0006613756613756613 0.0013227513227513227
2 0.8814484126984127 0.05439814814814815 0.000992063492063492 0.0023148148148148147
2 0.8791335978835979 0.05423280423280423 0.000992063492063492 0.0026455026455026454
2 0.8290343915343915 0.04546957671957672 0.0006613756613756613 0.00033068783068783067
2 0.8500330687830688 0.04646164021164021 0.0016534391534391533 0.002976190476190476
2 0.8470568783068783 0.04365079365079365 0.000992063492063492 0.0013227513227513227
2 0.8285383597883598 0.04117063492063492 0.000992063492063492 0.0023148148148148147
2 0.8100198412698413 0.03455687830687831 0.00033068783068783067 0.00033068783068783067
2 0.7961309523809523 0.03191137566137566 0.00033068783068783067 0.00033068783068783067
2 0.7936507936507936 0.03207671957671958 0.0006613756613756613 0.0006613756613756613
2 0.7860449735449735 0.032242063492063495 0.0013227513227513227 0.000992063492063492
2 0.781415343915344 0.02976190476190476 0.0033068783068783067 0.001984126984126984
2 0.7579365079365079 0.027777777777777776 0.0006613756613756613 0.0006613756613756613
2 0.7933201058201058 0.027777777777777776 0.0013227513227513227 0.0013227513227513227
2 0.7700066137566137 0.027777777777777776 0.000992063492063492 0.0013227513227513227
2 0.7911706349206349 0.0291005291005291 0.0023148148148148147 0.006613756613756613
2 0.7721560846560847 0.02595899470899471 0.0006613756613756613 0.000992063492063492
2 0.7700066137566137 0.02447089947089947 0.000992063492063492 0.0013227513227513227
2 0.7751322751322751 0.022486772486772486 0.0026455026455026454 0.0026455026455026454
2 0.7485119047619048 0.0205026455026455 0.000992063492063492 0.0013227513227513227
2 0.7552910052910053 0.01984126984126984 0.0013227513227513227 0.0013227513227513227
2 0.7412367724867724 0.01951058201058201 0.00033068783068783067 0.0006613756613756613
2 0.74619708994709 0.019345238095238096 0.000992063492063492 0.000992063492063492
2 0.7359457671957672 0.019014550264550265 0.00033068783068783067 0.00033068783068783067
2 0.7521494708994709 0.01984126984126984 0.0016534391534391533 0.0026455026455026454
2 0.732473544973545 0.01521164021164021 0.0006613756613756613 0.0006613756613756613
2 0.7306547619047619 0.013723544973544973 0.000992063492063492 0.000992063492063492
2 0.7094907407407407 0.013558201058201057 0.000992063492063492 0.0013227513227513227
2 0.7142857142857143 0.012566137566137565 0.001984126984126984 0.0033068783068783067
2 0.6750992063492064 0.008432539682539682 0.00033068783068783067 0.00033068783068783067
2 0.6886574074074074 0.009093915343915343 0.0016534391534391533 0.0023148148148148147
2 0.5912698412698413 0.0013227513227513227 0.0006613756613756613 0.0006613756613756613
2 0.8447420634920635 0.043154761904761904 0.310515873015873 0.08630952380952381
2 0.6871693121693122 0.0026455026455026454 0.003968253968253968 0.005291005291005291
2 0.6795634920634921 0.00248015873015873 0.004629629629629629 0.00496031746031746
2 0.6726190476190477 0.0013227513227513227 0.0006613756613756613 0.0026455026455026454
2 0.6716269841269841 0.00248015873015873 0.0026455026455026454 0.00496031746031746
2 0.6641865079365079 0.0018187830687830687 0.00496031746031746 0.0036375661375661374
2 0.6292989417989417 0.00033068783068783067 0.0006613756613756613 0.0006613756613756613
2 0.6036706349206349 0.00016534391534391533 0.00033068783068783067 0.00033068783068783067
2 0.597718253968254 0.00033068783068783067 0.0016534391534391533 0.0006613756613756613