2 0.40119760479041916 0.5948103792415169 0.00998003992015968 0.003992015968063872
2 0.42564870259481036 0.5923153692614771 0.00499001996007984 0.0029940119760479044
2 0.5738522954091816 0.5873253493013972 0.001996007984031936 0.0029940119760479044
2 0.6262475049900199 0.5838323353293413 0.000998003992015968 0.001996007984031936
2 0.624251497005988 0.5783433133732535 0.0029940119760479044 0.0029940119760479044
2 0.6182634730538922 0.5733532934131736 0.000998003992015968 0.000998003992015968
2 0.42664670658682635 0.562874251497006 0.00499001996007984 0.001996007984031936
2 0.7410179640718563 0.532435129740519 0.00499001996007984 0.00499001996007984
2 0.2759481037924152 0.5513972055888223 0.03293413173652695 0.04890219560878244
2 0.5788423153692615 0.49550898203592814 0.005988023952095809 0.0029940119760479044
2 0.6801397205588823 0.4615768463073852 0.000998003992015968 0.0029940119760479044
2 0.26596806387225547 0.4565868263473054 0.0029940119760479044 0.0029940119760479044
2 0.6756487025948104 0.45209580838323354 0.003992015968063872 0.001996007984031936
2 0.15469061876247506 0.405688622754491 0.001996007984031936 0.000998003992015968
2 0.3198602794411178 0.4306387225548902 0.038922155688622756 0.06487025948103792
2 0.656686626746507 0.41916167664670656 0.029940119760479042 0.06187624750499002
2 0.6551896207584831 0.38672654690618763 0.000998003992015968 0.000998003992015968
2 0.3847305389221557 0.3627744510978044 0.000998003992015968 0.000998003992015968
2 0.6966067864271457 0.3582834331337325 0.003992015968063872 0.005988023952095809
2 0.6721556886227545 0.35728542914171657 0.008982035928143712 0.011976047904191617
2 0.38572854291417163 0.35429141716566864 0.000998003992015968 0.005988023952095809
2 0.5773453093812375 0.35129740518962077 0.0029940119760479044 0.001996007984031936
2 0.6986027944111777 0.34780439121756485 0.003992015968063872 0.010978043912175649
2 0.592814371257485 0.34830339321357284 0.01996007984031936 0.011976047904191617
2 0.6337325349301397 0.34281437125748504 0.023952095808383235 0.006986027944111776
2 0.3013972055888224 0.3393213572854291 0.001996007984031936 0.003992015968063872
2 0.3318363273453094 0.33582834331337325 0.006986027944111776 0.010978043912175649
2 0.405189620758483 0.32984031936127745 0.007984031936127744 0.0029940119760479044
2 0.3388223552894212 0.3313373253493014 0.006986027944111776 0.005988023952095809
2 0.3198602794411178 0.3338323353293413 0.014970059880239521 0.016966067864271458
2 0.3712574850299401 0.32335329341317365 0.05389221556886228 0.021956087824351298
2 0.4171656686626746 0.3148702594810379 0.001996007984031936 0.008982035928143712
2 0.41367265469061876 0.30988023952095806 0.0029940119760479044 0.0029940119760479044
2 0.4106786427145709 0.30439121756487025 0.000998003992015968 0.001996007984031936
2 0.4096806387225549 0.29191616766467066 0.000998003992015968 0.00499001996007984
2 0.6901197604790419 0.3158682634730539 0.02694610778443114 0.054890219560878244
2 0.4111776447105788 0.2779441117764471 0.001996007984031936 0.00499001996007984
2 0.29291417165668665 0.27295409181636726 0.00499001996007984 0.006986027944111776
2 0.4186626746506986 0.2629740518962076 0.000998003992015968 0.000998003992015968
2 0.18912175648702595 0.3263473053892216 0.124750499001996 0.1596806387225549
2 0.685129740518962 0.23802395209580837 0.0029940119760479044 0.000998003992015968
2 0.6786427145708582 0.2345309381237525 0.003992015968063872 0.007984031936127744
2 0.4476047904191617 0.22904191616766467 0.0029940119760479044 0.008982035928143712
2 0.4091816367265469 0.22305389221556887 0.001996007984031936 0.000998003992015968
2 0.5034930139720559 0.5259481037924152 0.7395209580838323 0.6227544910179641
2 0.3897205588822355 0.21007984031936128 0.000998003992015968 0.0029940119760479044
2 0.31686626746506985 0.21307385229540918 0.0249500998003992 0.02694610778443114
2 0.33083832335329344 0.19760479041916168 0.000998003992015968 0.001996007984031936
2 0.3712574850299401 0.17465069860279442 0.001996007984031936 0.001996007984031936