2 0.3125 0.845625 0.005 0.00375
2 0.315 0.839375 0.0025 0.00375
2 0.320625 0.831875 0.01125 0.00625
2 0.336875 0.806875 0.01625 0.01375
2 0.3275 0.779375 0.0175 0.01625
2 0.628125 0.7325 0.00125 0.0025
2 0.365 0.718125 0.0125 0.01625
2 0.43125 0.695625 0.005 0.00625
2 0.44125 0.689375 0.005 0.00625
2 0.665 0.703125 0.0625 0.04875
2 0.634375 0.675 0.00375 0.005
2 0.641875 0.6725 0.00625 0.005
2 0.38875 0.669375 0.0025 0.00125
2 0.511875 0.66375 0.00125 0.0025
2 0.395 0.681875 0.0675 0.04375
2 0.413125 0.656875 0.00125 0.00125
2 0.6225 0.659375 0.0075 0.00875
2 0.5125 0.655 0.0075 0.0075
2 0.429375 0.645 0.00125 0.0025
2 0.40375 0.65375 0.0075 0.02
2 0.3775 0.654375 0.0175 0.03875
2 0.395625 0.63 0.01375 0.0075
2 0.42875 0.63125 0.0025 0.0175
2 0.40625 0.62375 0.0025 0.0025
2 0.41375 0.619375 0.005 0.00375
2 0.425625 0.61375 0.00875 0.005
2 0.369375 0.60125 0.00625 0.0025
2 0.475625 0.638125 0.08625 0.07875
2 0.48375 0.74625 0.33 0.3225
2 0.49375 0.595 0.0375 0.0275
2 0.545625 0.590625 0.00875 0.02125
2 0.73125 0.58375 0.06 0.02
2 0.770625 0.57625 0.01625 0.01
2 0.70625 0.571875 0.0075 0.00625
2 0.85625 0.575 0.01 0.0175
2 0.5175 0.5775 0.0075 0.025
2 0.486875 0.564375 0.00125 0.00125
2 0.56 0.5675 0.025 0.015
2 0.50625 0.560625 0.0125 0.00875
2 0.788125 0.68125 0.31625 0.2525
2 0.946875 0.54875 0.00125 0.0025
2 0.435 0.57 0.0775 0.045
2 0.349375 0.560625 0.02875 0.02625
2 0.495 0.55 0.025 0.015
2 0.574375 0.543125 0.01375 0.01375
2 0.81375 0.553125 0.075 0.04125
2 0.636875 0.588125 0.16875 0.11375
2 0.355625 0.538125 0.02375 0.01625
2 0.58875 0.528125 0.01 0.01125
2 0.465625 0.514375 0.03125 0.04375
2 0.525 0.501875 0.0275 0.02625
2 0.620625 0.488125 0.00125 0.00375
2 0.49375 0.504375 0.0325 0.04625
2 0.5525 0.490625 0.025 0.03125
2 0.53125 0.479375 0.0225 0.01625
2 0.35125 0.4925 0.0275 0.045
2 0.559375 0.46875 0.01875 0.015
2 0.384375 0.444375 0.00125 0.00125
2 0.40875 0.435625 0.0025 0.00125
2 0.513125 0.439375 0.03125 0.04375
2 0.419375 0.41875 0.00625 0.005
2 0.541875 0.43 0.02875 0.045
2 0.409375 0.409375 0.02125 0.01625
2 0.57 0.420625 0.0275 0.04375
2 0.43125 0.399375 0.005 0.00625
2 0.399375 0.39625 0.00625 0.0075
2 0.42375 0.473125 0.12 0.18125
2 0.41625 0.388125 0.0075 0.01125
2 0.476875 0.380625 0.00375 0.00125
2 0.41125 0.3675 0.055 0.05
2 0.574375 0.331875 0.08875 0.10875
2 0.773125 0.423125 0.30875 0.29875
2 0.4375 0.27375 0.05 0.0075
2 0.466875 0.27 0.00625 0.0025
2 0.480625 0.268125 0.00125 0.00125
2 0.48875 0.266875 0.005 0.00125
2 0.506875 0.263125 0.00375 0.00125
2 0.428125 0.265625 0.02375 0.00625
2 0.435 0.259375 0.0025 0.00125
2 0.445625 0.259375 0.00625 0.00625
2 0.428125 0.25375 0.00375 0.0025
2 0.78375 0.250625 0.005 0.00625
2 0.40125 0.254375 0.0175 0.01625
2 0.40875 0.245625 0.0075 0.00375
2 0.4225 0.250625 0.02 0.01875
2 0.783125 0.239375 0.00625 0.00625
2 0.635625 0.235625 0.00375 0.00375
2 0.791875 0.2475 0.03875 0.0525
2 0.37 0.22375 0.0075 0.005
2 0.63375 0.221875 0.02 0.01125
2 0.360625 0.210625 0.00375 0.00625
2 0.255 0.530625 0.3275 0.65125
2 0.38625 0.165625 0.0025 0.00625
2 0.74125 0.1475 0.0075 0.01
2 0.829375 0.305 0.23375 0.38
2 0.545625 0.165625 0.39125 0.14375