2 0.335 0.95325 0.002 0.0005
2 0.379 0.95175 0.002 0.0005
2 0.29925 0.94975 0.0005 0.0005
2 0.272 0.9455 0.001 0.001
2 0.534 0.9375 0.002 0.001
2 0.53725 0.93575 0.0005 0.0005
2 0.46075 0.93275 0.0005 0.0005
2 0.46225 0.93225 0.0005 0.0005
2 0.544 0.93225 0.006 0.0035
2 0.549 0.9295 0.003 0.002
2 0.22975 0.92875 0.0005 0.0005
2 0.55725 0.92475 0.0035 0.0025
2 0.55975 0.92325 0.0005 0.0005
2 0.56175 0.922 0.0015 0.001
2 0.56575 0.91975 0.0005 0.0005
2 0.56775 0.91825 0.0005 0.0005
2 0.5705 0.9165 0.004 0.003
2 0.5745 0.91375 0.002 0.0015
2 0.57675 0.91225 0.0005 0.0005
2 0.38575 0.90975 0.0005 0.0005
2 0.3915 0.90775 0.001 0.0005
2 0.59625 0.89775 0.0005 0.0005
2 0.42375 0.89325 0.0005 0.0005
2 0.7255 0.88325 0.002 0.0015
2 0.72425 0.88125 0.0005 0.0005
2 0.6975 0.89725 0.062 0.0395
2 0.07075 0.86875 0.0005 0.0005
2 0.6845 0.86525 0.012 0.0185
2 0.70275 0.847 0.0015 0.001
2 0.05825 0.84825 0.0025 0.0045
2 0.05575 0.843 0.0005 0.001
2 0.71925 0.75775 0.0065 0.0075
2 0.72475 0.75125 0.0035 0.0045
2 0.73175 0.74325 0.0065 0.0075
2 0.73875 0.735 0.0055 0.006
2 0.746 0.7275 0.002 0.002
2 0.7495 0.72325 0.005 0.0055
2 0.7585 0.7135 0.01 0.011
2 0.766 0.7055 0.002 0.002
2 0.771 0.7 0.005 0.006
2 0.8405 0.69375 0.003 0.0045
2 0.85 0.68725 0.002 0.0015
2 0.78025 0.6895 0.0105 0.012
2 0.8595 0.67425 0.001 0.0015
2 0.8525 0.676 0.003 0.005
2 0.79225 0.67575 0.0055 0.0065
2 0.8605 0.6715 0.001 0.001
2 0.797 0.7715 0.137 0.202
2 0.85925 0.66775 0.0005 0.0005
2 0.7985 0.66875 0.004 0.0045
2 0.408 0.66425 0.006 0.0085
2 0.8055 0.66075 0.002 0.0025
2 0.45325 0.6285 0.0055 0.008
2 0.4165 0.623 0.007 0.012
2 0.25975 0.61525 0.0005 0.0005
2 0.37025 0.60775 0.0045 0.0025
2 0.3135 0.60675 0.001 0.0005
2 0.3735 0.5885 0.001 0.001
2 0.3695 0.5875 0.001 0.001
2 0.37925 0.58225 0.0015 0.0015
2 0.403 0.62625 0.079 0.0915
2 0.42975 0.498 0.7735 0.971