2 0.0015625 0.5895833333333333 0.003125 0.004166666666666667
2 0.00625 0.58125 0.00625 0.004166666666666667
2 0.015625 0.5739583333333333 0.003125 0.0020833333333333333
2 0.009375 0.5677083333333334 0.003125 0.0020833333333333333
2 0.07265625 0.41041666666666665 0.0078125 0.008333333333333333
2 0.08515625 0.40520833333333334 0.0078125 0.00625
2 0.52421875 0.4010416666666667 0.0046875 0.014583333333333334
2 0.09453125 0.39375 0.0046875 0.0125
2 0.29375 0.34479166666666666 0.103125 0.04375
2 0.709375 0.2916666666666667 0.13125 0.07083333333333333
2 0.5 0.5 1.0 1.0