2 0.32 0.911864406779661 0.012 0.013559322033898305
2 0.304 0.9135593220338983 0.012 0.01694915254237288
2 0.353 0.9084745762711864 0.01 0.013559322033898305
2 0.337 0.9101694915254237 0.01 0.01694915254237288
2 0.287 0.911864406779661 0.014 0.020338983050847456
2 0.371 0.9050847457627119 0.01 0.013559322033898305
2 0.388 0.9 0.008 0.01694915254237288
2 0.405 0.8932203389830509 0.01 0.01694915254237288
2 0.421 0.8864406779661017 0.006 0.010169491525423728
2 0.436 0.8745762711864407 0.008 0.013559322033898305
2 0.451 0.8627118644067797 0.006 0.010169491525423728
2 0.466 0.8508474576271187 0.004 0.006779661016949152
2 0.481 0.8355932203389831 0.006 0.010169491525423728
2 0.495 0.8203389830508474 0.006 0.006779661016949152
2 0.508 0.8050847457627118 0.004 0.010169491525423728
2 0.524 0.7830508474576271 0.004 0.006779661016949152
2 0.537 0.764406779661017 0.002 0.003389830508474576
2 0.549 0.7457627118644068 0.002 0.006779661016949152
2 0.615 0.6152542372881356 0.002 0.003389830508474576
2 0.873 0.5983050847457627 0.006 0.010169491525423728
2 0.625 0.5983050847457627 0.006 0.023728813559322035
2 0.861 0.576271186440678 0.006 0.006779661016949152
2 0.635 0.5728813559322034 0.006 0.020338983050847456
2 0.848 0.5559322033898305 0.008 0.013559322033898305
2 0.834 0.5338983050847458 0.008 0.010169491525423728
2 0.82 0.5135593220338983 0.008 0.010169491525423728
2 0.807 0.49491525423728816 0.01 0.013559322033898305
2 0.793 0.4728813559322034 0.01 0.010169491525423728
2 0.78 0.4542372881355932 0.012 0.013559322033898305
2 0.765 0.43559322033898307 0.014 0.01694915254237288
2 0.75 0.4135593220338983 0.012 0.013559322033898305
2 0.735 0.3949152542372881 0.014 0.01694915254237288
2 0.72 0.3813559322033898 0.012 0.023728813559322035
2 0.691 0.35084745762711866 0.014 0.03728813559322034
2 0.712 0.3525423728813559 0.02 0.04745762711864407
2 0.732 0.31186440677966104 0.004 0.006779661016949152
2 0.504 0.4711864406779661 0.86 0.7593220338983051
2 0.146 0.49830508474576274 0.26 0.8338983050847457
2 0.233 0.08135593220338982 0.01 0.006779661016949152
2 0.382 0.08983050847457627 0.068 0.03728813559322034
2 0.25 0.07627118644067797 0.012 0.010169491525423728
2 0.338 0.07627118644067797 0.012 0.01694915254237288
2 0.267 0.07288135593220339 0.01 0.010169491525423728
2 0.32 0.0711864406779661 0.012 0.013559322033898305
2 0.302 0.0711864406779661 0.012 0.013559322033898305
2 0.284 0.0711864406779661 0.012 0.013559322033898305