2 0.074 0.7113333333333334 0.0013333333333333333 0.0013333333333333333
2 0.07766666666666666 0.7106666666666667 0.0006666666666666666 0.0013333333333333333
2 0.003 0.7106666666666667 0.0006666666666666666 0.0013333333333333333
2 0.086 0.7096666666666667 0.0013333333333333333 0.002
2 0.064 0.7053333333333334 0.0013333333333333333 0.0013333333333333333
2 0.07733333333333334 0.7046666666666667 0.0013333333333333333 0.0013333333333333333
2 0.16966666666666666 0.7006666666666667 0.0006666666666666666 0.0013333333333333333
2 0.09833333333333333 0.698 0.0006666666666666666 0.0013333333333333333
2 0.22066666666666668 0.696 0.0013333333333333333 0.0013333333333333333
2 0.20666666666666667 0.6956666666666667 0.004 0.002
2 0.135 0.6946666666666667 0.002 0.0013333333333333333
2 0.25466666666666665 0.692 0.0026666666666666666 0.0026666666666666666
2 0.301 0.689 0.0006666666666666666 0.0006666666666666666
2 0.26266666666666666 0.688 0.0026666666666666666 0.0026666666666666666
2 0.16766666666666666 0.6873333333333334 0.002 0.0026666666666666666
2 0.218 0.6863333333333334 0.0013333333333333333 0.002
2 0.23033333333333333 0.6853333333333333 0.002 0.0026666666666666666
2 0.2633333333333333 0.683 0.0013333333333333333 0.0006666666666666666
2 0.25366666666666665 0.683 0.0006666666666666666 0.0006666666666666666
2 0.22766666666666666 0.6816666666666666 0.0006666666666666666 0.0006666666666666666
2 0.3576666666666667 0.682 0.0033333333333333335 0.004
2 0.30866666666666664 0.6813333333333333 0.0013333333333333333 0.0026666666666666666
2 0.381 0.68 0.0033333333333333335 0.0013333333333333333
2 0.25166666666666665 0.6796666666666666 0.0006666666666666666 0.0006666666666666666
2 0.321 0.6783333333333333 0.0006666666666666666 0.0006666666666666666
2 0.343 0.6786666666666666 0.002 0.0026666666666666666
2 0.4033333333333333 0.6776666666666666 0.0013333333333333333 0.002
2 0.38133333333333336 0.6773333333333333 0.0026666666666666666 0.0013333333333333333
2 0.275 0.6773333333333333 0.002 0.0026666666666666666
2 0.2986666666666667 0.6746666666666666 0.0013333333333333333 0.0013333333333333333
2 0.23533333333333334 0.6746666666666666 0.0013333333333333333 0.0013333333333333333
2 0.412 0.673 0.0026666666666666666 0.002
2 0.4483333333333333 0.6703333333333333 0.0033333333333333335 0.002
2 0.381 0.6696666666666666 0.0006666666666666666 0.0006666666666666666
2 0.3443333333333333 0.6696666666666666 0.0006666666666666666 0.0006666666666666666
2 0.393 0.6693333333333333 0.0033333333333333335 0.004
2 0.4716666666666667 0.668 0.0033333333333333335 0.0026666666666666666
2 0.5066666666666667 0.667 0.0013333333333333333 0.002
2 0.48333333333333334 0.6663333333333333 0.004 0.002
2 0.9983333333333333 0.6673333333333333 0.0033333333333333335 0.005333333333333333
2 0.427 0.665 0.002 0.002
2 0.3526666666666667 0.664 0.0013333333333333333 0.0013333333333333333
2 0.5016666666666667 0.6626666666666666 0.0006666666666666666 0.0013333333333333333
2 0.9796666666666667 0.6613333333333333 0.002 0.0026666666666666666
2 0.5363333333333333 0.6606666666666666 0.0006666666666666666 0.0013333333333333333
2 0.411 0.6603333333333333 0.0006666666666666666 0.0006666666666666666
2 0.39866666666666667 0.6606666666666666 0.0013333333333333333 0.0013333333333333333
2 0.42433333333333334 0.6613333333333333 0.0033333333333333335 0.004
2 0.4713333333333333 0.6593333333333333 0.0026666666666666666 0.0026666666666666666
2 0.629 0.6583333333333333 0.002 0.002
2 0.435 0.659 0.0033333333333333335 0.004666666666666667
2 0.639 0.6556666666666666 0.0006666666666666666 0.0006666666666666666
2 0.49333333333333335 0.656 0.0013333333333333333 0.0013333333333333333
2 0.5813333333333334 0.6556666666666666 0.004 0.002
2 0.5276666666666666 0.6543333333333333 0.002 0.002
2 0.516 0.6543333333333333 0.0026666666666666666 0.0033333333333333335
2 0.5393333333333333 0.6536666666666666 0.0026666666666666666 0.0033333333333333335
2 0.442 0.6526666666666666 0.0013333333333333333 0.0013333333333333333
2 0.6836666666666666 0.6516666666666666 0.0006666666666666666 0.0006666666666666666
2 0.9266666666666666 0.652 0.0013333333333333333 0.0026666666666666666
2 0.5966666666666667 0.6513333333333333 0.0013333333333333333 0.0013333333333333333
2 0.705 0.65 0.0006666666666666666 0.0013333333333333333
2 0.9083333333333333 0.6493333333333333 0.0006666666666666666 0.0013333333333333333
2 0.665 0.649 0.0006666666666666666 0.0006666666666666666
2 0.6186666666666667 0.6493333333333333 0.0013333333333333333 0.0013333333333333333
2 0.5836666666666667 0.65 0.002 0.0026666666666666666
2 0.5483333333333333 0.65 0.002 0.0026666666666666666
2 0.6876666666666666 0.6483333333333333 0.0006666666666666666 0.0006666666666666666
2 0.6063333333333333 0.6483333333333333 0.0006666666666666666 0.0006666666666666666
2 0.9206666666666666 0.6486666666666666 0.0013333333333333333 0.0026666666666666666
2 0.5716666666666667 0.6493333333333333 0.0033333333333333335 0.004
2 0.9116666666666666 0.646 0.0006666666666666666 0.0026666666666666666
2 0.902 0.645 0.0013333333333333333 0.0006666666666666666
2 0.884 0.639 0.0013333333333333333 0.002
2 0.8633333333333333 0.6376666666666667 0.0013333333333333333 0.002
2 0.8586666666666667 0.6366666666666667 0.0013333333333333333 0.0026666666666666666
2 0.866 0.6346666666666667 0.0013333333333333333 0.0013333333333333333
2 0.8493333333333334 0.6353333333333333 0.0013333333333333333 0.004
2 0.8446666666666667 0.634 0.0013333333333333333 0.0013333333333333333
2 0.8483333333333334 0.6323333333333333 0.0006666666666666666 0.0006666666666666666
2 0.832 0.6323333333333333 0.0026666666666666666 0.004666666666666667
2 0.7976666666666666 0.6273333333333333 0.002 0.0026666666666666666
2 0.7966666666666666 0.6243333333333333 0.0013333333333333333 0.002
2 0.792 0.6243333333333333 0.0013333333333333333 0.002
2 0.7706666666666667 0.6213333333333333 0.0013333333333333333 0.0013333333333333333
2 0.755 0.6216666666666667 0.002 0.002
2 0.775 0.6213333333333333 0.002 0.0026666666666666666
2 0.7626666666666667 0.6206666666666667 0.0013333333333333333 0.004
2 0.7656666666666667 0.6183333333333333 0.0006666666666666666 0.0006666666666666666
2 0.757 0.6176666666666667 0.0006666666666666666 0.002
2 0.5723333333333334 0.617 0.0006666666666666666 0.0006666666666666666
2 0.777 0.6163333333333333 0.0006666666666666666 0.0006666666666666666
2 0.7606666666666667 0.6166666666666667 0.0013333333333333333 0.0013333333333333333
2 0.7523333333333333 0.6163333333333333 0.0006666666666666666 0.0006666666666666666
2 0.7486666666666667 0.6173333333333333 0.0013333333333333333 0.0026666666666666666
2 0.5756666666666667 0.615 0.0006666666666666666 0.0006666666666666666
2 0.731 0.613 0.002 0.002
2 0.73 0.6096666666666667 0.0013333333333333333 0.002
2 0.7086666666666667 0.609 0.0013333333333333333 0.002
2 0.717 0.608 0.002 0.004
2 0.7043333333333334 0.6063333333333333 0.0006666666666666666 0.0006666666666666666
2 0.7026666666666667 0.6023333333333334 0.0013333333333333333 0.002
2 0.49666666666666665 0.5993333333333334 0.0013333333333333333 0.0013333333333333333
2 0.672 0.598 0.0013333333333333333 0.0013333333333333333
2 0.6636666666666666 0.5966666666666667 0.0006666666666666666 0.0013333333333333333
2 0.655 0.5946666666666667 0.0006666666666666666 0.0013333333333333333
2 0.6623333333333333 0.5923333333333334 0.0006666666666666666 0.0006666666666666666
2 0.4523333333333333 0.5913333333333334 0.002 0.0013333333333333333
2 0.6606666666666666 0.5896666666666667 0.0013333333333333333 0.0006666666666666666
2 0.6316666666666667 0.5863333333333334 0.0006666666666666666 0.002
2 0.635 0.5853333333333334 0.002 0.004
2 0.6133333333333333 0.5826666666666667 0.0013333333333333333 0.0026666666666666666
2 0.601 0.582 0.0006666666666666666 0.0013333333333333333
2 0.407 0.5796666666666667 0.0006666666666666666 0.0006666666666666666
2 0.5916666666666667 0.579 0.002 0.002
2 0.57 0.5753333333333334 0.0013333333333333333 0.0013333333333333333
2 0.5823333333333334 0.5743333333333334 0.002 0.002
2 0.5776666666666667 0.5736666666666667 0.0006666666666666666 0.0006666666666666666
2 0.5613333333333334 0.574 0.0026666666666666666 0.004
2 0.5576666666666666 0.574 0.0033333333333333335 0.005333333333333333
2 0.56 0.57 0.0013333333333333333 0.0026666666666666666
2 0.5556666666666666 0.569 0.0006666666666666666 0.0006666666666666666
2 0.5386666666666666 0.5676666666666667 0.0013333333333333333 0.0006666666666666666
2 0.5263333333333333 0.5676666666666667 0.0006666666666666666 0.002
2 0.5483333333333333 0.571 0.004666666666666667 0.01
2 0.5223333333333333 0.5666666666666667 0.004666666666666667 0.005333333333333333
2 0.32233333333333336 0.564 0.002 0.0013333333333333333
2 0.517 0.563 0.002 0.002
2 0.5083333333333333 0.56 0.002 0.0026666666666666666
2 0.0003333333333333333 0.557 0.0006666666666666666 0.0006666666666666666
2 0.49433333333333335 0.5563333333333333 0.0006666666666666666 0.0033333333333333335
2 0.29733333333333334 0.5543333333333333 0.0026666666666666666 0.002
2 0.283 0.5503333333333333 0.0006666666666666666 0.0006666666666666666
2 0.014666666666666666 0.551 0.0013333333333333333 0.002
2 0.4633333333333333 0.5496666666666666 0.0013333333333333333 0.0006666666666666666
2 0.4503333333333333 0.5483333333333333 0.0006666666666666666 0.0006666666666666666
2 0.44233333333333336 0.5486666666666666 0.0006666666666666666 0.0013333333333333333
2 0.434 0.5486666666666666 0.0013333333333333333 0.0013333333333333333
2 0.08433333333333333 0.547 0.0006666666666666666 0.0006666666666666666
2 0.446 0.547 0.0013333333333333333 0.002
2 0.421 0.5463333333333333 0.002 0.002
2 0.14 0.5463333333333333 0.0013333333333333333 0.002
2 0.24666666666666667 0.545 0.0013333333333333333 0.0006666666666666666
2 0.404 0.5446666666666666 0.0013333333333333333 0.0013333333333333333
2 0.11866666666666667 0.544 0.0013333333333333333 0.0013333333333333333
2 0.16166666666666665 0.5436666666666666 0.002 0.002
2 0.13366666666666666 0.543 0.0006666666666666666 0.0006666666666666666
2 0.4076666666666667 0.5426666666666666 0.002 0.0026666666666666666
2 0.181 0.541 0.0006666666666666666 0.0006666666666666666
2 0.38233333333333336 0.5406666666666666 0.0006666666666666666 0.0013333333333333333
2 0.38966666666666666 0.5403333333333333 0.002 0.002
2 0.37766666666666665 0.5396666666666666 0.002 0.002
2 0.207 0.5396666666666666 0.002 0.002
2 0.356 0.5356666666666666 0.0013333333333333333 0.002
2 0.3596666666666667 0.5333333333333333 0.0006666666666666666 0.0013333333333333333
2 0.335 0.533 0.002 0.002
2 0.3383333333333333 0.531 0.0006666666666666666 0.0006666666666666666
2 0.3506666666666667 0.5313333333333333 0.0013333333333333333 0.0026666666666666666
2 0.31733333333333336 0.5306666666666666 0.0013333333333333333 0.0013333333333333333
2 0.31433333333333335 0.5296666666666666 0.0033333333333333335 0.0033333333333333335
2 0.30833333333333335 0.526 0.0033333333333333335 0.005333333333333333
2 0.8926666666666667 0.5236666666666666 0.0013333333333333333 0.002
2 0.2823333333333333 0.521 0.002 0.002
2 0.25966666666666666 0.515 0.002 0.0033333333333333335
2 0.27066666666666667 0.513 0.0013333333333333333 0.002
2 0.9376666666666666 0.5006666666666667 0.002 0.0013333333333333333
2 0.469 0.5 0.002 0.0013333333333333333
2 0.42133333333333334 0.5 0.0013333333333333333 0.0013333333333333333
2 0.944 0.49966666666666665 0.0013333333333333333 0.0033333333333333335
2 0.859 0.49566666666666664 0.0006666666666666666 0.0006666666666666666
2 0.5693333333333334 0.49266666666666664 0.0013333333333333333 0.0013333333333333333
2 0.5606666666666666 0.49233333333333335 0.0013333333333333333 0.002
2 0.645 0.48833333333333334 0.0006666666666666666 0.0006666666666666666
2 0.875 0.485 0.0033333333333333335 0.0006666666666666666
2 0.868 0.484 0.0013333333333333333 0.0013333333333333333
2 0.8643333333333333 0.4836666666666667 0.0006666666666666666 0.0006666666666666666
2 0.862 0.478 0.0013333333333333333 0.0013333333333333333
2 0.991 0.4103333333333333 0.0006666666666666666 0.0006666666666666666
2 0.9876666666666667 0.407 0.0006666666666666666 0.0006666666666666666
2 0.9806666666666667 0.4036666666666667 0.0013333333333333333 0.0006666666666666666
2 0.9913333333333333 0.403 0.0026666666666666666 0.004666666666666667
2 0.96 0.3993333333333333 0.0026666666666666666 0.005333333333333333
2 0.9673333333333334 0.397 0.0013333333333333333 0.002
2 0.9516666666666667 0.398 0.0033333333333333335 0.005333333333333333
2 0.9423333333333334 0.3953333333333333 0.0033333333333333335 0.0013333333333333333
2 0.9806666666666667 0.39466666666666667 0.0013333333333333333 0.0013333333333333333
2 0.958 0.395 0.0026666666666666666 0.002
2 0.9693333333333334 0.391 0.0013333333333333333 0.002
2 0.9063333333333333 0.38966666666666666 0.0006666666666666666 0.0006666666666666666
2 0.9303333333333333 0.389 0.0006666666666666666 0.0006666666666666666
2 0.9173333333333333 0.3903333333333333 0.004 0.0033333333333333335
2 0.9236666666666666 0.38766666666666666 0.0006666666666666666 0.0006666666666666666
2 0.8813333333333333 0.38766666666666666 0.0013333333333333333 0.0006666666666666666
2 0.9053333333333333 0.387 0.0013333333333333333 0.002
2 0.901 0.38666666666666666 0.002 0.0026666666666666666
2 0.879 0.385 0.002 0.002
2 0.914 0.38066666666666665 0.0026666666666666666 0.0013333333333333333
2 0.8903333333333333 0.38033333333333336 0.0033333333333333335 0.002
2 0.8766666666666667 0.38166666666666665 0.004 0.004666666666666667
2 0.9033333333333333 0.37833333333333335 0.0013333333333333333 0.002
2 0.873 0.37766666666666665 0.002 0.002
2 0.8706666666666667 0.37733333333333335 0.0013333333333333333 0.0013333333333333333
2 0.865 0.377 0.0033333333333333335 0.0033333333333333335
2 0.8503333333333334 0.37733333333333335 0.006 0.004
2 0.8506666666666667 0.373 0.0013333333333333333 0.0006666666666666666
2 0.936 0.37266666666666665 0.0013333333333333333 0.0013333333333333333
2 0.83 0.37233333333333335 0.0013333333333333333 0.0006666666666666666
2 0.8626666666666667 0.37266666666666665 0.0013333333333333333 0.0026666666666666666
2 0.847 0.36966666666666664 0.0006666666666666666 0.0006666666666666666
2 0.8983333333333333 0.369 0.0006666666666666666 0.0006666666666666666
2 0.797 0.36966666666666664 0.002 0.002
2 0.8436666666666667 0.36866666666666664 0.0006666666666666666 0.0013333333333333333
2 0.834 0.369 0.0013333333333333333 0.002
2 0.8063333333333333 0.36833333333333335 0.0006666666666666666 0.0006666666666666666
2 0.8243333333333334 0.36766666666666664 0.0033333333333333335 0.002
2 0.786 0.36666666666666664 0.0013333333333333333 0.0013333333333333333
2 0.8576666666666667 0.365 0.0006666666666666666 0.0006666666666666666
2 0.8063333333333333 0.36533333333333334 0.0033333333333333335 0.0026666666666666666
2 0.8016666666666666 0.36533333333333334 0.0033333333333333335 0.0026666666666666666
2 0.782 0.364 0.0013333333333333333 0.0013333333333333333
2 0.792 0.363 0.0013333333333333333 0.0006666666666666666
2 0.8513333333333334 0.36233333333333334 0.0013333333333333333 0.002
2 0.806 0.362 0.0013333333333333333 0.0013333333333333333
2 0.784 0.36233333333333334 0.0013333333333333333 0.002
2 0.7736666666666666 0.3616666666666667 0.0006666666666666666 0.0006666666666666666
2 0.8146666666666667 0.3616666666666667 0.0026666666666666666 0.002
2 0.7766666666666666 0.3616666666666667 0.0026666666666666666 0.002
2 0.8383333333333334 0.361 0.0006666666666666666 0.002
2 0.8926666666666667 0.3586666666666667 0.0013333333333333333 0.0013333333333333333
2 0.7533333333333333 0.3616666666666667 0.006666666666666667 0.007333333333333333
2 0.7576666666666667 0.35733333333333334 0.002 0.0013333333333333333
2 0.7516666666666667 0.357 0.0006666666666666666 0.0006666666666666666
2 0.7923333333333333 0.3566666666666667 0.002 0.0013333333333333333
2 0.782 0.3576666666666667 0.0026666666666666666 0.0033333333333333335
2 0.917 0.35633333333333334 0.002 0.002
2 0.7703333333333333 0.35633333333333334 0.002 0.002
2 0.775 0.3566666666666667 0.0033333333333333335 0.004
2 0.7656666666666667 0.3556666666666667 0.002 0.002
2 0.901 0.35433333333333333 0.002 0.002
2 0.755 0.35433333333333333 0.002 0.002
2 0.767 0.353 0.0006666666666666666 0.0006666666666666666
2 0.7323333333333333 0.35333333333333333 0.002 0.0026666666666666666
2 0.7243333333333334 0.3516666666666667 0.002 0.002
2 0.719 0.3516666666666667 0.002 0.002
2 0.8896666666666667 0.35033333333333333 0.0006666666666666666 0.0006666666666666666
2 0.9383333333333334 0.3496666666666667 0.002 0.002
2 0.7106666666666667 0.3496666666666667 0.0013333333333333333 0.002
2 0.7333333333333333 0.349 0.0013333333333333333 0.002
2 0.822 0.348 0.0013333333333333333 0.0013333333333333333
2 0.8923333333333333 0.3463333333333333 0.0006666666666666666 0.002
2 0.7326666666666667 0.3456666666666667 0.0013333333333333333 0.0006666666666666666
2 0.8516666666666667 0.3446666666666667 0.0033333333333333335 0.0026666666666666666
2 0.8836666666666667 0.3436666666666667 0.002 0.002
2 0.6906666666666667 0.344 0.0013333333333333333 0.0026666666666666666
2 0.6856666666666666 0.3426666666666667 0.002 0.004
2 0.829 0.3413333333333333 0.0033333333333333335 0.0026666666666666666
2 0.679 0.3396666666666667 0.0006666666666666666 0.0006666666666666666
2 0.6606666666666666 0.34 0.0026666666666666666 0.0026666666666666666
2 0.833 0.3383333333333333 0.0006666666666666666 0.0006666666666666666
2 0.823 0.339 0.0033333333333333335 0.002
2 0.8303333333333334 0.3363333333333333 0.0006666666666666666 0.0006666666666666666
2 0.8503333333333334 0.33566666666666667 0.0006666666666666666 0.0006666666666666666
2 0.8356666666666667 0.335 0.0006666666666666666 0.0006666666666666666
2 0.676 0.33666666666666667 0.005333333333333333 0.004
2 0.6536666666666666 0.33466666666666667 0.0006666666666666666 0.0013333333333333333
2 0.6516666666666666 0.3353333333333333 0.002 0.0026666666666666666
2 0.8216666666666667 0.334 0.002 0.0013333333333333333
2 0.7723333333333333 0.33166666666666667 0.0006666666666666666 0.0006666666666666666
2 0.7663333333333333 0.3303333333333333 0.002 0.0006666666666666666
2 0.635 0.331 0.002 0.002
2 0.8253333333333334 0.33 0.0026666666666666666 0.0026666666666666666
2 0.8023333333333333 0.3283333333333333 0.0006666666666666666 0.0006666666666666666
2 0.6256666666666667 0.32866666666666666 0.0033333333333333335 0.0026666666666666666
2 0.7576666666666667 0.3273333333333333 0.002 0.0013333333333333333
2 0.6326666666666667 0.328 0.0013333333333333333 0.0026666666666666666
2 0.7613333333333333 0.3253333333333333 0.0013333333333333333 0.0013333333333333333
2 0.972 0.324 0.0013333333333333333 0.0013333333333333333
2 0.819 0.324 0.0006666666666666666 0.0013333333333333333
2 0.6253333333333333 0.3233333333333333 0.0013333333333333333 0.0026666666666666666
2 0.6036666666666667 0.32166666666666666 0.0006666666666666666 0.0006666666666666666
2 0.5916666666666667 0.32233333333333336 0.002 0.002
2 0.6113333333333333 0.32033333333333336 0.0013333333333333333 0.0006666666666666666
2 0.5896666666666667 0.32 0.0006666666666666666 0.0013333333333333333
2 0.7756666666666666 0.31866666666666665 0.002 0.0013333333333333333
2 0.5863333333333334 0.31933333333333336 0.0033333333333333335 0.0026666666666666666
2 0.7676666666666667 0.318 0.0006666666666666666 0.0013333333333333333
2 0.5816666666666667 0.318 0.0006666666666666666 0.0013333333333333333
2 0.767 0.316 0.0006666666666666666 0.0013333333333333333
2 0.747 0.315 0.0006666666666666666 0.0006666666666666666
2 0.5693333333333334 0.31566666666666665 0.004 0.002
2 0.7603333333333333 0.31533333333333335 0.002 0.0026666666666666666
2 0.819 0.314 0.0006666666666666666 0.0013333333333333333
2 0.7123333333333334 0.31266666666666665 0.002 0.0013333333333333333
2 0.8223333333333334 0.31166666666666665 0.0006666666666666666 0.0006666666666666666
2 0.75 0.31233333333333335 0.0026666666666666666 0.002
2 0.5616666666666666 0.31266666666666665 0.002 0.0026666666666666666
2 0.5766666666666667 0.313 0.0026666666666666666 0.004666666666666667
2 0.764 0.311 0.0026666666666666666 0.002
2 0.7743333333333333 0.30966666666666665 0.0006666666666666666 0.0006666666666666666
2 0.6963333333333334 0.30966666666666665 0.002 0.002
2 0.669 0.30933333333333335 0.0006666666666666666 0.0013333333333333333
2 0.749 0.30866666666666664 0.002 0.0013333333333333333
2 0.544 0.312 0.004 0.008
2 0.5286666666666666 0.30933333333333335 0.004 0.0026666666666666666
2 0.7336666666666667 0.30766666666666664 0.0006666666666666666 0.0006666666666666666
2 0.535 0.307 0.002 0.0006666666666666666
2 0.761 0.307 0.002 0.002
2 0.7523333333333333 0.30633333333333335 0.002 0.002
2 0.7716666666666666 0.305 0.002 0.002
2 0.6736666666666666 0.30533333333333335 0.002 0.0026666666666666666
2 0.5123333333333333 0.30466666666666664 0.004666666666666667 0.004
2 0.507 0.30233333333333334 0.0006666666666666666 0.0006666666666666666
2 0.5016666666666667 0.30233333333333334 0.0006666666666666666 0.0006666666666666666
2 0.47633333333333333 0.30233333333333334 0.0006666666666666666 0.0006666666666666666
2 0.6576666666666666 0.30233333333333334 0.002 0.002
2 0.7216666666666667 0.30133333333333334 0.002 0.0013333333333333333
2 0.716 0.301 0.0013333333333333333 0.002
2 0.481 0.30033333333333334 0.0006666666666666666 0.0006666666666666666
2 0.7483333333333333 0.2996666666666667 0.0006666666666666666 0.0006666666666666666
2 0.6546666666666666 0.3 0.0013333333333333333 0.0013333333333333333
2 0.958 0.2986666666666667 0.0013333333333333333 0.0013333333333333333
2 0.6133333333333333 0.29833333333333334 0.0013333333333333333 0.002
2 0.47733333333333333 0.298 0.0013333333333333333 0.0013333333333333333
2 0.6796666666666666 0.2966666666666667 0.002 0.0013333333333333333
2 0.44133333333333336 0.2966666666666667 0.0013333333333333333 0.0013333333333333333
2 0.746 0.29633333333333334 0.0026666666666666666 0.0033333333333333335
2 0.7786666666666666 0.2946666666666667 0.0013333333333333333 0.0013333333333333333
2 0.6113333333333333 0.2946666666666667 0.0013333333333333333 0.0013333333333333333
2 0.7216666666666667 0.2936666666666667 0.0006666666666666666 0.0006666666666666666
2 0.45966666666666667 0.29433333333333334 0.0033333333333333335 0.002
2 0.9673333333333334 0.29333333333333333 0.0013333333333333333 0.0013333333333333333
2 0.455 0.293 0.0006666666666666666 0.0006666666666666666
2 0.7346666666666667 0.2926666666666667 0.0013333333333333333 0.0013333333333333333
2 0.44466666666666665 0.294 0.005333333333333333 0.004
2 0.628 0.2916666666666667 0.0013333333333333333 0.0006666666666666666
2 0.6003333333333334 0.2916666666666667 0.0006666666666666666 0.0006666666666666666
2 0.895 0.29033333333333333 0.0006666666666666666 0.0006666666666666666
2 0.75 0.2906666666666667 0.0013333333333333333 0.0013333333333333333
2 0.7816666666666666 0.2906666666666667 0.002 0.0026666666666666666
2 0.586 0.29 0.0013333333333333333 0.0013333333333333333
2 0.5816666666666667 0.29 0.0006666666666666666 0.0013333333333333333
2 0.9596666666666667 0.2906666666666667 0.0033333333333333335 0.004
2 0.9696666666666667 0.2876666666666667 0.0006666666666666666 0.0006666666666666666
2 0.687 0.28833333333333333 0.002 0.002
2 0.6126666666666667 0.288 0.0013333333333333333 0.0013333333333333333
2 0.8873333333333333 0.288 0.0013333333333333333 0.0026666666666666666
2 0.8076666666666666 0.287 0.0006666666666666666 0.0006666666666666666
2 0.7686666666666667 0.287 0.0013333333333333333 0.0006666666666666666
2 0.7013333333333334 0.2876666666666667 0.0013333333333333333 0.002
2 0.6063333333333333 0.28833333333333333 0.002 0.0033333333333333335
2 0.8393333333333334 0.2866666666666667 0.0013333333333333333 0.0026666666666666666
2 0.862 0.2856666666666667 0.0013333333333333333 0.002
2 0.792 0.2846666666666667 0.0013333333333333333 0.0013333333333333333
2 0.428 0.2846666666666667 0.0026666666666666666 0.0013333333333333333
2 0.5773333333333334 0.284 0.0013333333333333333 0.0013333333333333333
2 0.4093333333333333 0.2846666666666667 0.0026666666666666666 0.0026666666666666666
2 0.9696666666666667 0.283 0.002 0.002
2 0.8506666666666667 0.2823333333333333 0.0013333333333333333 0.0006666666666666666
2 0.802 0.2833333333333333 0.0026666666666666666 0.0026666666666666666
2 0.6416666666666667 0.2823333333333333 0.0006666666666666666 0.0006666666666666666
2 0.595 0.2823333333333333 0.0006666666666666666 0.0006666666666666666
2 0.8176666666666667 0.282 0.0006666666666666666 0.0013333333333333333
2 0.5896666666666667 0.2836666666666667 0.0033333333333333335 0.004666666666666667
2 0.5676666666666667 0.282 0.0006666666666666666 0.0013333333333333333
2 0.5406666666666666 0.281 0.0013333333333333333 0.0006666666666666666
2 0.7963333333333333 0.2813333333333333 0.002 0.0026666666666666666
2 0.7623333333333333 0.281 0.002 0.002
2 0.6286666666666667 0.281 0.0026666666666666666 0.002
2 0.5746666666666667 0.2806666666666667 0.0013333333333333333 0.0013333333333333333
2 0.5713333333333334 0.2803333333333333 0.0013333333333333333 0.0006666666666666666
2 0.5033333333333333 0.2813333333333333 0.0026666666666666666 0.0026666666666666666
2 0.9063333333333333 0.2803333333333333 0.002 0.002
2 0.776 0.28 0.0013333333333333333 0.0013333333333333333
2 0.6063333333333333 0.28 0.002 0.0013333333333333333
2 0.43433333333333335 0.2796666666666667 0.0006666666666666666 0.0006666666666666666
2 0.9886666666666667 0.2796666666666667 0.0013333333333333333 0.002
2 0.4013333333333333 0.279 0.0013333333333333333 0.0006666666666666666
2 0.9143333333333333 0.2783333333333333 0.0006666666666666666 0.0006666666666666666
2 0.8643333333333333 0.2783333333333333 0.0006666666666666666 0.0006666666666666666
2 0.803 0.2783333333333333 0.0006666666666666666 0.0006666666666666666
2 0.6473333333333333 0.2786666666666667 0.0013333333333333333 0.0013333333333333333
2 0.367 0.2786666666666667 0.002 0.0013333333333333333
2 0.973 0.2776666666666667 0.0006666666666666666 0.0006666666666666666
2 0.9483333333333334 0.2806666666666667 0.002 0.006666666666666667
2 0.62 0.2783333333333333 0.0026666666666666666 0.002
2 0.5163333333333333 0.2783333333333333 0.002 0.002
2 0.5066666666666667 0.2786666666666667 0.0013333333333333333 0.0026666666666666666
2 0.38766666666666666 0.278 0.0006666666666666666 0.0013333333333333333
2 0.876 0.2776666666666667 0.0013333333333333333 0.002
2 0.6393333333333333 0.2776666666666667 0.0013333333333333333 0.002
2 0.8723333333333333 0.2763333333333333 0.0006666666666666666 0.0006666666666666666
2 0.8416666666666667 0.2763333333333333 0.0006666666666666666 0.0006666666666666666
2 0.6253333333333333 0.277 0.0026666666666666666 0.002
2 0.591 0.277 0.002 0.002
2 0.5783333333333334 0.2776666666666667 0.0033333333333333335 0.0033333333333333335
2 0.5286666666666666 0.277 0.0013333333333333333 0.002
2 0.455 0.2763333333333333 0.0006666666666666666 0.0006666666666666666
2 0.383 0.27666666666666667 0.0006666666666666666 0.0013333333333333333
2 0.9936666666666667 0.27566666666666667 0.0006666666666666666 0.0006666666666666666
2 0.947 0.27566666666666667 0.0006666666666666666 0.0006666666666666666
2 0.8663333333333333 0.276 0.0006666666666666666 0.0013333333333333333
2 0.862 0.27566666666666667 0.0013333333333333333 0.0006666666666666666
2 0.584 0.276 0.0013333333333333333 0.0013333333333333333
2 0.36233333333333334 0.27566666666666667 0.0006666666666666666 0.0006666666666666666
2 0.35333333333333333 0.27566666666666667 0.0013333333333333333 0.0006666666666666666
2 0.9386666666666666 0.275 0.0013333333333333333 0.0006666666666666666
2 0.8746666666666667 0.2753333333333333 0.0013333333333333333 0.0013333333333333333
2 0.7476666666666667 0.2753333333333333 0.0006666666666666666 0.0013333333333333333
2 0.9316666666666666 0.277 0.0033333333333333335 0.006
2 0.7853333333333333 0.27466666666666667 0.0013333333333333333 0.0013333333333333333
2 0.6373333333333333 0.2743333333333333 0.0013333333333333333 0.0006666666666666666
2 0.5116666666666667 0.2743333333333333 0.0006666666666666666 0.0006666666666666666
2 0.9736666666666667 0.27366666666666667 0.0006666666666666666 0.0006666666666666666
2 0.799 0.27366666666666667 0.0006666666666666666 0.0006666666666666666
2 0.703 0.27366666666666667 0.0006666666666666666 0.0006666666666666666
2 0.677 0.27366666666666667 0.0006666666666666666 0.0006666666666666666
2 0.6353333333333333 0.27366666666666667 0.0013333333333333333 0.0006666666666666666
2 0.46166666666666667 0.27366666666666667 0.0006666666666666666 0.0006666666666666666
2 0.9533333333333334 0.27366666666666667 0.0013333333333333333 0.002
2 0.8826666666666667 0.2733333333333333 0.0013333333333333333 0.0013333333333333333
2 0.5693333333333334 0.2743333333333333 0.0013333333333333333 0.0033333333333333335
2 0.563 0.275 0.0033333333333333335 0.004666666666666667
2 0.5336666666666666 0.274 0.002 0.0026666666666666666
2 0.519 0.27366666666666667 0.0006666666666666666 0.002
2 0.7646666666666667 0.27266666666666667 0.0013333333333333333 0.0013333333333333333
2 0.6426666666666667 0.274 0.0026666666666666666 0.004
2 0.5136666666666667 0.2723333333333333 0.0006666666666666666 0.0006666666666666666
2 0.5046666666666667 0.27266666666666667 0.0013333333333333333 0.0013333333333333333
2 0.7783333333333333 0.2723333333333333 0.002 0.002
2 0.3496666666666667 0.27166666666666667 0.0006666666666666666 0.0006666666666666666
2 0.33566666666666667 0.27166666666666667 0.0006666666666666666 0.0006666666666666666
2 0.939 0.27166666666666667 0.002 0.002
2 0.793 0.271 0.0006666666666666666 0.0006666666666666666
2 0.6746666666666666 0.2713333333333333 0.0013333333333333333 0.0013333333333333333
2 0.5803333333333334 0.271 0.0006666666666666666 0.0006666666666666666
2 0.49733333333333335 0.27166666666666667 0.0026666666666666666 0.002
2 0.47633333333333333 0.271 0.0006666666666666666 0.0006666666666666666
2 0.45366666666666666 0.27166666666666667 0.002 0.002
2 0.6266666666666667 0.271 0.0013333333333333333 0.002
2 0.355 0.2703333333333333 0.0006666666666666666 0.0006666666666666666
2 0.3323333333333333 0.27066666666666667 0.002 0.0013333333333333333
2 0.922 0.271 0.0026666666666666666 0.0033333333333333335
2 0.759 0.26966666666666667 0.0006666666666666666 0.0006666666666666666
2 0.5946666666666667 0.2733333333333333 0.006666666666666667 0.008
2 0.5846666666666667 0.26966666666666667 0.0013333333333333333 0.0006666666666666666
2 0.5383333333333333 0.27066666666666667 0.0033333333333333335 0.0026666666666666666
2 0.49066666666666664 0.27066666666666667 0.0026666666666666666 0.0026666666666666666
2 0.36966666666666664 0.27066666666666667 0.002 0.0026666666666666666
2 0.363 0.26966666666666667 0.0006666666666666666 0.0006666666666666666
2 0.3416666666666667 0.26966666666666667 0.0006666666666666666 0.0006666666666666666
2 0.9903333333333333 0.269 0.0006666666666666666 0.0006666666666666666
2 0.908 0.2693333333333333 0.0013333333333333333 0.0013333333333333333
2 0.8676666666666667 0.26966666666666667 0.002 0.002
2 0.7376666666666667 0.26966666666666667 0.002 0.002
2 0.634 0.26966666666666667 0.0013333333333333333 0.002
2 0.5583333333333333 0.2703333333333333 0.0033333333333333335 0.0033333333333333335
2 0.5443333333333333 0.26966666666666667 0.0033333333333333335 0.002
2 0.446 0.26966666666666667 0.0026666666666666666 0.002
2 0.3293333333333333 0.27 0.0026666666666666666 0.0026666666666666666
2 0.9363333333333334 0.2693333333333333 0.002 0.0026666666666666666
2 0.7983333333333333 0.26966666666666667 0.002 0.0033333333333333335
2 0.639 0.2693333333333333 0.002 0.0026666666666666666
2 0.5233333333333333 0.2703333333333333 0.0026666666666666666 0.004666666666666667
2 0.31333333333333335 0.2683333333333333 0.0013333333333333333 0.0006666666666666666
2 0.8993333333333333 0.2683333333333333 0.0013333333333333333 0.002
2 0.845 0.26766666666666666 0.0006666666666666666 0.0006666666666666666
2 0.7496666666666667 0.268 0.002 0.0013333333333333333
2 0.578 0.26866666666666666 0.004 0.0026666666666666666
2 0.5153333333333333 0.2683333333333333 0.004 0.002
2 0.9833333333333333 0.2673333333333333 0.0013333333333333333 0.0013333333333333333
2 0.9633333333333334 0.268 0.0013333333333333333 0.0026666666666666666
2 0.956 0.26866666666666666 0.0013333333333333333 0.004
2 0.873 0.267 0.0006666666666666666 0.0006666666666666666
2 0.6056666666666667 0.269 0.0033333333333333335 0.004666666666666667
2 0.563 0.268 0.0033333333333333335 0.0026666666666666666
2 0.48833333333333334 0.2673333333333333 0.0006666666666666666 0.0013333333333333333
2 0.45966666666666667 0.269 0.002 0.004666666666666667
2 0.9436666666666667 0.267 0.0006666666666666666 0.002
2 0.9216666666666666 0.2663333333333333 0.0006666666666666666 0.0006666666666666666
2 0.839 0.26666666666666666 0.0006666666666666666 0.0013333333333333333
2 0.4656666666666667 0.26766666666666666 0.0033333333333333335 0.0033333333333333335
2 0.31666666666666665 0.26766666666666666 0.0026666666666666666 0.0033333333333333335
2 0.31133333333333335 0.267 0.0013333333333333333 0.002
2 0.53 0.2683333333333333 0.005333333333333333 0.006
2 0.9526666666666667 0.2653333333333333 0.0013333333333333333 0.0013333333333333333
2 0.929 0.266 0.002 0.0026666666666666666
2 0.878 0.2653333333333333 0.0013333333333333333 0.0013333333333333333
2 0.8033333333333333 0.2653333333333333 0.0013333333333333333 0.0013333333333333333
2 0.7943333333333333 0.265 0.0006666666666666666 0.0006666666666666666
2 0.7336666666666667 0.26566666666666666 0.002 0.002
2 0.686 0.2653333333333333 0.0013333333333333333 0.0013333333333333333
2 0.8836666666666667 0.2643333333333333 0.0006666666666666666 0.0006666666666666666
2 0.7756666666666666 0.266 0.002 0.004
2 0.77 0.2653333333333333 0.0013333333333333333 0.0026666666666666666
2 0.5883333333333334 0.26566666666666666 0.0033333333333333335 0.0033333333333333335
2 0.584 0.2653333333333333 0.0026666666666666666 0.0026666666666666666
2 0.3616666666666667 0.2653333333333333 0.002 0.0026666666666666666
2 0.9983333333333333 0.2643333333333333 0.002 0.002
2 0.986 0.264 0.0013333333333333333 0.0013333333333333333
2 0.9753333333333334 0.264 0.0026666666666666666 0.0013333333333333333
2 0.9143333333333333 0.264 0.0006666666666666666 0.0013333333333333333
2 0.8433333333333334 0.264 0.0013333333333333333 0.0013333333333333333
2 0.8296666666666667 0.264 0.002 0.0013333333333333333
2 0.7606666666666667 0.265 0.0026666666666666666 0.0033333333333333335
2 0.683 0.264 0.0006666666666666666 0.0013333333333333333
2 0.6346666666666667 0.264 0.0013333333333333333 0.0013333333333333333
2 0.5496666666666666 0.2673333333333333 0.006 0.008
2 0.5206666666666667 0.2653333333333333 0.005333333333333333 0.004
2 0.48533333333333334 0.2643333333333333 0.0026666666666666666 0.002
2 0.43533333333333335 0.266 0.0026666666666666666 0.005333333333333333
2 0.4196666666666667 0.265 0.0033333333333333335 0.0033333333333333335
2 0.3473333333333333 0.26366666666666666 0.0013333333333333333 0.0006666666666666666
2 0.30033333333333334 0.264 0.0006666666666666666 0.0013333333333333333
2 0.9693333333333334 0.26466666666666666 0.0026666666666666666 0.004
2 0.738 0.264 0.0013333333333333333 0.0026666666666666666
2 0.63 0.2643333333333333 0.0026666666666666666 0.0033333333333333335
2 0.6013333333333334 0.2633333333333333 0.0013333333333333333 0.0013333333333333333
2 0.5416666666666666 0.2653333333333333 0.007333333333333333 0.005333333333333333
2 0.913 0.26266666666666666 0.002 0.0013333333333333333
2 0.908 0.26366666666666666 0.004 0.0033333333333333335
2 0.877 0.26266666666666666 0.0006666666666666666 0.0013333333333333333
2 0.7726666666666666 0.263 0.0026666666666666666 0.002
2 0.746 0.26266666666666666 0.0013333333333333333 0.0013333333333333333
2 0.7316666666666667 0.263 0.002 0.002
2 0.5536666666666666 0.26366666666666666 0.0033333333333333335 0.0033333333333333335
2 0.8273333333333334 0.262 0.0013333333333333333 0.0013333333333333333
2 0.781 0.26366666666666666 0.002 0.004666666666666667
2 0.6543333333333333 0.26166666666666666 0.0006666666666666666 0.0006666666666666666
2 0.5673333333333334 0.26266666666666666 0.0026666666666666666 0.0026666666666666666
2 0.5023333333333333 0.262 0.0006666666666666666 0.0013333333333333333
2 0.46266666666666667 0.26366666666666666 0.004 0.004666666666666667
2 0.36566666666666664 0.26166666666666666 0.0006666666666666666 0.0006666666666666666
2 0.314 0.263 0.0013333333333333333 0.0033333333333333335
2 0.8573333333333333 0.2613333333333333 0.0013333333333333333 0.0013333333333333333
2 0.8356666666666667 0.262 0.002 0.0026666666666666666
2 0.7863333333333333 0.2613333333333333 0.0033333333333333335 0.0013333333333333333
2 0.74 0.2613333333333333 0.0013333333333333333 0.0013333333333333333
2 0.6216666666666667 0.261 0.0006666666666666666 0.0006666666666666666
2 0.5263333333333333 0.26266666666666666 0.0033333333333333335 0.004
2 0.9926666666666667 0.26066666666666666 0.0013333333333333333 0.0013333333333333333
2 0.775 0.261 0.002 0.002
2 0.6413333333333333 0.26066666666666666 0.0013333333333333333 0.0013333333333333333
2 0.5723333333333334 0.26166666666666666 0.0033333333333333335 0.0033333333333333335
2 0.5596666666666666 0.26033333333333336 0.0006666666666666666 0.0006666666666666666
2 0.5066666666666667 0.2613333333333333 0.0026666666666666666 0.0026666666666666666
2 0.47333333333333333 0.265 0.014666666666666666 0.01
2 0.8213333333333334 0.26166666666666666 0.006666666666666667 0.004666666666666667
2 0.7423333333333333 0.25966666666666666 0.0006666666666666666 0.0006666666666666666
2 0.5986666666666667 0.26 0.0013333333333333333 0.0013333333333333333
2 0.539 0.26033333333333336 0.004666666666666667 0.002
2 0.519 0.26 0.0006666666666666666 0.0013333333333333333
2 0.8383333333333334 0.25966666666666666 0.002 0.002
2 0.7596666666666667 0.26 0.004666666666666667 0.0026666666666666666
2 0.6876666666666666 0.25933333333333336 0.0006666666666666666 0.0013333333333333333
2 0.45266666666666666 0.26 0.0013333333333333333 0.0026666666666666666
2 0.44766666666666666 0.2613333333333333 0.004666666666666667 0.005333333333333333
2 0.3606666666666667 0.25966666666666666 0.0026666666666666666 0.002
2 0.829 0.259 0.0033333333333333335 0.002
2 0.723 0.25933333333333336 0.002 0.0026666666666666666
2 0.418 0.26033333333333336 0.0013333333333333333 0.004666666666666667
2 0.411 0.26033333333333336 0.004666666666666667 0.004666666666666667
2 0.344 0.259 0.0026666666666666666 0.002
2 0.276 0.25866666666666666 0.0013333333333333333 0.0013333333333333333
2 0.8666666666666667 0.25833333333333336 0.0026666666666666666 0.002
2 0.7996666666666666 0.25866666666666666 0.0033333333333333335 0.0026666666666666666
2 0.5233333333333333 0.258 0.0013333333333333333 0.0013333333333333333
2 0.4736666666666667 0.25866666666666666 0.0033333333333333335 0.0026666666666666666
2 0.403 0.26066666666666666 0.006 0.006666666666666667
2 0.298 0.25833333333333336 0.0013333333333333333 0.002
2 0.9083333333333333 0.25766666666666665 0.0033333333333333335 0.002
2 0.8386666666666667 0.257 0.0013333333333333333 0.0006666666666666666
2 0.7506666666666667 0.257 0.0013333333333333333 0.0006666666666666666
2 0.6533333333333333 0.25733333333333336 0.0026666666666666666 0.0013333333333333333
2 0.327 0.258 0.002 0.0026666666666666666
2 0.9603333333333334 0.259 0.006 0.006
2 0.9006666666666666 0.25766666666666665 0.0026666666666666666 0.0033333333333333335
2 0.8193333333333334 0.25666666666666665 0.0026666666666666666 0.0013333333333333333
2 0.618 0.25666666666666665 0.0013333333333333333 0.0013333333333333333
2 0.9926666666666667 0.25666666666666665 0.0013333333333333333 0.0026666666666666666
2 0.6663333333333333 0.25566666666666665 0.0006666666666666666 0.0006666666666666666
2 0.611 0.257 0.002 0.0033333333333333335
2 0.562 0.25666666666666665 0.0013333333333333333 0.0026666666666666666
2 0.3353333333333333 0.257 0.0026666666666666666 0.0033333333333333335
2 0.319 0.25633333333333336 0.002 0.002
2 0.9423333333333334 0.256 0.002 0.0026666666666666666
2 0.8556666666666667 0.255 0.0006666666666666666 0.0006666666666666666
2 0.836 0.256 0.0013333333333333333 0.0026666666666666666
2 0.795 0.255 0.0006666666666666666 0.0006666666666666666
2 0.71 0.255 0.0013333333333333333 0.0006666666666666666
2 0.694 0.25566666666666665 0.0026666666666666666 0.002
2 0.6373333333333333 0.256 0.0026666666666666666 0.0026666666666666666
2 0.5303333333333333 0.26 0.011333333333333334 0.010666666666666666
2 0.3453333333333333 0.25533333333333336 0.0013333333333333333 0.0013333333333333333
2 0.9766666666666667 0.255 0.0013333333333333333 0.002
2 0.8453333333333334 0.255 0.0013333333333333333 0.002
2 0.6443333333333333 0.25466666666666665 0.0006666666666666666 0.0013333333333333333
2 0.632 0.257 0.005333333333333333 0.006
2 0.9986666666666667 0.25433333333333336 0.0026666666666666666 0.002
2 0.9223333333333333 0.25433333333333336 0.002 0.002
2 0.812 0.254 0.0013333333333333333 0.0013333333333333333
2 0.6873333333333334 0.25566666666666665 0.0026666666666666666 0.004666666666666667
2 0.658 0.254 0.0013333333333333333 0.0013333333333333333
2 0.5903333333333334 0.255 0.0033333333333333335 0.0033333333333333335
2 0.52 0.25533333333333336 0.004 0.004
2 0.9573333333333334 0.25333333333333335 0.0013333333333333333 0.0013333333333333333
2 0.874 0.25366666666666665 0.0013333333333333333 0.002
2 0.832 0.25333333333333335 0.0013333333333333333 0.0013333333333333333
2 0.8246666666666667 0.254 0.0026666666666666666 0.0026666666666666666
2 0.7303333333333333 0.253 0.0006666666666666666 0.0006666666666666666
2 0.9143333333333333 0.25333333333333335 0.0006666666666666666 0.0026666666666666666
2 0.805 0.25433333333333336 0.0033333333333333335 0.004666666666666667
2 0.742 0.255 0.004 0.006
2 0.6483333333333333 0.253 0.002 0.002
2 0.617 0.25266666666666665 0.0006666666666666666 0.0013333333333333333
2 0.9063333333333333 0.25233333333333335 0.002 0.002
2 0.8223333333333334 0.252 0.002 0.0013333333333333333
2 0.7256666666666667 0.25166666666666665 0.0006666666666666666 0.0006666666666666666
2 0.5543333333333333 0.25333333333333335 0.002 0.004
2 0.9496666666666667 0.25233333333333335 0.002 0.0033333333333333335
2 0.9216666666666666 0.251 0.0006666666666666666 0.0006666666666666666
2 0.79 0.25266666666666665 0.004 0.004
2 0.7743333333333333 0.252 0.0033333333333333335 0.0026666666666666666
2 0.748 0.25166666666666665 0.0013333333333333333 0.002
2 0.713 0.25233333333333335 0.0033333333333333335 0.0033333333333333335
2 0.7056666666666667 0.25233333333333335 0.002 0.0033333333333333335
2 0.6986666666666667 0.25166666666666665 0.0026666666666666666 0.002
2 0.685 0.252 0.0006666666666666666 0.0026666666666666666
2 0.6703333333333333 0.251 0.0006666666666666666 0.0006666666666666666
2 0.638 0.25166666666666665 0.0013333333333333333 0.002
2 0.568 0.254 0.005333333333333333 0.006666666666666667
2 0.9436666666666667 0.25133333333333335 0.002 0.0026666666666666666
2 0.8523333333333334 0.25066666666666665 0.0006666666666666666 0.0013333333333333333
2 0.731 0.25033333333333335 0.0006666666666666666 0.0006666666666666666
2 0.6033333333333334 0.25233333333333335 0.0013333333333333333 0.004666666666666667
2 0.581 0.254 0.006 0.008
2 0.9013333333333333 0.252 0.0026666666666666666 0.005333333333333333
2 0.8393333333333334 0.25266666666666665 0.004 0.006666666666666667
2 0.7943333333333333 0.25 0.0006666666666666666 0.0013333333333333333
2 0.7676666666666667 0.25066666666666665 0.0033333333333333335 0.0026666666666666666
2 0.762 0.25166666666666665 0.0026666666666666666 0.004666666666666667
2 0.6583333333333333 0.25066666666666665 0.002 0.0026666666666666666
2 0.6426666666666667 0.25066666666666665 0.0013333333333333333 0.0026666666666666666
2 0.9686666666666667 0.24933333333333332 0.0013333333333333333 0.0013333333333333333
2 0.8356666666666667 0.24933333333333332 0.0006666666666666666 0.0013333333333333333
2 0.7833333333333333 0.25133333333333335 0.0026666666666666666 0.005333333333333333
2 0.9886666666666667 0.24933333333333332 0.0013333333333333333 0.0026666666666666666
2 0.9403333333333334 0.24833333333333332 0.002 0.0006666666666666666
2 0.9293333333333333 0.24866666666666667 0.0013333333333333333 0.0013333333333333333
2 0.8776666666666667 0.24833333333333332 0.0006666666666666666 0.0006666666666666666
2 0.6833333333333333 0.249 0.0013333333333333333 0.002
2 0.5943333333333334 0.24966666666666668 0.004666666666666667 0.0033333333333333335
2 0.9243333333333333 0.24866666666666667 0.004666666666666667 0.0026666666666666666
2 0.866 0.24966666666666668 0.004 0.004666666666666667
2 0.7463333333333333 0.24833333333333332 0.004666666666666667 0.002
2 0.7396666666666667 0.24866666666666667 0.002 0.0026666666666666666
2 0.6343333333333333 0.249 0.0033333333333333335 0.0033333333333333335
2 0.9066666666666666 0.24766666666666667 0.0013333333333333333 0.002
2 0.7743333333333333 0.24733333333333332 0.0006666666666666666 0.0013333333333333333
2 0.7636666666666667 0.24766666666666667 0.002 0.002
2 0.669 0.24833333333333332 0.002 0.0033333333333333335
2 0.6626666666666666 0.24866666666666667 0.0013333333333333333 0.004
2 0.996 0.24766666666666667 0.0026666666666666666 0.0033333333333333335
2 0.7313333333333333 0.24666666666666667 0.0013333333333333333 0.0013333333333333333
2 0.7046666666666667 0.24633333333333332 0.0013333333333333333 0.0006666666666666666
2 0.6846666666666666 0.24666666666666667 0.0013333333333333333 0.0013333333333333333
2 0.654 0.247 0.0013333333333333333 0.002
2 0.689 0.24766666666666667 0.0033333333333333335 0.004666666666666667
2 0.6223333333333333 0.24733333333333332 0.004666666666666667 0.004
2 0.981 0.246 0.0033333333333333335 0.0026666666666666666
2 0.91 0.24666666666666667 0.0026666666666666666 0.004
2 0.893 0.246 0.0033333333333333335 0.0026666666666666666
2 0.8836666666666667 0.245 0.0006666666666666666 0.0006666666666666666
2 0.8493333333333334 0.24633333333333332 0.004 0.0033333333333333335
2 0.6173333333333333 0.246 0.0013333333333333333 0.0026666666666666666
2 0.5596666666666666 0.24933333333333332 0.006 0.009333333333333334
2 0.9406666666666667 0.24466666666666667 0.0013333333333333333 0.0013333333333333333
2 0.8566666666666667 0.245 0.0013333333333333333 0.002
2 0.7443333333333333 0.245 0.002 0.002
2 0.679 0.24966666666666668 0.007333333333333333 0.011333333333333334
2 0.6503333333333333 0.24633333333333332 0.0033333333333333335 0.004666666666666667
2 0.6136666666666667 0.24933333333333332 0.004666666666666667 0.010666666666666666
2 0.5926666666666667 0.24566666666666667 0.0026666666666666666 0.0033333333333333335
2 0.7873333333333333 0.24566666666666667 0.0026666666666666666 0.004666666666666667
2 0.554 0.244 0.0013333333333333333 0.0013333333333333333
2 0.989 0.24366666666666667 0.002 0.002
2 0.9606666666666667 0.24366666666666667 0.0026666666666666666 0.002
2 0.938 0.24333333333333335 0.0013333333333333333 0.0013333333333333333
2 0.806 0.24333333333333335 0.0013333333333333333 0.0013333333333333333
2 0.798 0.245 0.0026666666666666666 0.004666666666666667
2 0.7116666666666667 0.24433333333333335 0.002 0.0033333333333333335
2 0.973 0.24233333333333335 0.0006666666666666666 0.0006666666666666666
2 0.9096666666666666 0.243 0.0006666666666666666 0.002
2 0.8813333333333333 0.24266666666666667 0.0013333333333333333 0.0013333333333333333
2 0.8 0.24266666666666667 0.0013333333333333333 0.0013333333333333333
2 0.701 0.24433333333333335 0.0033333333333333335 0.004666666666666667
2 0.6806666666666666 0.24233333333333335 0.0013333333333333333 0.0006666666666666666
2 0.9403333333333334 0.242 0.002 0.0013333333333333333
2 0.8963333333333333 0.24266666666666667 0.002 0.0026666666666666666
2 0.814 0.242 0.0013333333333333333 0.0013333333333333333
2 0.735 0.24266666666666667 0.002 0.0026666666666666666
2 0.953 0.24266666666666667 0.004666666666666667 0.004
2 0.8413333333333334 0.24133333333333334 0.0013333333333333333 0.0013333333333333333
2 0.7506666666666667 0.24266666666666667 0.0026666666666666666 0.004
2 0.7473333333333333 0.24133333333333334 0.0013333333333333333 0.0013333333333333333
2 0.9863333333333333 0.241 0.002 0.002
2 0.968 0.24033333333333334 0.0013333333333333333 0.0006666666666666666
2 0.9016666666666666 0.242 0.0033333333333333335 0.004
2 0.855 0.24066666666666667 0.0006666666666666666 0.0013333333333333333
2 0.8333333333333334 0.24133333333333334 0.0013333333333333333 0.0026666666666666666
2 0.9993333333333333 0.24033333333333334 0.0013333333333333333 0.002
2 0.9223333333333333 0.24 0.0006666666666666666 0.0013333333333333333
2 0.6823333333333333 0.23966666666666667 0.0006666666666666666 0.0006666666666666666
2 0.6716666666666666 0.24066666666666667 0.002 0.0026666666666666666
2 0.979 0.239 0.0006666666666666666 0.0006666666666666666
2 0.9556666666666667 0.23966666666666667 0.002 0.002
2 0.9366666666666666 0.24033333333333334 0.0013333333333333333 0.0033333333333333335
2 0.898 0.239 0.0013333333333333333 0.0006666666666666666
2 0.884 0.23966666666666667 0.0013333333333333333 0.002
2 0.8126666666666666 0.23966666666666667 0.0013333333333333333 0.002
2 0.749 0.239 0.0006666666666666666 0.0006666666666666666
2 0.7446666666666667 0.23933333333333334 0.0013333333333333333 0.0013333333333333333
2 0.7063333333333334 0.24033333333333334 0.002 0.0033333333333333335
2 0.686 0.24033333333333334 0.005333333333333333 0.0033333333333333335
2 0.9913333333333333 0.23866666666666667 0.0013333333333333333 0.0013333333333333333
2 0.9533333333333334 0.23833333333333334 0.0013333333333333333 0.0006666666666666666
2 0.905 0.23833333333333334 0.0006666666666666666 0.0006666666666666666
2 0.8883333333333333 0.23866666666666667 0.0006666666666666666 0.0013333333333333333
2 0.8816666666666667 0.23833333333333334 0.002 0.0006666666666666666
2 0.8263333333333334 0.23966666666666667 0.002 0.0033333333333333335
2 0.822 0.23833333333333334 0.0013333333333333333 0.0006666666666666666
2 0.8056666666666666 0.23866666666666667 0.0006666666666666666 0.0013333333333333333
2 0.675 0.24 0.0033333333333333335 0.004
2 0.998 0.23833333333333334 0.0013333333333333333 0.002
2 0.9343333333333333 0.23833333333333334 0.002 0.002
2 0.916 0.23933333333333334 0.004 0.004
2 0.9123333333333333 0.23766666666666666 0.0006666666666666666 0.0006666666666666666
2 0.757 0.24766666666666667 0.006 0.020666666666666667
2 0.7386666666666667 0.23866666666666667 0.0013333333333333333 0.0026666666666666666
2 0.6486666666666666 0.23833333333333334 0.0026666666666666666 0.002
2 0.9556666666666667 0.237 0.0006666666666666666 0.0006666666666666666
2 0.7846666666666666 0.239 0.0026666666666666666 0.004666666666666667
2 0.952 0.23666666666666666 0.0013333333333333333 0.0013333333333333333
2 0.901 0.23666666666666666 0.0006666666666666666 0.0013333333333333333
2 0.8113333333333334 0.23666666666666666 0.0013333333333333333 0.0013333333333333333
2 0.7876666666666666 0.23666666666666666 0.0033333333333333335 0.0013333333333333333
2 0.7416666666666667 0.23766666666666666 0.002 0.0033333333333333335
2 0.997 0.23566666666666666 0.0006666666666666666 0.0006666666666666666
2 0.8936666666666667 0.236 0.0006666666666666666 0.0013333333333333333
2 0.8786666666666667 0.236 0.0013333333333333333 0.0013333333333333333
2 0.8293333333333334 0.23566666666666666 0.0013333333333333333 0.0006666666666666666
2 0.797 0.23666666666666666 0.002 0.0026666666666666666
2 0.752 0.236 0.0013333333333333333 0.0013333333333333333
2 0.964 0.236 0.0026666666666666666 0.0026666666666666666
2 0.867 0.23733333333333334 0.0033333333333333335 0.005333333333333333
2 0.8243333333333334 0.236 0.0033333333333333335 0.0026666666666666666
2 0.8153333333333334 0.23533333333333334 0.0013333333333333333 0.0013333333333333333
2 0.7253333333333334 0.237 0.005333333333333333 0.004666666666666667
2 0.714 0.24033333333333334 0.006666666666666667 0.011333333333333334
2 0.7083333333333334 0.23533333333333334 0.0006666666666666666 0.0013333333333333333
2 0.929 0.23566666666666666 0.0033333333333333335 0.0033333333333333335
2 0.903 0.23433333333333334 0.0006666666666666666 0.0006666666666666666
2 0.857 0.235 0.002 0.002
2 0.8183333333333334 0.23566666666666666 0.002 0.0033333333333333335
2 0.8093333333333333 0.23466666666666666 0.0013333333333333333 0.0013333333333333333
2 0.719 0.23533333333333334 0.002 0.0026666666666666666
2 0.9706666666666667 0.234 0.0013333333333333333 0.0013333333333333333
2 0.9536666666666667 0.23433333333333334 0.002 0.002
2 0.9436666666666667 0.23533333333333334 0.002 0.004
2 0.9143333333333333 0.23433333333333334 0.0033333333333333335 0.002
2 0.8713333333333333 0.234 0.0026666666666666666 0.0013333333333333333
2 0.7296666666666667 0.23366666666666666 0.0006666666666666666 0.0006666666666666666
2 0.9783333333333334 0.235 0.002 0.004666666666666667
2 0.9483333333333334 0.23233333333333334 0.0006666666666666666 0.0006666666666666666
2 0.8983333333333333 0.23333333333333334 0.002 0.0026666666666666666
2 0.8846666666666667 0.23466666666666666 0.004 0.005333333333333333
2 0.8506666666666667 0.23533333333333334 0.005333333333333333 0.006666666666666667
2 0.8356666666666667 0.23333333333333334 0.002 0.0026666666666666666
2 0.785 0.23333333333333334 0.002 0.0026666666666666666
2 0.76 0.238 0.008 0.012
2 0.7336666666666667 0.233 0.002 0.002
2 0.9256666666666666 0.23166666666666666 0.0006666666666666666 0.0006666666666666666
2 0.9226666666666666 0.23366666666666666 0.004 0.006
2 0.8026666666666666 0.23133333333333334 0.0013333333333333333 0.0013333333333333333
2 0.7936666666666666 0.23166666666666666 0.002 0.002
2 0.969 0.23066666666666666 0.002 0.0026666666666666666
2 0.918 0.23066666666666666 0.0026666666666666666 0.0026666666666666666
2 0.906 0.23366666666666666 0.008 0.008666666666666666
2 0.8456666666666667 0.23 0.0006666666666666666 0.0013333333333333333
2 0.811 0.22966666666666666 0.0006666666666666666 0.0006666666666666666
2 0.801 0.23 0.0006666666666666666 0.0013333333333333333
2 0.7593333333333333 0.22966666666666666 0.0013333333333333333 0.0006666666666666666
2 0.6836666666666666 0.23366666666666666 0.004666666666666667 0.008666666666666666
2 0.9953333333333333 0.22966666666666666 0.0026666666666666666 0.002
2 0.878 0.22966666666666666 0.0013333333333333333 0.002
2 0.8736666666666667 0.22966666666666666 0.0006666666666666666 0.002
2 0.841 0.23166666666666666 0.002 0.006
2 0.8276666666666667 0.22933333333333333 0.002 0.0013333333333333333
2 0.821 0.23 0.002 0.0026666666666666666
2 0.8076666666666666 0.23066666666666666 0.0033333333333333335 0.004
2 0.747 0.229 0.0006666666666666666 0.0006666666666666666
2 0.9483333333333334 0.22866666666666666 0.002 0.0013333333333333333
2 0.8236666666666667 0.229 0.002 0.002
2 0.8146666666666667 0.22966666666666666 0.0013333333333333333 0.0033333333333333335
2 0.921 0.228 0.002 0.0013333333333333333
2 0.7303333333333333 0.22866666666666666 0.002 0.0026666666666666666
2 0.9606666666666667 0.22733333333333333 0.0013333333333333333 0.0013333333333333333
2 0.8513333333333334 0.227 0.0013333333333333333 0.0006666666666666666
2 0.804 0.228 0.004 0.0026666666666666666
2 0.7946666666666666 0.22766666666666666 0.0026666666666666666 0.002
2 0.9676666666666667 0.22666666666666666 0.002 0.0013333333333333333
2 0.8953333333333333 0.227 0.0013333333333333333 0.002
2 0.8823333333333333 0.229 0.004666666666666667 0.006
2 0.7243333333333334 0.229 0.007333333333333333 0.006
2 0.912 0.228 0.005333333333333333 0.005333333333333333
2 0.8703333333333333 0.22566666666666665 0.0006666666666666666 0.0006666666666666666
2 0.9446666666666667 0.226 0.0013333333333333333 0.0026666666666666666
2 0.9316666666666666 0.22833333333333333 0.004666666666666667 0.007333333333333333
2 0.9173333333333333 0.226 0.004 0.0026666666666666666
2 0.8803333333333333 0.22566666666666665 0.002 0.002
2 0.813 0.226 0.002 0.0026666666666666666
2 0.798 0.22533333333333333 0.0013333333333333333 0.0013333333333333333
2 0.7923333333333333 0.225 0.0006666666666666666 0.0006666666666666666
2 0.7843333333333333 0.226 0.002 0.0026666666666666666
2 0.6966666666666667 0.22533333333333333 0.0013333333333333333 0.0013333333333333333
2 0.988 0.226 0.0026666666666666666 0.004
2 0.9256666666666666 0.22733333333333333 0.004666666666666667 0.006666666666666667
2 0.994 0.224 0.0013333333333333333 0.0013333333333333333
2 0.8816666666666667 0.22366666666666668 0.002 0.002
2 0.902 0.22533333333333333 0.005333333333333333 0.006666666666666667
2 0.8666666666666667 0.224 0.0013333333333333333 0.004
2 0.8313333333333334 0.22333333333333333 0.0013333333333333333 0.0026666666666666666
2 0.8186666666666667 0.22466666666666665 0.0026666666666666666 0.005333333333333333
2 0.9666666666666667 0.22166666666666668 0.0013333333333333333 0.0006666666666666666
2 0.9596666666666667 0.223 0.002 0.0033333333333333335
2 0.937 0.22266666666666668 0.002 0.0026666666666666666
2 0.906 0.22233333333333333 0.0013333333333333333 0.002
2 0.8746666666666667 0.22433333333333333 0.004 0.006
2 0.8523333333333334 0.22366666666666668 0.004666666666666667 0.004666666666666667
2 0.8033333333333333 0.22233333333333333 0.0013333333333333333 0.002
2 0.9153333333333333 0.22266666666666668 0.0026666666666666666 0.004
2 0.8943333333333333 0.22233333333333333 0.002 0.0033333333333333335
2 0.838 0.22266666666666668 0.004 0.004
2 0.824 0.22366666666666668 0.0026666666666666666 0.006
2 0.813 0.222 0.002 0.0026666666666666666
2 0.8 0.22133333333333333 0.0013333333333333333 0.0013333333333333333
2 0.9776666666666667 0.22066666666666668 0.0006666666666666666 0.0013333333333333333
2 0.912 0.22066666666666668 0.0013333333333333333 0.0013333333333333333
2 0.857 0.22166666666666668 0.006 0.0033333333333333335
2 0.9613333333333334 0.22033333333333333 0.0013333333333333333 0.002
2 0.8646666666666667 0.22 0.0013333333333333333 0.0013333333333333333
2 0.7903333333333333 0.22166666666666668 0.0033333333333333335 0.004666666666666667
2 0.9036666666666666 0.21933333333333332 0.004666666666666667 0.0013333333333333333
2 0.8686666666666667 0.21966666666666668 0.0013333333333333333 0.002
2 0.879 0.21933333333333332 0.0033333333333333335 0.0026666666666666666
2 0.8493333333333334 0.21933333333333332 0.0013333333333333333 0.0026666666666666666
2 0.9983333333333333 0.21866666666666668 0.0033333333333333335 0.0026666666666666666
2 0.9456666666666667 0.21833333333333332 0.0033333333333333335 0.002
2 0.786 0.219 0.0026666666666666666 0.0033333333333333335
2 0.8986666666666666 0.21766666666666667 0.004 0.002
2 0.95 0.21733333333333332 0.0026666666666666666 0.0026666666666666666
2 0.9286666666666666 0.219 0.004 0.006
2 0.8323333333333334 0.21633333333333332 0.0006666666666666666 0.0006666666666666666
2 0.828 0.21733333333333332 0.005333333333333333 0.004
2 0.8043333333333333 0.216 0.0006666666666666666 0.0013333333333333333
2 0.7883333333333333 0.21666666666666667 0.002 0.0026666666666666666
2 0.9413333333333334 0.21566666666666667 0.0026666666666666666 0.002
2 0.9143333333333333 0.21733333333333332 0.004666666666666667 0.005333333333333333
2 0.8913333333333333 0.22066666666666668 0.008 0.012
2 0.824 0.21466666666666667 0.0013333333333333333 0.0013333333333333333
2 0.983 0.21433333333333332 0.0033333333333333335 0.002
2 0.9276666666666666 0.21433333333333332 0.002 0.002
2 0.891 0.21366666666666667 0.002 0.002
2 0.8783333333333333 0.214 0.0006666666666666666 0.0026666666666666666
2 0.8713333333333333 0.21633333333333332 0.005333333333333333 0.007333333333333333
2 0.9896666666666667 0.215 0.004666666666666667 0.006
2 0.9353333333333333 0.214 0.0026666666666666666 0.005333333333333333
2 0.925 0.21266666666666667 0.002 0.0026666666666666666
2 0.904 0.21433333333333332 0.004 0.006
2 0.8596666666666667 0.215 0.012666666666666666 0.007333333333333333
2 0.8546666666666667 0.21233333333333335 0.0013333333333333333 0.002
2 0.807 0.21333333333333335 0.0033333333333333335 0.004
2 0.8956666666666667 0.21166666666666667 0.0033333333333333335 0.002
2 0.8756666666666667 0.21133333333333335 0.002 0.0013333333333333333
2 0.947 0.212 0.004666666666666667 0.004
2 0.9746666666666667 0.21066666666666667 0.0026666666666666666 0.0026666666666666666
2 0.936 0.21 0.0013333333333333333 0.0013333333333333333
2 0.874 0.21 0.0013333333333333333 0.0013333333333333333
2 0.889 0.21033333333333334 0.002 0.0033333333333333335
2 0.9983333333333333 0.20833333333333334 0.0006666666666666666 0.0006666666666666666
2 0.9576666666666667 0.20833333333333334 0.002 0.002
2 0.9393333333333334 0.21033333333333334 0.004 0.006
2 0.9113333333333333 0.213 0.005333333333333333 0.011333333333333334
2 0.892 0.208 0.0013333333333333333 0.0013333333333333333
2 0.8826666666666667 0.21466666666666667 0.009333333333333334 0.014666666666666666
2 0.871 0.20766666666666667 0.0006666666666666666 0.0006666666666666666
2 0.8593333333333333 0.20866666666666667 0.0026666666666666666 0.0026666666666666666
2 0.972 0.20733333333333334 0.0013333333333333333 0.0013333333333333333
2 0.961 0.20766666666666667 0.002 0.002
2 0.9243333333333333 0.20833333333333334 0.004666666666666667 0.004666666666666667
2 0.999 0.20533333333333334 0.002 0.0013333333333333333
2 0.873 0.20566666666666666 0.002 0.002
2 0.9496666666666667 0.20366666666666666 0.0006666666666666666 0.002
2 0.8756666666666667 0.203 0.0006666666666666666 0.0006666666666666666
2 0.993 0.20266666666666666 0.0006666666666666666 0.0013333333333333333
2 0.9766666666666667 0.20333333333333334 0.004 0.004
2 0.976 0.201 0.0013333333333333333 0.0006666666666666666
2 0.971 0.202 0.0033333333333333335 0.0026666666666666666
2 0.9986666666666667 0.20066666666666666 0.0026666666666666666 0.0013333333333333333
2 0.9556666666666667 0.202 0.008666666666666666 0.009333333333333334
2 0.9966666666666667 0.197 0.0013333333333333333 0.0006666666666666666
2 0.9276666666666666 0.19833333333333333 0.0033333333333333335 0.0033333333333333335
2 0.9543333333333334 0.196 0.0033333333333333335 0.0013333333333333333
2 0.9863333333333333 0.19566666666666666 0.002 0.002
2 0.9896666666666667 0.197 0.0033333333333333335 0.006
2 0.981 0.193 0.0033333333333333335 0.004666666666666667
2 0.9753333333333334 0.19466666666666665 0.005333333333333333 0.008
2 0.9993333333333333 0.191 0.0013333333333333333 0.002
2 0.995 0.19166666666666668 0.0033333333333333335 0.0033333333333333335
2 0.9873333333333333 0.191 0.0013333333333333333 0.002
2 0.971 0.19033333333333333 0.0006666666666666666 0.0006666666666666666
2 0.9526666666666667 0.192 0.005333333333333333 0.004
2 0.9776666666666667 0.189 0.0006666666666666666 0.0006666666666666666
2 0.9473333333333334 0.189 0.0026666666666666666 0.002
2 0.954 0.18666666666666668 0.0013333333333333333 0.0013333333333333333
2 0.979 0.185 0.0033333333333333335 0.004666666666666667
2 0.998 0.185 0.004 0.006
2 0.9996666666666667 0.179 0.0006666666666666666 0.0006666666666666666
2 0.5 0.455 1.0 0.91