2 0.47058823529411764 0.6974874371859296 0.004705882352941176 0.004020100502512563
2 0.7770588235294118 0.6979899497487437 0.0058823529411764705 0.007035175879396985
2 0.7547058823529412 0.6984924623115578 0.012941176470588235 0.008040201005025126
2 0.7270588235294118 0.6964824120603015 0.004705882352941176 0.004020100502512563
2 0.46647058823529414 0.6959798994974874 0.001176470588235294 0.003015075376884422
2 0.4 0.6949748743718593 0.004705882352941176 0.003015075376884422
2 0.8 0.6954773869346733 0.007058823529411765 0.006030150753768844
2 0.768235294117647 0.6969849246231156 0.009411764705882352 0.009045226130653266
2 0.7405882352941177 0.6974874371859296 0.012941176470588235 0.010050251256281407
2 0.6923529411764706 0.6944723618090453 0.0035294117647058825 0.004020100502512563
2 0.6882352941176471 0.6939698492462312 0.002352941176470588 0.003015075376884422
2 0.44941176470588234 0.6959798994974874 0.011764705882352941 0.007035175879396985
2 0.4223529411764706 0.6944723618090453 0.004705882352941176 0.004020100502512563
2 0.08 0.6934673366834171 0.002352941176470588 0.0020100502512562816
2 0.8088235294117647 0.692964824120603 0.0035294117647058825 0.003015075376884422
2 0.788235294117647 0.6959798994974874 0.01411764705882353 0.009045226130653266
2 0.7076470588235294 0.6959798994974874 0.02235294117647059 0.009045226130653266
2 0.4723529411764706 0.692964824120603 0.0035294117647058825 0.003015075376884422
2 0.43941176470588234 0.6954773869346733 0.0035294117647058825 0.008040201005025126
2 0.41 0.6944723618090453 0.00823529411764706 0.006030150753768844
2 0.19117647058823528 0.6919597989949748 0.001176470588235294 0.0010050251256281408
2 0.14470588235294118 0.6939698492462312 0.002352941176470588 0.005025125628140704
2 0.1376470588235294 0.6939698492462312 0.002352941176470588 0.005025125628140704
2 0.8147058823529412 0.6914572864321608 0.001176470588235294 0.0020100502512562816
2 0.6829411764705883 0.6914572864321608 0.0035294117647058825 0.0020100502512562816
2 0.49470588235294116 0.692964824120603 0.0058823529411764705 0.005025125628140704
2 0.46058823529411763 0.6939698492462312 0.0058823529411764705 0.007035175879396985
2 0.4329411764705882 0.6949748743718593 0.007058823529411765 0.009045226130653266
2 0.39294117647058824 0.6924623115577889 0.004705882352941176 0.004020100502512563
2 0.15 0.6939698492462312 0.0058823529411764705 0.007035175879396985
2 0.13176470588235295 0.6934673366834171 0.004705882352941176 0.006030150753768844
2 0.12470588235294118 0.6939698492462312 0.007058823529411765 0.007035175879396985
2 0.48294117647058826 0.6934673366834171 0.015294117647058824 0.008040201005025126
2 0.4052941176470588 0.6899497487437186 0.001176470588235294 0.0010050251256281408
2 0.3988235294117647 0.6909547738693468 0.004705882352941176 0.003015075376884422
2 0.3870588235294118 0.6904522613065327 0.002352941176470588 0.0020100502512562816
2 0.17529411764705882 0.6919597989949748 0.004705882352941176 0.005025125628140704
2 0.1411764705882353 0.692964824120603 0.002352941176470588 0.007035175879396985
2 0.11823529411764706 0.692964824120603 0.0035294117647058825 0.007035175879396985
2 0.1 0.6914572864321608 0.004705882352941176 0.004020100502512563
2 0.08764705882352941 0.6914572864321608 0.00823529411764706 0.004020100502512563
2 0.5029411764705882 0.6899497487437186 0.0035294117647058825 0.003015075376884422
2 0.18411764705882352 0.6899497487437186 0.0035294117647058825 0.003015075376884422
2 0.16176470588235295 0.6924623115577889 0.015294117647058824 0.008040201005025126
2 0.07352941176470588 0.6909547738693468 0.0035294117647058825 0.005025125628140704
2 0.06647058823529411 0.6889447236180904 0.001176470588235294 0.0010050251256281408
2 0.5088235294117647 0.6879396984924623 0.001176470588235294 0.0010050251256281408
2 0.1111764705882353 0.6919597989949748 0.0058823529411764705 0.009045226130653266
2 0.07823529411764706 0.6889447236180904 0.0035294117647058825 0.003015075376884422
2 0.31941176470588234 0.6296482412060301 0.001176470588235294 0.0010050251256281408
2 0.9423529411764706 0.6296482412060301 0.004705882352941176 0.003015075376884422
2 0.9394117647058824 0.6256281407035176 0.001176470588235294 0.003015075376884422
2 0.3176470588235294 0.6226130653266332 0.002352941176470588 0.0010050251256281408
2 0.24294117647058824 0.6226130653266332 0.001176470588235294 0.0010050251256281408
2 0.22764705882352942 0.6226130653266332 0.001176470588235294 0.0010050251256281408
2 0.32235294117647056 0.6150753768844222 0.002352941176470588 0.0020100502512562816
2 0.22764705882352942 0.6160804020100502 0.041176470588235294 0.010050251256281407
2 0.6294117647058823 0.6060301507537689 0.002352941176470588 0.0020100502512562816
2 0.9311764705882353 0.6045226130653266 0.001176470588235294 0.0010050251256281408
2 0.9552941176470588 0.606532663316583 0.002352941176470588 0.009045226130653266
2 0.8935294117647059 0.6698492462311558 0.1376470588235294 0.135678391959799
2 0.5805882352941176 0.5994974874371859 0.001176470588235294 0.0010050251256281408
2 0.23705882352941177 0.5994974874371859 0.001176470588235294 0.0010050251256281408
2 0.6264705882352941 0.5984924623115578 0.0035294117647058825 0.003015075376884422
2 0.2641176470588235 0.5979899497487438 0.0035294117647058825 0.0020100502512562816
2 0.5564705882352942 0.5959798994974874 0.011764705882352941 0.004020100502512563
2 0.27294117647058824 0.6638190954773869 0.13647058823529412 0.13969849246231156
2 0.24529411764705883 0.5949748743718593 0.001176470588235294 0.0020100502512562816
2 0.851764705882353 0.5814070351758794 0.002352941176470588 0.0010050251256281408
2 0.5294117647058824 0.5809045226130654 0.002352941176470588 0.0020100502512562816
2 0.21411764705882352 0.578894472361809 0.002352941176470588 0.0020100502512562816
2 0.7752941176470588 0.5391959798994975 0.06823529411764706 0.01507537688442211
2 0.7147058823529412 0.5407035175879397 0.04823529411764706 0.018090452261306532
2 0.47294117647058825 0.5391959798994975 0.06823529411764706 0.01507537688442211
2 0.4123529411764706 0.5396984924623116 0.04823529411764706 0.020100502512562814
2 0.1511764705882353 0.535175879396985 0.06941176470588235 0.01507537688442211
2 0.09058823529411765 0.5366834170854271 0.047058823529411764 0.018090452261306532
2 0.7517647058823529 0.5261306532663317 0.08470588235294117 0.003015075376884422
2 0.44941176470588234 0.5251256281407035 0.08470588235294117 0.003015075376884422
2 0.12470588235294118 0.521105527638191 0.06352941176470588 0.003015075376884422
2 0.5888235294117647 0.6261306532663317 0.14 0.2150753768844221
2 0.31882352941176473 0.5060301507537689 0.002352941176470588 0.0010050251256281408
2 0.7488235294117647 0.507537688442211 0.12588235294117647 0.020100502512562814
2 0.8135294117647058 0.4984924623115578 0.0035294117647058825 0.004020100502512563
2 0.5123529411764706 0.49748743718592964 0.0035294117647058825 0.004020100502512563
2 0.4464705882352941 0.5055276381909548 0.12588235294117647 0.022110552763819097
2 0.19117647058823528 0.4949748743718593 0.0035294117647058825 0.003015075376884422
2 0.12588235294117647 0.5025125628140703 0.12470588235294118 0.020100502512562814
2 0.7311764705882353 0.4723618090452261 0.012941176470588235 0.004020100502512563
2 0.5664705882352942 0.4884422110552764 0.13529411764705881 0.17889447236180905
2 0.2511764705882353 0.4949748743718593 0.14 0.19597989949748743
2 0.12705882352941175 0.37035175879396987 0.1223529411764706 0.05125628140703518
2 0.8794117647058823 0.3522613065326633 0.0811764705882353 0.021105527638190954
2 0.8405882352941176 0.34623115577889446 0.03411764705882353 0.009045226130653266
2 0.918235294117647 0.3457286432160804 0.03176470588235294 0.010050251256281407
2 0.5364705882352941 0.3422110552763819 0.03294117647058824 0.009045226130653266
2 0.21941176470588236 0.3422110552763819 0.03411764705882353 0.009045226130653266
2 0.581764705882353 0.34723618090452263 0.09529411764705882 0.021105527638190954
2 0.29705882352941176 0.3412060301507538 0.03176470588235294 0.009045226130653266
2 0.25823529411764706 0.34723618090452263 0.0811764705882353 0.021105527638190954
2 0.4470588235294118 0.3597989949748744 0.10588235294117647 0.07839195979899498
2 0.8123529411764706 0.45326633165829144 0.26235294117647057 0.2894472361809045
2 0.7494117647058823 0.2889447236180904 0.04941176470588235 0.027135678391959798
2 0.4505882352941176 0.29346733668341707 0.04470588235294118 0.04221105527638191
2 0.13117647058823528 0.28241206030150756 0.04352941176470588 0.022110552763819097
2 0.8711764705882353 0.28693467336683415 0.13058823529411764 0.1035175879396985
2 0.5670588235294117 0.2829145728643216 0.13176470588235295 0.1035175879396985
2 0.25 0.2829145728643216 0.13058823529411764 0.1035175879396985