2 0.6866666666666666 0.6933333333333334 0.12266666666666666 0.056
2 0.174 0.6633333333333333 0.014666666666666666 0.017333333333333333
2 0.746 0.6353333333333333 0.0013333333333333333 0.0013333333333333333
2 0.7253333333333334 0.622 0.088 0.07333333333333333
2 0.26266666666666666 0.6166666666666667 0.08266666666666667 0.06266666666666666
2 0.39666666666666667 0.5793333333333334 0.004 0.004
2 0.39266666666666666 0.5673333333333334 0.0013333333333333333 0.0013333333333333333
2 0.31466666666666665 0.56 0.0026666666666666666 0.0026666666666666666
2 0.4126666666666667 0.5073333333333333 0.004 0.004
2 0.4266666666666667 0.5293333333333333 0.056 0.08266666666666667
2 0.458 0.47333333333333333 0.0013333333333333333 0.0026666666666666666
2 0.38066666666666665 0.486 0.13466666666666666 0.19333333333333333
2 0.45866666666666667 0.386 0.024 0.012
2 0.46 0.372 0.013333333333333334 0.016
2 0.47733333333333333 0.36933333333333335 0.018666666666666668 0.021333333333333333
2 0.47 0.35933333333333334 0.006666666666666667 0.006666666666666667
2 0.4886666666666667 0.354 0.012 0.012
2 0.4766666666666667 0.35133333333333333 0.006666666666666667 0.006666666666666667
2 0.48333333333333334 0.3433333333333333 0.006666666666666667 0.006666666666666667
2 0.49 0.3353333333333333 0.006666666666666667 0.006666666666666667
2 0.506 0.334 0.02 0.017333333333333333
2 0.49666666666666665 0.3273333333333333 0.006666666666666667 0.006666666666666667
2 0.5033333333333333 0.32066666666666666 0.006666666666666667 0.006666666666666667
2 0.8013333333333333 0.308 0.008 0.008
2 0.726 0.30333333333333334 0.0013333333333333333 0.0013333333333333333
2 0.5206666666666667 0.30333333333333334 0.028 0.025333333333333333
2 0.5426666666666666 0.2826666666666667 0.018666666666666668 0.013333333333333334
2 0.5813333333333334 0.27 0.0026666666666666666 0.0013333333333333333
2 0.5926666666666667 0.262 0.0013333333333333333 0.0013333333333333333
2 0.7606666666666667 0.2613333333333333 0.006666666666666667 0.016
2 0.594 0.25533333333333336 0.006666666666666667 0.006666666666666667
2 0.6073333333333333 0.246 0.004 0.004
2 0.594 0.23666666666666666 0.004 0.004
2 0.5993333333333334 0.23333333333333334 0.004 0.0026666666666666666
2 0.6153333333333333 0.25133333333333335 0.14533333333333334 0.06266666666666666
2 0.14 0.12933333333333333 0.02666666666666667 0.024
2 0.226 0.12866666666666668 0.028 0.025333333333333333
2 0.05333333333333334 0.12866666666666668 0.02666666666666667 0.025333333333333333
2 0.19933333333333333 0.10666666666666667 0.012 0.010666666666666666
2 0.138 0.10666666666666667 0.012 0.010666666666666666
2 0.07533333333333334 0.10666666666666667 0.012 0.010666666666666666
2 0.24066666666666667 0.106 0.012 0.012
2 0.22 0.106 0.010666666666666666 0.012
2 0.17866666666666667 0.106 0.010666666666666666 0.012
2 0.158 0.106 0.009333333333333334 0.012
2 0.11666666666666667 0.10666666666666667 0.012 0.013333333333333334
2 0.09666666666666666 0.10666666666666667 0.012 0.013333333333333334
2 0.05466666666666667 0.10666666666666667 0.010666666666666666 0.013333333333333334
2 0.036 0.106 0.008 0.012
2 0.13866666666666666 0.06733333333333333 0.216 0.06266666666666666
2 0.25666666666666665 0.034666666666666665 0.006666666666666667 0.010666666666666666