0 0.496 0.7646321070234113 0.0013333333333333333 0.002508361204013378
0 0.06666666666666667 0.5627090301003345 0.0013333333333333333 0.0016722408026755853
0 0.07 0.5618729096989966 0.0013333333333333333 0.0016722408026755853
0 0.07933333333333334 0.560200668896321 0.0013333333333333333 0.0016722408026755853
0 0.11933333333333333 0.544314381270903 0.0026666666666666666 0.0016722408026755853
0 0.05266666666666667 0.5372073578595318 0.004 0.002508361204013378
0 0.6653333333333333 0.5355351170568562 0.0013333333333333333 0.0008361204013377926
0 0.6713333333333333 0.5355351170568562 0.005333333333333333 0.002508361204013378
0 0.05 0.5246655518394648 0.0013333333333333333 0.0008361204013377926
0 0.17366666666666666 0.524247491638796 0.002 0.0016722408026755853
0 0.053 0.5209030100334449 0.002 0.0016722408026755853
0 0.18633333333333332 0.520066889632107 0.002 0.0016722408026755853
0 0.18833333333333332 0.5188127090301003 0.0006666666666666666 0.0008361204013377926
0 0.05366666666666667 0.5158862876254181 0.002 0.0016722408026755853
0 0.19866666666666666 0.5150501672240803 0.0026666666666666666 0.0016722408026755853
0 0.7453333333333333 0.5133779264214047 0.0026666666666666666 0.0016722408026755853
0 0.050666666666666665 0.5133779264214047 0.0013333333333333333 0.0016722408026755853
0 0.20833333333333334 0.512123745819398 0.0033333333333333335 0.002508361204013378
0 0.055 0.5096153846153846 0.0006666666666666666 0.0008361204013377926
0 0.7183333333333334 0.5054347826086957 0.0006666666666666666 0.0008361204013377926
0 0.7246666666666667 0.5033444816053512 0.0013333333333333333 0.0016722408026755853
0 0.07766666666666666 0.5020903010033445 0.0033333333333333335 0.002508361204013378
0 0.23133333333333334 0.5004180602006689 0.0026666666666666666 0.0008361204013377926
0 0.7246666666666667 0.4995819397993311 0.0013333333333333333 0.0008361204013377926
0 0.07033333333333333 0.5012541806020067 0.008666666666666666 0.005852842809364548
0 0.5986666666666667 0.4991638795986622 0.0026666666666666666 0.0033444816053511705
0 0.23833333333333334 0.4974916387959866 0.002 0.0016722408026755853
0 0.598 0.4954013377926421 0.0013333333333333333 0.0008361204013377926
0 0.24466666666666667 0.49581939799331104 0.0013333333333333333 0.0016722408026755853
0 0.08366666666666667 0.49498327759197325 0.0033333333333333335 0.0033444816053511705
0 0.24833333333333332 0.4916387959866221 0.002 0.0016722408026755853
0 0.24433333333333335 0.49122073578595316 0.0006666666666666666 0.0008361204013377926
0 0.08633333333333333 0.49038461538461536 0.002 0.002508361204013378
0 0.25166666666666665 0.487876254180602 0.0006666666666666666 0.0008361204013377926
0 0.092 0.487876254180602 0.004 0.002508361204013378
0 0.7716666666666666 0.483695652173913 0.0006666666666666666 0.0008361204013377926
0 0.24966666666666668 0.483695652173913 0.0006666666666666666 0.0008361204013377926
0 0.086 0.48202341137123744 0.0013333333333333333 0.002508361204013378
0 0.818 0.48035117056856186 0.0013333333333333333 0.0008361204013377926
0 0.246 0.47951505016722407 0.0013333333333333333 0.0008361204013377926
0 0.23966666666666667 0.47951505016722407 0.0006666666666666666 0.0008361204013377926
0 0.08933333333333333 0.4790969899665552 0.0013333333333333333 0.0016722408026755853
0 0.7676666666666667 0.4782608695652174 0.002 0.0016722408026755853
0 0.252 0.4778428093645485 0.004 0.004180602006688963
0 0.254 0.47198996655518394 0.0013333333333333333 0.002508361204013378
0 0.25 0.47157190635451507 0.0013333333333333333 0.0016722408026755853
0 0.239 0.47198996655518394 0.002 0.002508361204013378
0 0.259 0.47282608695652173 0.007333333333333333 0.005852842809364548
0 0.742 0.4698996655518395 0.0026666666666666666 0.0016722408026755853
0 0.8183333333333334 0.46864548494983277 0.0006666666666666666 0.0008361204013377926
0 0.24666666666666667 0.4698996655518395 0.004 0.005016722408026756
0 0.23233333333333334 0.467809364548495 0.0006666666666666666 0.0008361204013377926
0 0.08233333333333333 0.4736622073578595 0.004666666666666667 0.01254180602006689
0 0.252 0.467809364548495 0.0013333333333333333 0.002508361204013378
0 0.22 0.4682274247491639 0.0026666666666666666 0.0033444816053511705
0 0.2663333333333333 0.4644648829431438 0.0006666666666666666 0.0008361204013377926
0 0.20933333333333334 0.4644648829431438 0.0013333333333333333 0.0008361204013377926
0 0.726 0.46404682274247494 0.0013333333333333333 0.0016722408026755853
0 0.24766666666666667 0.463628762541806 0.0006666666666666666 0.0008361204013377926
0 0.08433333333333333 0.463628762541806 0.0006666666666666666 0.0008361204013377926
0 0.733 0.463628762541806 0.0033333333333333335 0.004180602006688963
0 0.20633333333333334 0.46195652173913043 0.0006666666666666666 0.0008361204013377926
0 0.25633333333333336 0.46153846153846156 0.0006666666666666666 0.0016722408026755853
0 0.25333333333333335 0.46195652173913043 0.0013333333333333333 0.002508361204013378
0 0.7093333333333334 0.46028428093645485 0.0013333333333333333 0.0008361204013377926
0 0.23266666666666666 0.46028428093645485 0.0013333333333333333 0.0008361204013377926
0 0.715 0.4590301003344482 0.002 0.0016722408026755853
0 0.23566666666666666 0.46195652173913043 0.004666666666666667 0.007525083612040134
0 0.708 0.4569397993311037 0.0013333333333333333 0.0008361204013377926
0 0.241 0.45777591973244147 0.0033333333333333335 0.002508361204013378
0 0.597 0.47408026755852845 0.008666666666666666 0.03678929765886288
0 0.208 0.45484949832775917 0.0026666666666666666 0.005016722408026756
0 0.205 0.4527591973244147 0.002 0.002508361204013378
0 0.5973333333333334 0.4523411371237458 0.004 0.0033444816053511705
0 0.18066666666666667 0.4531772575250836 0.0026666666666666666 0.005016722408026756
0 0.18566666666666667 0.45025083612040134 0.002 0.002508361204013378
0 0.208 0.4489966555183946 0.0013333333333333333 0.0016722408026755853
0 0.6883333333333334 0.4452341137123746 0.0006666666666666666 0.0008361204013377926
0 0.07 0.4322742474916388 0.0026666666666666666 0.0016722408026755853
0 0.06733333333333333 0.4326923076923077 0.0013333333333333333 0.002508361204013378
0 0.08066666666666666 0.43645484949832775 0.006666666666666667 0.015050167224080268
0 0.08566666666666667 0.42767558528428096 0.0006666666666666666 0.0008361204013377926
0 0.07933333333333334 0.42683946488294316 0.0013333333333333333 0.0008361204013377926
0 0.08433333333333333 0.4226588628762542 0.0006666666666666666 0.0008361204013377926
0 0.07233333333333333 0.4188963210702341 0.002 0.0016722408026755853
0 0.084 0.41262541806020064 0.0026666666666666666 0.004180602006688963
0 0.455 0.4092809364548495 0.0006666666666666666 0.0008361204013377926
0 0.4866666666666667 0.3540969899665552 0.0013333333333333333 0.002508361204013378
0 0.4856666666666667 0.3448996655518395 0.002 0.007525083612040134
0 0.072 0.34615384615384615 0.0026666666666666666 0.010033444816053512
0 0.452 0.3319397993311037 0.004 0.005016722408026756
0 0.07433333333333333 0.33152173913043476 0.002 0.004180602006688963
0 0.07633333333333334 0.3202341137123746 0.0006666666666666666 0.0016722408026755853
0 0.4866666666666667 0.31981605351170567 0.006666666666666667 0.027591973244147156
0 0.35933333333333334 0.28971571906354515 0.0013333333333333333 0.0008361204013377926
0 0.355 0.2855351170568562 0.002 0.0008361204013377926
0 0.35733333333333334 0.2826086956521739 0.0013333333333333333 0.0016722408026755853
0 0.359 0.28051839464882944 0.0006666666666666666 0.0008361204013377926
0 0.35233333333333333 0.28051839464882944 0.0006666666666666666 0.0008361204013377926
0 0.35633333333333334 0.27591973244147155 0.006 0.0033444816053511705
0 0.8793333333333333 0.27048494983277593 0.0026666666666666666 0.0008361204013377926
0 0.362 0.2734113712374582 0.004 0.010033444816053512
0 0.35633333333333334 0.26881270903010035 0.0006666666666666666 0.002508361204013378
0 0.359 0.2654682274247492 0.0033333333333333335 0.0008361204013377926
0 0.3526666666666667 0.26421404682274247 0.0013333333333333333 0.0016722408026755853
0 0.9 0.2629598662207358 0.0013333333333333333 0.0008361204013377926
0 0.8793333333333333 0.2633779264214047 0.0013333333333333333 0.0016722408026755853
0 0.376 0.26714046822742477 0.0026666666666666666 0.010869565217391304
0 0.877 0.2612876254180602 0.0006666666666666666 0.0008361204013377926
0 0.36133333333333334 0.2637959866220736 0.0026666666666666666 0.005852842809364548
0 0.358 0.2591973244147157 0.0013333333333333333 0.0016722408026755853
0 0.348 0.2583612040133779 0.0013333333333333333 0.0016722408026755853
0 0.3536666666666667 0.25752508361204013 0.002 0.0016722408026755853
0 0.37933333333333336 0.2525083612040134 0.0013333333333333333 0.0016722408026755853
0 0.35633333333333334 0.2529264214046823 0.0033333333333333335 0.004180602006688963
0 0.37533333333333335 0.2495819397993311 0.0013333333333333333 0.002508361204013378
0 0.38566666666666666 0.2495819397993311 0.002 0.004180602006688963
0 0.35433333333333333 0.24540133779264214 0.002 0.002508361204013378
0 0.8943333333333333 0.2391304347826087 0.002 0.0033444816053511705
0 0.3453333333333333 0.23704013377926422 0.0013333333333333333 0.0008361204013377926
0 0.3536666666666667 0.23453177257525085 0.002 0.002508361204013378
0 0.39066666666666666 0.23411371237458195 0.0013333333333333333 0.0033444816053511705
0 0.3546666666666667 0.23076923076923078 0.0013333333333333333 0.0016722408026755853
0 0.89 0.2395484949832776 0.009333333333333334 0.0225752508361204
0 0.39566666666666667 0.22742474916387959 0.004666666666666667 0.005016722408026756
0 0.42733333333333334 0.2265886287625418 0.0026666666666666666 0.015050167224080268
0 0.4716666666666667 0.2591973244147157 0.03266666666666666 0.08695652173913043
0 0.3436666666666667 0.20986622073578595 0.002 0.0016722408026755853
0 0.3413333333333333 0.2048494983277592 0.0026666666666666666 0.0033444816053511705
0 0.8616666666666667 0.20108695652173914 0.002 0.002508361204013378
0 0.8603333333333333 0.18687290969899664 0.0006666666666666666 0.0008361204013377926
0 0.239 0.18394648829431437 0.002 0.008361204013377926
0 0.24166666666666667 0.17851170568561872 0.002 0.004180602006688963
0 0.844 0.17600334448160534 0.0013333333333333333 0.0008361204013377926
0 0.333 0.17265886287625418 0.0006666666666666666 0.0008361204013377926
0 0.8153333333333334 0.1688963210702341 0.0026666666666666666 0.0033444816053511705
0 0.8173333333333334 0.16596989966555184 0.0013333333333333333 0.0008361204013377926
0 0.24866666666666667 0.16638795986622074 0.0013333333333333333 0.0016722408026755853
0 0.889 0.16806020066889632 0.014 0.010033444816053512
0 0.333 0.16346153846153846 0.002 0.0008361204013377926
0 0.25533333333333336 0.1592809364548495 0.0013333333333333333 0.0008361204013377926
0 0.25066666666666665 0.1609531772575251 0.0026666666666666666 0.005852842809364548
0 0.30266666666666664 0.15259197324414717 0.0013333333333333333 0.002508361204013378
0 0.28833333333333333 0.15175585284280937 0.002 0.002508361204013378
0 0.2773333333333333 0.1500836120401338 0.0013333333333333333 0.002508361204013378
0 0.2713333333333333 0.14632107023411373 0.0013333333333333333 0.0016722408026755853
0 0.285 0.14757525083612041 0.008666666666666666 0.005852842809364548
0 0.255 0.145066889632107 0.002 0.004180602006688963
0 0.372 0.1596989966555184 0.096 0.043478260869565216
0 0.5003333333333333 0.5597826086956522 0.9926666666666667 0.8737458193979933
0 0.33766666666666667 0.11413043478260869 0.024666666666666667 0.030936454849498328
0 0.764 0.09908026755852843 0.006666666666666667 0.01588628762541806
0 0.23333333333333334 0.09866220735785954 0.03866666666666667 0.021739130434782608
0 0.3323333333333333 0.08737458193979933 0.023333333333333334 0.025919732441471572
0 0.763 0.07525083612040134 0.002 0.0033444816053511705
0 0.31833333333333336 0.07316053511705686 0.0006666666666666666 0.0008361204013377926
0 0.23166666666666666 0.07316053511705686 0.01 0.005852842809364548
0 0.75 0.058946488294314384 0.0026666666666666666 0.002508361204013378
0 0.33666666666666667 0.06354515050167224 0.004 0.011705685618729096
0 0.7076666666666667 0.049749163879598664 0.0006666666666666666 0.0008361204013377926
0 0.67 0.0681438127090301 0.068 0.07274247491638795