0 0.5359442060085837 0.8950892857142857 0.003218884120171674 0.002232142857142857
0 0.5284334763948498 0.8889508928571429 0.001072961373390558 0.0011160714285714285
0 0.5118025751072961 0.8683035714285714 0.027896995708154508 0.03571428571428571
0 0.8594420600858369 0.8549107142857143 0.08798283261802575 0.125
0 0.35675965665236054 0.7516741071428571 0.046137339055793994 0.021205357142857144
0 0.37553648068669526 0.7338169642857143 0.006437768240343348 0.010044642857142858
0 0.3798283261802575 0.7254464285714286 0.002145922746781116 0.004464285714285714
0 0.13358369098712447 0.7181919642857143 0.001072961373390558 0.0078125
0 0.38090128755364805 0.6930803571428571 0.002145922746781116 0.015625
0 0.7124463519313304 0.7109375 0.03862660944206009 0.078125
0 0.726931330472103 0.6478794642857143 0.001072961373390558 0.0033482142857142855
0 0.3438841201716738 0.55859375 0.001072961373390558 0.0011160714285714285
0 0.3798283261802575 0.5440848214285714 0.004291845493562232 0.0033482142857142855
0 0.2854077253218884 0.6724330357142857 0.24034334763948498 0.4966517857142857
0 0.6389484978540773 0.6668526785714286 0.22854077253218885 0.5011160714285714
0 0.28487124463519314 0.39564732142857145 0.022532188841201718 0.027901785714285716
0 0.6303648068669528 0.30747767857142855 0.001072961373390558 0.0011160714285714285
0 0.27896995708154504 0.31417410714285715 0.09656652360515021 0.1171875
0 0.34227467811158796 0.13504464285714285 0.03862660944206009 0.013392857142857142
0 0.2778969957081545 0.12388392857142858 0.0407725321888412 0.033482142857142856
0 0.3106223175965665 0.12332589285714286 0.0203862660944206 0.03459821428571429
0 0.2344420600858369 0.12332589285714286 0.048283261802575105 0.03459821428571429
0 0.17435622317596566 0.12388392857142858 0.06974248927038626 0.03571428571428571
0 0.3240343347639485 0.08984375 0.017167381974248927 0.016741071428571428
0 0.07939914163090128 0.09040178571428571 0.11587982832618025 0.12053571428571429