0 0.546078431372549 0.9205882352941176 0.00196078431372549 0.00196078431372549
0 0.6068627450980392 0.9166666666666666 0.0058823529411764705 0.0058823529411764705
0 0.006862745098039216 0.6098039215686275 0.013725490196078431 0.00392156862745098
0 0.05392156862745098 0.5990196078431372 0.013725490196078431 0.0058823529411764705
0 0.06568627450980392 0.5872549019607843 0.0058823529411764705 0.013725490196078431
0 0.021568627450980392 0.5754901960784313 0.043137254901960784 0.052941176470588235
0 0.0392156862745098 0.546078431372549 0.01568627450980392 0.0058823529411764705
0 0.9941176470588236 0.3735294117647059 0.011764705882352941 0.0058823529411764705
0 0.2235294117647059 0.35490196078431374 0.00392156862745098 0.00392156862745098
0 0.20980392156862746 0.35294117647058826 0.00784313725490196 0.00784313725490196
0 0.25882352941176473 0.3392156862745098 0.058823529411764705 0.0392156862745098
0 0.25 0.29705882352941176 0.0058823529411764705 0.0058823529411764705
0 0.26372549019607844 0.2774509803921569 0.01764705882352941 0.029411764705882353
0 0.6009803921568627 0.21862745098039216 0.00196078431372549 0.00196078431372549
0 0.6205882352941177 0.21764705882352942 0.00980392156862745 0.00392156862745098
0 0.6098039215686275 0.21764705882352942 0.00784313725490196 0.00392156862745098
0 0.5931372549019608 0.21764705882352942 0.00196078431372549 0.00392156862745098
0 0.3931372549019608 0.25882352941176473 0.1 0.11764705882352941
0 0.2872549019607843 0.21470588235294116 0.029411764705882353 0.09215686274509804
0 0.8911764705882353 0.14411764705882352 0.00196078431372549 0.00196078431372549
0 0.9549019607843138 0.13333333333333333 0.09019607843137255 0.058823529411764705
0 0.5 0.5470588235294118 1.0 0.9058823529411765
0 0.6666666666666666 0.08627450980392157 0.011764705882352941 0.00392156862745098
0 0.7196078431372549 0.08823529411764706 0.03137254901960784 0.011764705882352941
0 0.75 0.07745098039215687 0.00196078431372549 0.00196078431372549
0 0.3784313725490196 0.00196078431372549 0.00392156862745098 0.00392156862745098
0 0.18529411764705883 0.06568627450980392 0.37058823529411766 0.13137254901960785