0 0.979375 0.859 0.00125 0.006
0 0.979375 0.849 0.00125 0.006
0 0.470625 0.732 0.00375 0.012
0 0.330625 0.509 0.00125 0.002
0 0.6075 0.458 0.0025 0.004
0 0.36375 0.411 0.005 0.002
0 0.38625 0.387 0.0025 0.002
0 0.493125 0.357 0.00125 0.002
0 0.735 0.338 0.005 0.004
0 0.53125 0.648 0.48 0.68
0 0.93625 0.29 0.0025 0.004
0 0.465625 0.301 0.03625 0.026
0 0.3375 0.253 0.0025 0.002
0 0.935625 0.244 0.00125 0.004
0 0.811875 0.581 0.17875 0.75
0 0.3375 0.205 0.0025 0.006
0 0.76625 0.198 0.0025 0.004
0 0.906875 0.201 0.04375 0.026
0 0.305625 0.159 0.04875 0.026
0 0.76625 0.147 0.0025 0.006
0 0.24875 0.128 0.0025 0.004
0 0.6275 0.293 0.1825 0.382
0 0.160625 0.524 0.28375 0.88
0 0.7325 0.096 0.0525 0.028
0 0.215625 0.078 0.05125 0.028