0 0.19375 0.2981220657276995 0.0020833333333333333 0.001564945226917058
0 0.2747395833333333 0.19757433489827855 0.0005208333333333333 0.000782472613458529
0 0.3221354166666667 0.17918622848200313 0.011979166666666667 0.009389671361502348
0 0.32109375 0.1443661971830986 0.0026041666666666665 0.003912363067292645
0 0.2890625 0.17370892018779344 0.09166666666666666 0.081377151799687
0 0.3671875 0.13536776212832552 0.008333333333333333 0.00782472613458529
0 0.3658854166666667 0.12832550860719874 0.0046875 0.003129890453834116
0 0.6828125 0.12636932707355242 0.0010416666666666667 0.000782472613458529
0 0.340625 0.13067292644757433 0.007291666666666667 0.009389671361502348
0 0.3731770833333333 0.12010954616588419 0.0036458333333333334 0.007042253521126761
0 0.44140625 0.11580594679186229 0.0140625 0.006259780907668232
0 0.7888020833333333 0.1122848200312989 0.0036458333333333334 0.002347417840375587
0 0.8049479166666667 0.11306729264475743 0.0026041666666666665 0.005477308294209703
0 0.5322916666666667 0.107981220657277 0.0010416666666666667 0.001564945226917058
0 0.44895833333333335 0.10993740219092332 0.008333333333333333 0.005477308294209703
0 0.50546875 0.5144757433489828 0.7765625 0.8661971830985915