0 0.5576171875 0.8100694444444444 0.006640625 0.017361111111111112
0 0.548828125 0.8100694444444444 0.009375 0.017361111111111112
0 0.5408203125 0.8100694444444444 0.008203125 0.017361111111111112
0 0.5326171875 0.8100694444444444 0.006640625 0.017361111111111112
0 0.52421875 0.8100694444444444 0.00703125 0.017361111111111112
0 0.494140625 0.8104166666666667 0.0421875 0.019444444444444445
0 0.4892578125 0.8045138888888889 0.019921875 0.007638888888888889
0 0.4455078125 0.8045138888888889 0.012109375 0.007638888888888889
0 0.4640625 0.8086805555555555 0.028125 0.01875
0 0.5697265625 0.8020833333333334 0.002734375 0.019444444444444445
0 0.5541015625 0.7927083333333333 0.012109375 0.013194444444444444
0 0.543359375 0.7923611111111111 0.0109375 0.013888888888888888
0 0.53125 0.7923611111111111 0.00625 0.013888888888888888
0 0.524609375 0.7923611111111111 0.00625 0.013888888888888888
0 0.5361328125 0.790625 0.002734375 0.017361111111111112
0 0.4736328125 0.7815972222222223 0.004296875 0.010416666666666666
0 0.46875 0.7805555555555556 0.00390625 0.013888888888888888
0 0.453515625 0.7763888888888889 0.003125 0.005555555555555556
0 0.4615234375 0.7770833333333333 0.007421875 0.015277777777777777
0 0.4494140625 0.7711805555555555 0.001953125 0.003472222222222222
0 0.5037109375 0.7704861111111111 0.002734375 0.004861111111111111
0 0.497265625 0.771875 0.00546875 0.009027777777777777
0 0.4529296875 0.7680555555555556 0.003515625 0.005555555555555556
0 0.4994140625 0.7645833333333333 0.003515625 0.005555555555555556
0 0.4482421875 0.7638888888888888 0.001953125 0.004166666666666667
0 0.4455078125 0.7628472222222222 0.001171875 0.0020833333333333333
0 0.5048828125 0.7611111111111111 0.007421875 0.0125
0 0.5232421875 0.7538194444444445 0.002734375 0.0020833333333333333
0 0.513671875 0.7621527777777778 0.01015625 0.02013888888888889
0 0.44296875 0.753125 0.0015625 0.003472222222222222
0 0.4404296875 0.7520833333333333 0.001171875 0.002777777777777778
0 0.5541015625 0.7635416666666667 0.013671875 0.03263888888888889
0 0.51796875 0.7496527777777777 0.0078125 0.007638888888888889
0 0.4404296875 0.7465277777777778 0.001953125 0.002777777777777778
0 0.480859375 0.7458333333333333 0.00546875 0.004166666666666667
0 0.4869140625 0.7545138888888889 0.017578125 0.02847222222222222
0 0.52890625 0.7423611111111111 0.00546875 0.006944444444444444
0 0.4380859375 0.7347222222222223 0.005859375 0.018055555555555554
0 0.538671875 0.7229166666666667 0.0046875 0.008333333333333333
0 0.43984375 0.7204861111111112 0.00234375 0.004861111111111111
0 0.436328125 0.71875 0.0046875 0.006944444444444444
0 0.5306640625 0.7135416666666666 0.000390625 0.0006944444444444445
0 0.5318359375 0.7128472222222222 0.001171875 0.0006944444444444445
0 0.5380859375 0.7128472222222222 0.003515625 0.00625
0 0.54296875 0.7041666666666667 0.00546875 0.0125
0 0.5419921875 0.6854166666666667 0.003515625 0.006944444444444444
0 0.453125 0.6822916666666666 0.00546875 0.00625
0 0.4578125 0.6798611111111111 0.00234375 0.004166666666666667
0 0.441015625 0.6934027777777778 0.0171875 0.04375
0 0.4587890625 0.6725694444444444 0.004296875 0.004861111111111111
0 0.463671875 0.6722222222222223 0.0046875 0.006944444444444444
0 0.4689453125 0.6701388888888888 0.001953125 0.004166666666666667
0 0.472265625 0.6635416666666667 0.003125 0.004861111111111111
0 0.450390625 0.6680555555555555 0.01015625 0.013888888888888888
0 0.449609375 0.6579861111111112 0.00234375 0.003472222222222222
0 0.475390625 0.6579861111111112 0.003125 0.004861111111111111
0 0.479296875 0.6545138888888888 0.00234375 0.003472222222222222
0 0.472265625 0.6548611111111111 0.003125 0.006944444444444444
0 0.4578125 0.6534722222222222 0.003125 0.004166666666666667
0 0.4638671875 0.6576388888888889 0.014453125 0.016666666666666666
0 0.4923828125 0.715625 0.094921875 0.13541666666666666
0 0.4701171875 0.640625 0.001953125 0.0020833333333333333
0 0.4666015625 0.6399305555555556 0.002734375 0.0020833333333333333
0 0.4619140625 0.6402777777777777 0.001171875 0.002777777777777778
0 0.4701171875 0.6357638888888889 0.001171875 0.0020833333333333333
0 0.468359375 0.6347222222222222 0.0015625 0.001388888888888889
0 0.4658203125 0.6347222222222222 0.001953125 0.002777777777777778
0 0.4625 0.634375 0.00078125 0.003472222222222222
0 0.4572265625 0.6385416666666667 0.007421875 0.013194444444444444
0 0.4583984375 0.6357638888888889 0.005078125 0.010416666666666666
0 0.4552734375 0.6309027777777778 0.000390625 0.0006944444444444445
0 0.4603515625 0.6295138888888889 0.001953125 0.0020833333333333333
0 0.47421875 0.6253472222222223 0.00078125 0.0020833333333333333
0 0.472265625 0.625 0.00078125 0.001388888888888889
0 0.46640625 0.6239583333333333 0.00078125 0.0006944444444444445
0 0.445703125 0.6243055555555556 0.00859375 0.004166666666666667
0 0.46328125 0.6229166666666667 0.0015625 0.002777777777777778
0 0.47421875 0.6204861111111111 0.00234375 0.0020833333333333333
0 0.46875 0.6197916666666666 0.0015625 0.0020833333333333333
0 0.46640625 0.61875 0.00078125 0.001388888888888889
0 0.466796875 0.6142361111111111 0.00078125 0.0006944444444444445
0 0.4587890625 0.6194444444444445 0.008203125 0.016666666666666666
0 0.59765625 0.6090277777777777 0.0046875 0.009722222222222222
0 0.474609375 0.6041666666666666 0.00078125 0.001388888888888889
0 0.471875 0.6038194444444445 0.00234375 0.0020833333333333333
0 0.4697265625 0.6034722222222222 0.001171875 0.001388888888888889
0 0.4755859375 0.5993055555555555 0.000390625 0.001388888888888889
0 0.4701171875 0.5986111111111111 0.001171875 0.001388888888888889
0 0.461328125 0.5996527777777778 0.01015625 0.01875
0 0.4701171875 0.5888888888888889 0.001171875 0.002777777777777778
0 0.466796875 0.5878472222222222 0.003125 0.003472222222222222
0 0.4740234375 0.5829861111111111 0.012890625 0.00625
0 0.464453125 0.5809027777777778 0.00546875 0.004861111111111111
0 0.45859375 0.5795138888888889 0.00390625 0.004861111111111111
0 0.4697265625 0.5614583333333333 0.018359375 0.03263888888888889
0 0.481640625 0.5430555555555555 0.003125 0.004166666666666667
0 0.47578125 0.5420138888888889 0.0078125 0.004861111111111111
0 0.4708984375 0.5399305555555556 0.000390625 0.0006944444444444445
0 0.4689453125 0.5409722222222222 0.003515625 0.004166666666666667
0 0.46328125 0.5395833333333333 0.00703125 0.005555555555555556
0 0.5056640625 0.5864583333333333 0.055859375 0.13125
0 0.48671875 0.5034722222222222 0.00390625 0.008333333333333333
0 0.5009765625 0.503125 0.010546875 0.009027777777777777
0 0.4919921875 0.503125 0.006640625 0.009027777777777777
0 0.46640625 0.5125 0.01484375 0.04583333333333333
0 0.509375 0.4909722222222222 0.00703125 0.008333333333333333
0 0.502734375 0.4909722222222222 0.003125 0.008333333333333333
0 0.51484375 0.49027777777777776 0.003125 0.008333333333333333
0 0.4986328125 0.48506944444444444 0.000390625 0.0006944444444444445
0 0.497265625 0.48506944444444444 0.00078125 0.0006944444444444445
0 0.4865234375 0.48993055555555554 0.026171875 0.010416666666666666
0 0.499609375 0.478125 0.0359375 0.009027777777777777
0 0.476953125 0.478125 0.01015625 0.009027777777777777
0 0.4857421875 0.19444444444444445 0.123828125 0.17916666666666667