0 0.098828125 0.676953125 0.00234375 0.00234375
0 0.057421875 0.272265625 0.00078125 0.00078125
0 0.008984375 0.2546875 0.00546875 0.0015625
0 0.0296875 0.22890625 0.0015625 0.0015625
0 0.115625 0.201171875 0.0015625 0.00234375
0 0.062890625 0.196875 0.00078125 0.0046875
0 0.069140625 0.196875 0.00390625 0.00625
0 0.080078125 0.186328125 0.00078125 0.00078125
0 0.062109375 0.178125 0.00078125 0.0046875
0 0.055859375 0.177734375 0.00390625 0.00546875
0 0.1359375 0.17109375 0.0015625 0.003125
0 0.130859375 0.1671875 0.00390625 0.0078125
0 0.442578125 0.158203125 0.00078125 0.00078125
0 0.07734375 0.14453125 0.0015625 0.0015625
0 0.465625 0.14375 0.0015625 0.0109375
0 0.371875 0.137890625 0.0015625 0.00078125
0 0.447265625 0.136328125 0.00546875 0.00234375
0 0.3875 0.133984375 0.0109375 0.00234375
0 0.118359375 0.132421875 0.00078125 0.00078125
0 0.36796875 0.132421875 0.0015625 0.00234375
0 0.121484375 0.132421875 0.00390625 0.00390625
0 0.41640625 0.128125 0.0015625 0.0046875
0 0.46015625 0.128125 0.003125 0.00625
0 0.434375 0.121484375 0.0015625 0.00390625
0 0.4484375 0.115625 0.0015625 0.00625
0 0.09453125 0.118359375 0.00625 0.01171875
0 0.440625 0.107421875 0.00625 0.00234375
0 0.132421875 0.10703125 0.00234375 0.0015625
0 0.095703125 0.105078125 0.00546875 0.00859375
0 0.37265625 0.1125 0.003125 0.025
0 0.126953125 0.1046875 0.00390625 0.009375
0 0.39453125 0.1015625 0.003125 0.0046875
0 0.40703125 0.0921875 0.003125 0.0046875
0 0.376171875 0.092578125 0.00390625 0.00546875
0 0.38359375 0.088671875 0.0046875 0.00390625
0 0.41328125 0.085546875 0.003125 0.00390625
0 0.4203125 0.081640625 0.003125 0.00234375
0 0.1375 0.071484375 0.0015625 0.00546875
0 0.12890625 0.07109375 0.00625 0.0078125
0 0.101171875 0.06796875 0.00234375 0.0046875
0 0.136328125 0.062890625 0.00078125 0.00078125
0 0.13203125 0.062890625 0.0015625 0.00078125
0 0.11875 0.06875 0.0046875 0.0125
0 0.101953125 0.06171875 0.00390625 0.003125
0 0.137890625 0.0484375 0.00234375 0.003125
0 0.325390625 0.042578125 0.00234375 0.00234375
0 0.328515625 0.038671875 0.00234375 0.00234375
0 0.03515625 0.032421875 0.0015625 0.00078125
0 0.313671875 0.032421875 0.00234375 0.00234375
0 0.340234375 0.037109375 0.00546875 0.02578125
0 0.32265625 0.03046875 0.003125 0.0125
0 0.02890625 0.023828125 0.0015625 0.00078125
0 0.030078125 0.00859375 0.00078125 0.0015625
0 0.5 0.5 1.0 1.0
0 0.0828125 0.079296875 0.1078125 0.15859375