0 0.9422425474254743 0.9979674796747967 0.0037262872628726286 0.0040650406504065045
0 0.9349593495934959 0.9979674796747967 0.0020325203252032522 0.0040650406504065045
0 0.9376693766937669 0.9939024390243902 0.0020325203252032522 0.0040650406504065045
0 0.8802506775067751 0.9814532520325203 0.0010162601626016261 0.003556910569105691
0 0.8590785907859079 0.9654471544715447 0.0020325203252032522 0.0040650406504065045
0 0.8495934959349594 0.9613821138211383 0.0047425474254742545 0.0040650406504065045
0 0.8113143631436315 0.9654471544715447 0.009485094850948509 0.012195121951219513
0 0.7484756097560976 0.9491869918699187 0.0010162601626016261 0.0040650406504065045
0 0.7593157181571816 0.9451219512195121 0.0010162601626016261 0.0040650406504065045
0 0.6056910569105691 0.9222560975609756 0.0020325203252032522 0.0010162601626016261
0 0.6260162601626016 0.9207317073170732 0.0020325203252032522 0.0040650406504065045
0 0.55420054200542 0.8650914634146342 0.0006775067750677507 0.001524390243902439
0 0.4305555555555556 0.8597560975609756 0.0027100271002710027 0.00508130081300813
0 0.4476626016260163 0.8478150406504065 0.0010162601626016261 0.003556910569105691
0 0.46747967479674796 0.8259654471544715 0.0027100271002710027 0.001524390243902439
0 0.1852981029810298 0.8229166666666666 0.0033875338753387536 0.003556910569105691
0 0.45037262872628725 0.8168191056910569 0.00033875338753387534 0.0005081300813008131
0 0.13499322493224933 0.8132621951219512 0.00033875338753387534 0.0005081300813008131
0 0.9393631436314364 0.8058943089430894 0.0006775067750677507 0.0020325203252032522
0 0.1919037940379404 0.8051321138211383 0.00033875338753387534 0.0005081300813008131
0 0.11161924119241193 0.8066565040650406 0.0010162601626016261 0.003556910569105691
0 0.0926490514905149 0.8066565040650406 0.0010162601626016261 0.003556910569105691
0 0.9209010840108401 0.8041158536585366 0.0010162601626016261 0.001524390243902439
0 0.9119241192411924 0.8033536585365854 0.0013550135501355014 0.0020325203252032522
0 0.9666327913279132 0.8028455284552846 0.0016937669376693768 0.0020325203252032522
0 0.9632452574525745 0.8025914634146342 0.0016937669376693768 0.002540650406504065
0 0.989159891598916 0.8013211382113821 0.0013550135501355014 0.0010162601626016261
0 0.9486788617886179 0.8013211382113821 0.0016937669376693768 0.0020325203252032522
0 0.48509485094850946 0.8003048780487805 0.0013550135501355014 0.0010162601626016261
0 0.9397018970189702 0.7997967479674797 0.0020325203252032522 0.0020325203252032522
0 0.926490514905149 0.7990345528455285 0.0020325203252032522 0.002540650406504065
0 0.9210704607046071 0.7987804878048781 0.0020325203252032522 0.0020325203252032522
0 0.9175135501355014 0.7982723577235772 0.0010162601626016261 0.0020325203252032522
0 0.9119241192411924 0.7977642276422764 0.0020325203252032522 0.0020325203252032522
0 0.10840108401084012 0.8005589430894309 0.007452574525745257 0.008638211382113821
0 0.9630758807588076 0.7964939024390244 0.0027100271002710027 0.002540650406504065
0 0.10569105691056911 0.7959857723577236 0.0013550135501355014 0.001524390243902439
0 0.09671409214092141 0.796239837398374 0.0016937669376693768 0.0020325203252032522
0 0.04556233062330623 0.8234247967479674 0.09112466124661246 0.056402439024390245
0 0.9583333333333334 0.7959857723577236 0.0027100271002710027 0.003556910569105691
0 0.9488482384823849 0.7954776422764228 0.0020325203252032522 0.002540650406504065
0 0.9397018970189702 0.7947154471544715 0.0013550135501355014 0.0020325203252032522
0 0.9896680216802168 0.7949695121951219 0.0010162601626016261 0.003556910569105691
0 0.0809620596205962 0.7970020325203252 0.006775067750677507 0.007621951219512195
0 0.9307249322493225 0.7939532520325203 0.0016937669376693768 0.002540650406504065
0 0.09163279132791328 0.7924288617886179 0.00033875338753387534 0.0005081300813008131
0 0.9176829268292683 0.7926829268292683 0.0020325203252032522 0.0020325203252032522
0 0.9081978319783198 0.791920731707317 0.0020325203252032522 0.002540650406504065
0 0.8890582655826558 0.789380081300813 0.0016937669376693768 0.001524390243902439
0 0.43953252032520324 0.788109756097561 0.0016937669376693768 0.0010162601626016261
0 0.024051490514905148 0.7888719512195121 0.008807588075880758 0.005589430894308943
0 0.8861788617886179 0.7863313008130082 0.0020325203252032522 0.003556910569105691
0 0.8907520325203252 0.7850609756097561 0.0016937669376693768 0.0020325203252032522
0 0.41751355013550134 0.7842987804878049 0.00033875338753387534 0.0005081300813008131
0 0.9491869918699187 0.7848069105691057 0.0033875338753387536 0.003556910569105691
0 0.9534214092140921 0.78125 0.00033875338753387534 0.0005081300813008131
0 0.940210027100271 0.7835365853658537 0.003048780487804878 0.00508130081300813
0 0.9368224932249323 0.78125 0.00033875338753387534 0.0005081300813008131
0 0.9310636856368564 0.7822662601626016 0.003048780487804878 0.003556910569105691
0 0.9271680216802168 0.7822662601626016 0.0027100271002710027 0.003556910569105691
0 0.9642615176151762 0.779979674796748 0.0010162601626016261 0.0010162601626016261
0 0.9126016260162602 0.7807418699186992 0.0033875338753387536 0.004573170731707317
0 0.8941395663956639 0.7802337398373984 0.0037262872628726286 0.005589430894308943
0 0.04522357723577236 0.7802337398373984 0.007791327913279133 0.005589430894308943
0 0.9242886178861789 0.7774390243902439 0.0010162601626016261 0.0020325203252032522
0 0.8975271002710027 0.7782012195121951 0.0010162601626016261 0.003556910569105691
0 0.05199864498644986 0.7776930894308943 0.0023712737127371273 0.002540650406504065
0 0.006097560975609756 0.7817581300813008 0.012195121951219513 0.013719512195121951
0 0.9053184281842819 0.7721036585365854 0.0010162601626016261 0.001524390243902439
0 0.8812669376693767 0.7728658536585366 0.004403794037940379 0.007113821138211382
0 0.09518970189701897 0.7693089430894309 0.005420054200542005 0.006097560975609756
0 0.08299457994579945 0.7688008130081301 0.016260162601626018 0.006097560975609756
0 0.07350948509485095 0.7665142276422764 0.0013550135501355014 0.003556910569105691
0 0.9004065040650406 0.766260162601626 0.0013550135501355014 0.0040650406504065045
0 0.07367886178861789 0.7639735772357723 0.00033875338753387534 0.0005081300813008131
0 0.08773712737127372 0.7599085365853658 0.007452574525745257 0.0066056910569105695
0 0.09552845528455285 0.7591463414634146 0.005420054200542005 0.006097560975609756
0 0.07723577235772358 0.7588922764227642 0.011517615176151762 0.005589430894308943
0 0.06792005420054201 0.7611788617886179 0.004403794037940379 0.017276422764227643
0 0.09400406504065041 0.7515243902439024 0.009146341463414634 0.007113821138211382
0 0.07960704607046071 0.7507621951219512 0.016937669376693765 0.0066056910569105695
0 0.07350948509485095 0.7129065040650406 0.051490514905149054 0.019308943089430895
0 0.18512872628726287 0.7179878048780488 0.009823848238482384 0.051829268292682924
0 0.17005420054200543 0.7101117886178862 0.012872628726287264 0.0625
0 0.16073848238482386 0.6600609756097561 0.024051490514905148 0.009146341463414634
0 0.08350271002710027 0.6544715447154471 0.028794037940379404 0.008130081300813009
0 0.3036924119241192 0.6491361788617886 0.00033875338753387534 0.0005081300813008131
0 0.2994579945799458 0.6486280487804879 0.005420054200542005 0.0005081300813008131
0 0.09603658536585366 0.6440548780487805 0.0023712737127371273 0.001524390243902439
0 0.09400406504065041 0.6432926829268293 0.0010162601626016261 0.0020325203252032522
0 0.0975609756097561 0.6415142276422764 0.0013550135501355014 0.001524390243902439
0 0.09552845528455285 0.641260162601626 0.0013550135501355014 0.0010162601626016261
0 0.15328590785907859 0.6453252032520326 0.03895663956639566 0.01524390243902439
0 0.16666666666666666 0.6338922764227642 0.01016260162601626 0.002540650406504065
0 0.37347560975609756 0.6252540650406504 0.0010162601626016261 0.0005081300813008131
0 0.23255420054200543 0.7535569105691057 0.46510840108401086 0.2571138211382114
0 0.3807588075880759 0.6252540650406504 0.006775067750677507 0.001524390243902439
0 0.5232046070460704 0.626270325203252 0.011178861788617886 0.027947154471544715
0 0.22086720867208673 0.6130589430894309 0.03861788617886179 0.015752032520325202
0 0.37212059620596205 0.6092479674796748 0.03895663956639566 0.01016260162601626
0 0.2356029810298103 0.6013719512195121 0.009146341463414634 0.003556910569105691
0 0.3871951219512195 0.5983231707317073 0.0013550135501355014 0.001524390243902439
0 0.38973577235772355 0.5967987804878049 0.00033875338753387534 0.0005081300813008131
0 0.4583333333333333 0.5940040650406504 0.03319783197831978 0.006097560975609756
0 0.47002032520325204 0.588160569105691 0.003048780487804878 0.001524390243902439
0 0.04336043360433604 0.6227134146341463 0.008807588075880758 0.07063008130081301
0 0.4478319783197832 0.5746951219512195 0.008130081300813009 0.0020325203252032522
0 0.5621612466124661 0.5691056910569106 0.022018970189701895 0.009146341463414634
0 0.4596883468834688 0.573170731707317 0.03116531165311653 0.017276422764227643
0 0.06046747967479675 0.5640243902439024 0.018631436314363144 0.0040650406504065045
0 0.007452574525745257 0.5642784552845529 0.013550135501355014 0.004573170731707317
0 0.6371951219512195 0.5663109756097561 0.023712737127371274 0.009654471544715448
0 0.46934281842818426 0.5591971544715447 0.009823848238482384 0.004573170731707317
0 0.06605691056910569 0.5574186991869918 0.03048780487804878 0.008130081300813009
0 0.011348238482384823 0.5576727642276422 0.022696476964769646 0.011686991869918699
0 0.02032520325203252 0.5485264227642277 0.0040650406504065045 0.003556910569105691
0 0.2508468834688347 0.5454776422764228 0.030149051490514906 0.002540650406504065
0 0.24491869918699186 0.5307418699186992 0.046747967479674794 0.007621951219512195
0 0.2046070460704607 0.5241361788617886 0.0013550135501355014 0.008638211382113821
0 0.6011178861788617 0.5200711382113821 0.00508130081300813 0.001524390243902439
0 0.5813008130081301 0.5175304878048781 0.022357723577235773 0.002540650406504065
0 0.6869918699186992 0.5142276422764228 0.0020325203252032522 0.0020325203252032522
0 0.32672764227642276 0.5129573170731707 0.00033875338753387534 0.0005081300813008131
0 0.6969850948509485 0.514989837398374 0.01592140921409214 0.0066056910569105695
0 0.35687669376693765 0.5129573170731707 0.05250677506775068 0.014735772357723578
0 0.6910569105691057 0.506859756097561 0.03861788617886179 0.004573170731707317
0 0.5819783197831978 0.5050813008130082 0.048102981029810296 0.01016260162601626
0 0.5548780487804879 0.4997459349593496 0.0013550135501355014 0.0005081300813008131
0 0.15142276422764228 0.4974593495934959 0.025067750677506776 0.00508130081300813
0 0.7054539295392954 0.4956808943089431 0.01592140921409214 0.005589430894308943
0 0.5978997289972899 0.491869918699187 0.017615176151761516 0.009146341463414634
0 0.5475948509485095 0.4814532520325203 0.007791327913279133 0.003556910569105691
0 0.45037262872628725 0.476880081300813 0.0010162601626016261 0.0005081300813008131
0 0.1480352303523035 0.48297764227642276 0.02981029810298103 0.012703252032520325
0 0.47002032520325204 0.47865853658536583 0.03489159891598916 0.009146341463414634
0 0.4654471544715447 0.4639227642276423 0.04200542005420054 0.01524390243902439
0 0.4774728997289973 0.45528455284552843 0.003048780487804878 0.0010162601626016261
0 0.48187669376693765 0.45401422764227645 0.0016937669376693768 0.001524390243902439
0 0.4761178861788618 0.4476626016260163 0.014566395663956639 0.008130081300813009
0 0.44088753387533874 0.4405487804878049 0.0016937669376693768 0.0010162601626016261
0 0.4173441734417344 0.43165650406504064 0.0006775067750677507 0.0005081300813008131
0 0.7808265582655827 0.43140243902439024 0.03319783197831978 0.011178861788617886
0 0.0018631436314363143 0.4527439024390244 0.0037262872628726286 0.05386178861788618
0 0.5279471544715447 0.4250508130081301 0.0010162601626016261 0.003556910569105691
0 0.003048780487804878 0.42403455284552843 0.0006775067750677507 0.002540650406504065
0 0.752879403794038 0.3945630081300813 0.051829268292682924 0.010670731707317074
0 0.48204607046070463 0.36153455284552843 0.0020325203252032522 0.0005081300813008131
0 0.4771341463414634 0.36051829268292684 0.00033875338753387534 0.0005081300813008131
0 0.2752371273712737 0.3539126016260163 0.00033875338753387534 0.0005081300813008131
0 0.18800813008130082 0.37703252032520324 0.03184281842818428 0.0508130081300813
0 0.02981029810298103 0.35797764227642276 0.012872628726287264 0.015752032520325202
0 0.03031842818428184 0.34933943089430897 0.00033875338753387534 0.0005081300813008131
0 0.5 0.5 1.0 1.0