0 0.1075 0.998125 0.005 0.00375
0 0.951875 0.9925 0.03625 0.015
0 0.986875 0.98375 0.00375 0.0025
0 0.064375 0.98375 0.00875 0.005
0 0.978125 0.98125 0.00625 0.005
0 0.966875 0.97875 0.00375 0.0025
0 0.961875 0.976875 0.00125 0.00125
0 0.945625 0.974375 0.00375 0.00125
0 0.933125 0.971875 0.00125 0.00125
0 0.316875 0.985625 0.04125 0.02875
0 0.870625 0.950625 0.00125 0.00125
0 0.001875 0.95 0.00375 0.0025
0 0.8875 0.94625 0.0175 0.0075
0 0.0375 0.94 0.005 0.0025
0 0.016875 0.929375 0.00375 0.00375
0 0.01 0.929375 0.005 0.00375
0 0.01625 0.935625 0.0325 0.02125
0 0.028125 0.919375 0.00125 0.00125
0 0.04625 0.920625 0.0075 0.00625
0 0.033125 0.920625 0.00375 0.00625
0 0.970625 0.9175 0.00375 0.0025
0 0.063125 0.915625 0.00125 0.00125
0 0.055 0.91375 0.0025 0.0025
0 0.075625 0.911875 0.00125 0.00125
0 0.065625 0.910625 0.00125 0.00125
0 0.078125 0.906875 0.00125 0.00125
0 0.088125 0.905625 0.00125 0.00125
0 0.0975 0.9025 0.0025 0.0025
0 0.105 0.900625 0.0025 0.00125
0 0.11625 0.89875 0.0025 0.0025
0 0.11 0.89875 0.0025 0.0025
0 0.905 0.895 0.005 0.0025
0 0.87375 0.889375 0.0025 0.00125
0 0.1175 0.881875 0.0025 0.00125
0 0.001875 0.88625 0.00375 0.01
0 0.134375 0.878125 0.00375 0.00125
0 0.77125 0.8775 0.005 0.005
0 0.14 0.87 0.0025 0.0025
0 0.144375 0.868125 0.00125 0.00125
0 0.146875 0.865625 0.00125 0.00125
0 0.00875 0.880625 0.015 0.03125
0 0.140625 0.864375 0.00375 0.00375
0 0.140625 0.860625 0.00125 0.00125
0 0.040625 0.87375 0.05375 0.035
0 0.141875 0.853125 0.00375 0.00375
0 0.003125 0.855 0.00625 0.0075
0 0.10125 0.861875 0.0725 0.03375
0 0.14875 0.82 0.0225 0.02
0 0.124375 0.810625 0.00125 0.00125
0 0.99125 0.80375 0.01 0.005
0 0.981875 0.80125 0.00375 0.0025
0 0.97125 0.79875 0.005 0.0025
0 0.935 0.793125 0.045 0.01125
0 0.9 0.785 0.0025 0.0025
0 0.889375 0.78375 0.00625 0.0025
0 0.85125 0.77625 0.005 0.0025
0 0.95875 0.771875 0.0025 0.00125
0 0.914375 0.773125 0.00875 0.00375
0 0.94875 0.77375 0.0125 0.01
0 0.02 0.764375 0.0025 0.00125
0 0.890625 0.765 0.00375 0.005
0 0.0075 0.768125 0.015 0.01375
0 0.084375 0.760625 0.00125 0.00125
0 0.07625 0.760625 0.0075 0.00375
0 0.053125 0.759375 0.00125 0.00125
0 0.030625 0.76 0.00375 0.0025
0 0.044375 0.758125 0.00875 0.00375
0 0.99375 0.7325 0.0125 0.0075
0 0.979375 0.73 0.00875 0.005
0 0.950625 0.72 0.00625 0.0025
0 0.981875 0.718125 0.03625 0.01125
0 0.949375 0.7125 0.02125 0.01
0 0.915625 0.713125 0.05625 0.02125
0 0.839375 0.700625 0.00125 0.00125
0 0.016875 0.7125 0.03375 0.03
0 0.046875 0.706875 0.03125 0.03125
0 0.001875 0.683125 0.00375 0.00625
0 0.184375 0.6675 0.01125 0.0075
0 0.023125 0.674375 0.04625 0.02375
0 0.189375 0.66 0.00125 0.0025
0 0.065625 0.665625 0.01625 0.02625
0 0.1975 0.65375 0.0075 0.0075
0 0.186875 0.65125 0.00125 0.0025
0 0.69125 0.6425 0.005 0.005
0 0.20125 0.633125 0.0025 0.00125
0 0.13875 0.653125 0.125 0.04875
0 0.02 0.599375 0.04 0.02375
0 0.25875 0.574375 0.005 0.00875
0 0.111875 0.5875 0.12875 0.045
0 0.010625 0.566875 0.02125 0.02875
0 0.030625 0.560625 0.02625 0.02125
0 0.05375 0.554375 0.02 0.02875
0 0.100625 0.52125 0.20125 0.0225
0 0.0075 0.49125 0.015 0.0125
0 0.006875 0.471875 0.01375 0.01625
0 0.031875 0.47875 0.03375 0.035
0 0.749375 0.576875 0.14375 0.24375
0 0.548125 0.338125 0.14375 0.08875
0 0.565625 0.249375 0.11625 0.01375
0 0.58 0.2375 0.0475 0.005
0 0.5 0.5 1.0 1.0