0 0.328515625 0.93125 0.39453125 0.059375
0 0.319140625 0.721484375 0.01796875 0.01328125
0 0.30625 0.696875 0.0015625 0.00625
0 0.628515625 0.6796875 0.00390625 0.0015625
0 0.6234375 0.67890625 0.003125 0.0015625
0 0.655078125 0.66875 0.01328125 0.009375
0 0.62578125 0.633203125 0.0046875 0.00546875
0 0.6375 0.62734375 0.0078125 0.003125
0 0.6359375 0.618359375 0.0015625 0.00234375
0 0.641015625 0.616015625 0.00078125 0.00078125
0 0.3015625 0.61484375 0.0015625 0.0046875
0 0.301171875 0.6078125 0.00078125 0.003125
0 0.640234375 0.598046875 0.00078125 0.00078125
0 0.662109375 0.60625 0.00703125 0.0265625
0 0.6640625 0.5890625 0.0015625 0.0046875
0 0.659375 0.587109375 0.0015625 0.00234375
0 0.640234375 0.5859375 0.00078125 0.0015625
0 0.73515625 0.602734375 0.0046875 0.04609375
0 0.301953125 0.559375 0.00078125 0.0015625
0 0.641796875 0.555859375 0.00390625 0.00234375
0 0.63828125 0.555078125 0.0015625 0.00078125
0 0.50390625 0.59375 0.0390625 0.0875
0 0.521875 0.548828125 0.0015625 0.00078125
0 0.753515625 0.740234375 0.35859375 0.38515625
0 0.522265625 0.5421875 0.00234375 0.003125
0 0.3015625 0.54453125 0.0109375 0.0265625
0 0.278515625 0.49453125 0.02578125 0.01875
0 0.16953125 0.42421875 0.009375 0.015625
0 0.499609375 0.386328125 0.00078125 0.00234375
0 0.479296875 0.37890625 0.02734375 0.04375
0 0.47421875 0.353125 0.0015625 0.003125
0 0.310546875 0.348046875 0.00234375 0.00234375
0 0.3 0.345703125 0.0046875 0.00546875
0 0.308984375 0.23828125 0.27578125 0.340625