0 0.3046875 0.51953125 0.0015625 0.0015625
0 0.35234375 0.50703125 0.003125 0.0015625
0 0.363671875 0.5015625 0.00703125 0.0046875
0 0.375390625 0.49609375 0.00703125 0.00625
0 0.38671875 0.488671875 0.0078125 0.00703125
0 0.396484375 0.481640625 0.00859375 0.00859375
0 0.40703125 0.473046875 0.009375 0.00859375
0 0.424609375 0.45546875 0.01015625 0.009375
0 0.273828125 0.421484375 0.00078125 0.00078125
0 0.265625 0.41328125 0.0015625 0.0015625
0 0.25625 0.411328125 0.0015625 0.00078125
0 0.26875 0.408984375 0.0015625 0.00078125
0 0.2640625 0.402734375 0.0046875 0.00234375
0 0.759765625 0.397265625 0.00078125 0.00078125
0 0.758984375 0.3953125 0.00078125 0.0015625
0 0.280859375 0.39375 0.00078125 0.0015625
0 0.27109375 0.394140625 0.0046875 0.00390625
0 0.276953125 0.392578125 0.00234375 0.00234375
0 0.27890625 0.3859375 0.0046875 0.0046875
0 0.7515625 0.380859375 0.0015625 0.00234375
0 0.322265625 0.380078125 0.00078125 0.00078125
0 0.73984375 0.3734375 0.00625 0.00625
0 0.74609375 0.37421875 0.0078125 0.009375
0 0.73828125 0.36640625 0.003125 0.003125
0 0.7328125 0.36640625 0.003125 0.003125
0 0.2953125 0.373828125 0.0203125 0.01953125
0 0.734375 0.362890625 0.0015625 0.00078125
0 0.729296875 0.358984375 0.00078125 0.00078125
0 0.723046875 0.3546875 0.00234375 0.0015625
0 0.346484375 0.37421875 0.12109375 0.0546875
0 0.390625 0.3390625 0.0078125 0.0015625
0 0.678125 0.334765625 0.0015625 0.00078125
0 0.672265625 0.333203125 0.00078125 0.00078125
0 0.49140625 0.534375 0.9140625 0.4234375