0 0.5038888888888889 0.7579166666666667 0.0011111111111111111 0.0008333333333333334
0 0.5155555555555555 0.7520833333333333 0.017777777777777778 0.0025
0 0.5616666666666666 0.7454166666666666 0.0011111111111111111 0.0008333333333333334
0 0.6033333333333334 0.7429166666666667 0.0044444444444444444 0.005833333333333334
0 0.6322222222222222 0.7408333333333333 0.04 0.016666666666666666
0 0.45055555555555554 0.7275 0.0011111111111111111 0.0016666666666666668
0 0.6255555555555555 0.72625 0.0044444444444444444 0.0025
0 0.45222222222222225 0.7220833333333333 0.0022222222222222222 0.0008333333333333334
0 0.625 0.7220833333333333 0.005555555555555556 0.0025
0 0.6861111111111111 0.7204166666666667 0.0011111111111111111 0.0008333333333333334
0 0.7538888888888889 0.71875 0.0011111111111111111 0.0025
0 0.7455555555555555 0.7141666666666666 0.006666666666666667 0.005
0 0.3883333333333333 0.6966666666666667 0.012222222222222223 0.005
0 0.7422222222222222 0.6716666666666666 0.006666666666666667 0.0016666666666666668
0 0.7238888888888889 0.6633333333333333 0.0011111111111111111 0.0033333333333333335
0 0.325 0.6520833333333333 0.005555555555555556 0.004166666666666667
0 0.29777777777777775 0.65375 0.008888888888888889 0.0125
0 0.4861111111111111 0.7875 0.5588888888888889 0.2816666666666667
0 0.24666666666666667 0.62875 0.0044444444444444444 0.0025
0 0.7594444444444445 0.6183333333333333 0.0011111111111111111 0.0016666666666666668
0 0.23333333333333334 0.61875 0.0022222222222222222 0.0025
0 0.7444444444444445 0.6166666666666667 0.0022222222222222222 0.006666666666666667
0 0.7238888888888889 0.6054166666666667 0.0077777777777777776 0.0025
0 0.7333333333333333 0.5654166666666667 0.008888888888888889 0.0025
0 0.7427777777777778 0.5683333333333334 0.0077777777777777776 0.01
0 0.7422222222222222 0.5566666666666666 0.006666666666666667 0.006666666666666667
0 0.7305555555555555 0.535 0.0033333333333333335 0.0033333333333333335
0 0.7394444444444445 0.52375 0.005555555555555556 0.0075
0 0.7366666666666667 0.5083333333333333 0.0022222222222222222 0.0016666666666666668
0 0.7333333333333333 0.5033333333333333 0.006666666666666667 0.0016666666666666668
0 0.7133333333333334 0.44916666666666666 0.0022222222222222222 0.0016666666666666668
0 0.6577777777777778 0.5795833333333333 0.18444444444444444 0.30583333333333335