0 0.8774120317820658 0.9084895259095921 0.004540295119182747 0.002205071664829107
0 0.8853575482406356 0.9046306504961411 0.0022701475595913734 0.0011025358324145535
0 0.8938706015891033 0.9002205071664829 0.0056753688989784334 0.0033076074972436605
0 0.9148694665153235 0.8875413450937155 0.0340522133938706 0.019845644983461964
0 0.7565266742338252 0.8610804851157663 0.2122587968217934 0.10804851157662625
0 0.681044267877412 0.7061742006615215 0.0022701475595913734 0.007717750826901874
0 0.06753688989784336 0.6901874310915105 0.0011350737797956867 0.002205071664829107
0 0.6401816118047673 0.6686879823594267 0.00681044267877412 0.0011025358324145535
0 0.043132803632236094 0.6708930540242558 0.08626560726447219 0.009922822491730982
0 0.9733257661748014 0.6620727673649394 0.0056753688989784334 0.0011025358324145535
0 0.9199772985244041 0.6626240352811467 0.00340522133938706 0.002205071664829107
0 0.9914869466515324 0.6615214994487321 0.01021566401816118 0.002205071664829107
0 0.07945516458569807 0.6152149944873209 0.0022701475595913734 0.002205071664829107
0 0.6083995459704881 0.3131201764057332 0.0022701475595913734 0.002205071664829107
0 0.6140749148694665 0.31477398015435504 0.00681044267877412 0.007717750826901874
0 0.6220204313280363 0.30429988974641675 0.0022701475595913734 0.002205071664829107
0 0.6282633371169126 0.29713340683572215 0.00340522133938706 0.0033076074972436605
0 0.5261066969353008 0.2816979051819184 0.0011350737797956867 0.0011025358324145535
0 0.6078320090805902 0.27783902976846747 0.0056753688989784334 0.008820286659316428
0 0.6186152099886493 0.269018743109151 0.0022701475595913734 0.006615214994487321
0 0.3813847900113507 0.539691289966924 0.6106696935300795 0.6295479603087101
0 0.3620885357548241 0.21830209481808158 0.00681044267877412 0.008820286659316428
0 0.659477866061294 0.0926130099228225 0.00681044267877412 0.008820286659316428