0 0.4815 0.9261065266316579 0.001 0.0007501875468867217
0 0.466 0.9212303075768942 0.006 0.003000750187546887
0 0.494 0.9174793698424606 0.002 0.0015003750937734434
0 0.649 0.913728432108027 0.004 0.003000750187546887
0 0.442 0.9073518379594899 0.002 0.0007501875468867217
0 0.468 0.9069767441860465 0.008 0.003000750187546887
0 0.499 0.9092273068267067 0.292 0.06151537884471118
0 0.6145 0.873218304576144 0.003 0.0015003750937734434
0 0.5645 0.8713428357089272 0.007 0.002250562640660165
0 0.594 0.8702175543885972 0.018 0.010502625656414103
0 0.5585 0.8672168042010503 0.003 0.00450112528132033
0 0.604 0.8593398349587397 0.008 0.002250562640660165
0 0.556 0.8593398349587397 0.008 0.002250562640660165
0 0.526 0.8570892723180795 0.01 0.002250562640660165
0 0.4745 0.8709677419354839 0.225 0.033008252063015754
0 0.5345 0.8533383345836459 0.003 0.002250562640660165
0 0.5275 0.8432108027006752 0.005 0.006001500375093774
0 0.518 0.8428357089272318 0.002 0.006751687921980495
0 0.508 0.8390847711927982 0.008 0.002250562640660165
0 0.6255 0.8375843960990248 0.003 0.005251312828207052
0 0.607 0.8349587396849212 0.002 0.0015003750937734434
0 0.584 0.8432108027006752 0.048 0.030007501875468866
0 0.5585 0.8270817704426107 0.003 0.002250562640660165
0 0.532 0.8270817704426107 0.008 0.002250562640660165
0 0.6015 0.8252063015753939 0.003 0.006001500375093774
0 0.5535 0.8233308327081771 0.003 0.002250562640660165
0 0.5645 0.8150787696924231 0.007 0.002250562640660165
0 0.61 0.8150787696924231 0.012 0.014253563390847712
0 0.512 0.8019504876219055 0.336 0.012003000750187547
0 0.4975 0.7873218304576144 0.001 0.0007501875468867217
0 0.479 0.7798199549887472 0.002 0.0007501875468867217
0 0.5185 0.7794448612153039 0.003 0.0015003750937734434
0 0.4945 0.7790697674418605 0.003 0.002250562640660165
0 0.4735 0.7771942985746436 0.003 0.0015003750937734434
0 0.489 0.7756939234808702 0.002 0.0015003750937734434
0 0.5135 0.7753188297074268 0.003 0.002250562640660165
0 0.4785 0.7745686421605401 0.001 0.0007501875468867217
0 0.536 0.77344336084021 0.014 0.003000750187546887
0 0.504 0.7471867966991748 0.232 0.006001500375093774
0 0.5215 0.691297824456114 0.197 0.005251312828207052
0 0.5635 0.6357839459864967 0.005 0.0007501875468867217
0 0.497 0.6357839459864967 0.002 0.0007501875468867217
0 0.4775 0.63615903975994 0.005 0.0015003750937734434
0 0.6015 0.6350337584396099 0.003 0.0007501875468867217
0 0.458 0.6354088522130532 0.004 0.0015003750937734434
0 0.59 0.45161290322580644 0.004 0.003000750187546887
0 0.6285 0.4452363090772693 0.005 0.0037509377344336083
0 0.6 0.4373593398349587 0.004 0.0015003750937734434
0 0.627 0.4373593398349587 0.008 0.003000750187546887
0 0.6415 0.4317329332333083 0.019 0.023255813953488372
0 0.609 0.22693173293323332 0.002 0.002250562640660165
0 0.6145 0.2231807951987997 0.001 0.0007501875468867217
0 0.5735 0.21680420105026257 0.005 0.003000750187546887
0 0.608 0.2175543885971493 0.006 0.007501875468867217
0 0.4735 0.20967741935483872 0.001 0.0007501875468867217
0 0.452 0.20855213803450862 0.02 0.0015003750937734434
0 0.603 0.20967741935483872 0.006 0.005251312828207052
0 0.601 0.20555138784696175 0.002 0.0015003750937734434
0 0.5 0.1972993248312078 0.006 0.0015003750937734434
0 0.4335 0.18079519879969994 0.003 0.0015003750937734434
0 0.5085 0.1676669167291823 0.169 0.08477119279819954