0 0.8218390804597702 0.8411764705882353 0.005747126436781609 0.007058823529411765
0 0.21479885057471265 0.7247058823529412 0.004310344827586207 0.01411764705882353
0 0.20905172413793102 0.6764705882352942 0.027298850574712645 0.01647058823529412
0 0.22485632183908047 0.5294117647058824 0.0014367816091954023 0.004705882352941176
0 0.24568965517241378 0.5011764705882353 0.0028735632183908046 0.004705882352941176
0 0.4791666666666667 0.45647058823529413 0.004310344827586207 0.004705882352941176
0 0.4942528735632184 0.21764705882352942 0.0028735632183908046 0.002352941176470588
0 0.5502873563218391 0.21529411764705883 0.0028735632183908046 0.002352941176470588
0 0.5222701149425287 0.21529411764705883 0.004310344827586207 0.007058823529411765
0 0.2557471264367816 0.21058823529411766 0.0028735632183908046 0.007058823529411765
0 0.7406609195402298 0.18235294117647058 0.0014367816091954023 0.007058823529411765
0 0.2880747126436782 0.15294117647058825 0.004310344827586207 0.009411764705882352
0 0.7377873563218391 0.14470588235294118 0.0014367816091954023 0.002352941176470588
0 0.5926724137931034 0.15058823529411763 0.007183908045977011 0.01411764705882353
0 0.507183908045977 0.13058823529411764 0.0028735632183908046 0.002352941176470588
0 0.5395114942528736 0.13058823529411764 0.004310344827586207 0.011764705882352941
0 0.5165229885057471 0.12705882352941175 0.004310344827586207 0.004705882352941176
0 0.48060344827586204 0.12823529411764706 0.004310344827586207 0.01647058823529412
0 0.6149425287356322 0.1188235294117647 0.017241379310344827 0.011764705882352941
0 0.5977011494252874 0.1188235294117647 0.0028735632183908046 0.01647058823529412
0 0.21910919540229884 0.15764705882352942 0.05603448275862069 0.0988235294117647
0 0.3074712643678161 0.12352941176470589 0.04885057471264368 0.07294117647058823
0 0.39798850574712646 0.11529411764705882 0.04885057471264368 0.08470588235294117
0 0.4892241379310345 0.5352941176470588 0.889367816091954 0.9294117647058824
0 0.6142241379310345 0.08941176470588236 0.027298850574712645 0.042352941176470586
0 0.5100574712643678 0.09058823529411765 0.06896551724137931 0.06352941176470588