0 0.30625 0.745 0.0025 0.005
0 0.31375 0.74375 0.0025 0.0075
0 0.30125 0.73 0.0025 0.005
0 0.29625 0.685 0.0125 0.01
0 0.4925 0.745 0.405 0.19
0 0.385 0.6225 0.005 0.005
0 0.645 0.6275 0.03 0.02
0 0.62 0.6175 0.005 0.005
0 0.60375 0.5975 0.0075 0.01
0 0.57625 0.54625 0.0125 0.0325
0 0.5625 0.50875 0.01 0.0225
0 0.55375 0.4475 0.0075 0.035
0 0.3575 0.455 0.125 0.18
0 0.14875 0.185 0.1575 0.04
0 0.05375 0.18125 0.0275 0.0325
0 0.24375 0.17875 0.0225 0.0375
0 0.0325 0.17875 0.01 0.0375
0 0.42875 0.2125 0.1925 0.165
0 0.19125 0.13 0.0775 0.045
0 0.08625 0.12875 0.0825 0.0475
0 0.14 0.07875 0.055 0.0975
0 0.18625 0.045 0.0325 0.035