0 0.8774120317820658 0.9084895259095921 0.004540295119182747 0.004410143329658214
0 0.8859250851305335 0.9046306504961411 0.0011350737797956867 0.0011025358324145535
0 0.8933030646992054 0.9002205071664829 0.004540295119182747 0.0033076074972436605
0 0.9148694665153235 0.8875413450937155 0.0340522133938706 0.019845644983461964
0 0.7565266742338252 0.860529217199559 0.2122587968217934 0.10915104740904079
0 0.6435868331441543 0.7557883131201764 0.004540295119182747 0.0033076074972436605
0 0.06753688989784336 0.6901874310915105 0.0011350737797956867 0.002205071664829107
0 0.043132803632236094 0.6708930540242558 0.08626560726447219 0.009922822491730982
0 0.9199772985244041 0.6626240352811467 0.00340522133938706 0.002205071664829107
0 0.9920544835414302 0.6615214994487321 0.009080590238365494 0.002205071664829107
0 0.6140749148694665 0.3153252480705623 0.00681044267877412 0.006615214994487321
0 0.6220204313280363 0.3037486218302095 0.0022701475595913734 0.0033076074972436605
0 0.6186152099886493 0.30099228224917307 0.0022701475595913734 0.002205071664829107
0 0.6276958002270148 0.29768467475192945 0.0022701475595913734 0.002205071664829107
0 0.6083995459704881 0.27783902976846747 0.00681044267877412 0.011025358324145534
0 0.6191827468785471 0.269018743109151 0.00340522133938706 0.008820286659316428
0 0.38081725312145287 0.5352811466372657 0.6118047673098751 0.6383682469680264
0 0.3620885357548241 0.2105843439911797 0.0022701475595913734 0.002205071664829107
0 0.6855845629965948 0.08985667034178611 0.009080590238365494 0.0033076074972436605
0 0.6583427922814983 0.09206174200661521 0.009080590238365494 0.007717750826901874
0 0.7122587968217934 0.08103638368246968 0.007945516458569807 0.0033076074972436605
0 0.6674233825198638 0.07772877618522601 0.009080590238365494 0.0033076074972436605
0 0.6407491486946651 0.060088202866593166 0.007945516458569807 0.0033076074972436605
0 0.6032917139614075 0.060088202866593166 0.007945516458569807 0.0033076074972436605
0 0.9761634506242906 0.03969128996692393 0.0022701475595913734 0.004410143329658214