0 0.31125 0.7104166666666667 0.035833333333333335 0.04583333333333333
0 0.17 0.7104166666666667 0.035 0.04583333333333333
0 0.44166666666666665 0.7045833333333333 0.03333333333333333 0.035833333333333335
0 0.4033333333333333 0.7041666666666667 0.03333333333333333 0.035
0 0.365 0.7045833333333333 0.03333333333333333 0.035833333333333335
0 0.20666666666666667 0.7045833333333333 0.03333333333333333 0.035833333333333335
0 0.11541666666666667 0.7045833333333333 0.034166666666666665 0.035833333333333335
0 0.07791666666666666 0.71 0.034166666666666665 0.04666666666666667
0 0.33791666666666664 0.69875 0.010833333333333334 0.04583333333333333
0 0.27291666666666664 0.69875 0.034166666666666665 0.04583333333333333
0 0.23833333333333334 0.69875 0.02666666666666667 0.04583333333333333
0 0.14291666666666666 0.69875 0.010833333333333334 0.04583333333333333
0 0.21375 0.62875 0.024166666666666666 0.009166666666666667
0 0.44208333333333333 0.6370833333333333 0.035833333333333335 0.04583333333333333
0 0.38708333333333333 0.63125 0.010833333333333334 0.034166666666666665
0 0.11125 0.63125 0.010833333333333334 0.034166666666666665
0 0.36125 0.63125 0.030833333333333334 0.035833333333333335
0 0.32458333333333333 0.6308333333333334 0.034166666666666665 0.035
0 0.2866666666666667 0.63125 0.03333333333333333 0.035833333333333335
0 0.13875 0.6375 0.034166666666666665 0.04833333333333333
0 0.40958333333333335 0.6254166666666666 0.0275 0.04583333333333333
0 0.24791666666666667 0.6258333333333334 0.034166666666666665 0.04666666666666667
0 0.17958333333333334 0.6254166666666666 0.034166666666666665 0.04583333333333333
0 0.08 0.6254166666666666 0.03833333333333333 0.04583333333333333
0 0.38666666666666666 0.6058333333333333 0.011666666666666667 0.01
0 0.11166666666666666 0.6058333333333333 0.011666666666666667 0.01
0 0.3070833333333333 0.5283333333333333 0.034166666666666665 0.045
0 0.2675 0.5283333333333333 0.03666666666666667 0.045
0 0.22375 0.5283333333333333 0.0375 0.045
0 0.17833333333333334 0.5283333333333333 0.03833333333333333 0.045
0 0.6620833333333334 0.41208333333333336 0.059166666666666666 0.20416666666666666
0 0.7604166666666666 0.5991666666666666 0.4791666666666667 0.6183333333333333
0 0.9125 0.28708333333333336 0.0016666666666666668 0.0008333333333333334
0 0.9045833333333333 0.28208333333333335 0.0025 0.0025
0 0.24041666666666667 0.385 0.2525 0.22333333333333333
0 0.7783333333333333 0.19083333333333333 0.13 0.07