0 0.52734375 0.83203125 0.005859375 0.001953125
0 0.51953125 0.80859375 0.005859375 0.001953125
0 0.52880859375 0.80712890625 0.0009765625 0.0009765625
0 0.666015625 0.7763671875 0.001953125 0.001953125
0 0.51708984375 0.77490234375 0.0009765625 0.0009765625
0 0.52099609375 0.76904296875 0.0087890625 0.0029296875
0 0.53759765625 0.76171875 0.0029296875 0.001953125
0 0.57177734375 0.72802734375 0.0009765625 0.0009765625
0 0.58349609375 0.71875 0.0107421875 0.005859375
0 0.57373046875 0.7177734375 0.0048828125 0.00390625
0 0.57275390625 0.7041015625 0.0029296875 0.001953125
0 0.576171875 0.67578125 0.005859375 0.00390625
0 0.58935546875 0.6474609375 0.0029296875 0.001953125
0 0.572265625 0.63818359375 0.00390625 0.0029296875
0 0.57177734375 0.6328125 0.0029296875 0.00390625
0 0.56640625 0.6240234375 0.001953125 0.001953125
0 0.56396484375 0.61279296875 0.0009765625 0.0009765625
0 0.556640625 0.6103515625 0.0078125 0.005859375
0 0.54638671875 0.59326171875 0.0009765625 0.0009765625
0 0.6123046875 0.54443359375 0.0234375 0.0283203125
0 0.58837890625 0.54443359375 0.0205078125 0.0283203125
0 0.5703125 0.52490234375 0.0078125 0.0087890625
0 0.50146484375 0.50390625 0.0029296875 0.001953125
0 0.27783203125 0.5009765625 0.0009765625 0.001953125
0 0.26806640625 0.5009765625 0.0029296875 0.001953125
0 0.27294921875 0.49951171875 0.0029296875 0.0029296875
0 0.50830078125 0.50048828125 0.0068359375 0.0068359375
0 0.2265625 0.49658203125 0.005859375 0.0068359375
0 0.189453125 0.48388671875 0.001953125 0.0009765625
0 0.26708984375 0.47314453125 0.0068359375 0.0068359375
0 0.17041015625 0.46826171875 0.0009765625 0.0009765625
0 0.18798828125 0.46728515625 0.0009765625 0.0009765625
0 0.18212890625 0.47021484375 0.0107421875 0.0107421875
0 0.212890625 0.46484375 0.001953125 0.001953125
0 0.16552734375 0.46484375 0.0029296875 0.001953125
0 0.16943359375 0.45703125 0.0029296875 0.00390625
0 0.259765625 0.451171875 0.005859375 0.0078125
0 0.224609375 0.44775390625 0.001953125 0.0029296875
0 0.19970703125 0.44775390625 0.0068359375 0.0048828125
0 0.193359375 0.4443359375 0.001953125 0.001953125
0 0.24365234375 0.44091796875 0.0029296875 0.0009765625
0 0.19287109375 0.439453125 0.0029296875 0.001953125
0 0.4775390625 0.43359375 0.00390625 0.005859375
0 0.24462890625 0.4287109375 0.0009765625 0.001953125
0 0.27099609375 0.4248046875 0.0009765625 0.001953125
0 0.26123046875 0.4228515625 0.0009765625 0.001953125
0 0.17578125 0.42236328125 0.0078125 0.0048828125
0 0.16015625 0.42041015625 0.00390625 0.0048828125
0 0.4775390625 0.42333984375 0.00390625 0.0126953125
0 0.17578125 0.41552734375 0.001953125 0.0029296875
0 0.16455078125 0.41455078125 0.0009765625 0.0009765625
0 0.46337890625 0.4130859375 0.0009765625 0.001953125
0 0.46630859375 0.4072265625 0.0009765625 0.001953125
0 0.21142578125 0.40966796875 0.0185546875 0.0126953125
0 0.1904296875 0.38427734375 0.001953125 0.0009765625
0 0.44921875 0.380859375 0.001953125 0.001953125
0 0.169921875 0.39599609375 0.02734375 0.0361328125
0 0.1552734375 0.365234375 0.00390625 0.005859375
0 0.16552734375 0.35546875 0.0029296875 0.001953125
0 0.15234375 0.353515625 0.005859375 0.00390625
0 0.42626953125 0.35400390625 0.0126953125 0.0068359375
0 0.16162109375 0.34765625 0.0009765625 0.001953125
0 0.1923828125 0.345703125 0.001953125 0.001953125
0 0.1826171875 0.33349609375 0.021484375 0.0244140625
0 0.146484375 0.31982421875 0.001953125 0.0009765625
0 0.18115234375 0.31103515625 0.0009765625 0.0009765625
0 0.15869140625 0.3037109375 0.0029296875 0.00390625
0 0.1630859375 0.30029296875 0.001953125 0.0029296875
0 0.15234375 0.29931640625 0.001953125 0.0009765625
0 0.14306640625 0.30126953125 0.0068359375 0.0048828125
0 0.5 0.64892578125 0.75 0.7021484375
0 0.13671875 0.29833984375 0.001953125 0.0029296875
0 0.12890625 0.29443359375 0.00390625 0.0048828125
0 0.1279296875 0.28564453125 0.001953125 0.0068359375
0 0.1337890625 0.27392578125 0.013671875 0.0380859375
0 0.12744140625 0.24853515625 0.0009765625 0.0029296875
0 0.12890625 0.23046875 0.00390625 0.005859375
0 0.44140625 0.2080078125 0.00390625 0.00390625
0 0.44482421875 0.189453125 0.0029296875 0.001953125
0 0.12744140625 0.177734375 0.0009765625 0.001953125
0 0.44189453125 0.17822265625 0.0048828125 0.0068359375
0 0.17041015625 0.16796875 0.0009765625 0.001953125
0 0.486328125 0.16357421875 0.001953125 0.0009765625
0 0.4892578125 0.15576171875 0.001953125 0.0009765625
0 0.169921875 0.15673828125 0.001953125 0.0029296875
0 0.47802734375 0.14501953125 0.0029296875 0.0009765625
0 0.4638671875 0.16943359375 0.04296875 0.0517578125
0 0.48193359375 0.14306640625 0.0029296875 0.0048828125
0 0.56298828125 0.140625 0.0009765625 0.001953125
0 0.47607421875 0.14013671875 0.0068359375 0.0048828125
0 0.47216796875 0.13818359375 0.0166015625 0.0087890625
0 0.1279296875 0.11181640625 0.001953125 0.0029296875