0 0.563 0.9794117647058823 0.004 0.00196078431372549
0 0.549 0.9813725490196078 0.022 0.0058823529411764705
0 0.6215 0.9607843137254902 0.089 0.0196078431372549
0 0.597 0.9382352941176471 0.002 0.00196078431372549
0 0.565 0.7235294117647059 0.002 0.00392156862745098
0 0.0535 0.23529411764705882 0.001 0.00392156862745098
0 0.0555 0.22549019607843138 0.001 0.00392156862745098
0 0.569 0.17647058823529413 0.002 0.00392156862745098
0 0.065 0.17450980392156862 0.016 0.09019607843137255
0 0.082 0.11470588235294117 0.016 0.029411764705882353
0 0.4215 0.06568627450980392 0.001 0.00196078431372549
0 0.6945 0.06568627450980392 0.005 0.03333333333333333
0 0.44 0.0892156862745098 0.026 0.1
0 0.5055 0.5 0.953 0.9254901960784314