0 0.2684615384615385 0.9828571428571429 0.004615384615384616 0.005714285714285714
0 0.28076923076923077 0.9642857142857143 0.038461538461538464 0.037142857142857144
0 0.8730769230769231 0.9328571428571428 0.023076923076923078 0.025714285714285714
0 0.22692307692307692 0.9185714285714286 0.0015384615384615385 0.002857142857142857
0 0.3676923076923077 0.92 0.012307692307692308 0.011428571428571429
0 0.3792307692307692 0.9114285714285715 0.004615384615384616 0.005714285714285714
0 0.3569230769230769 0.9128571428571428 0.009230769230769232 0.008571428571428572
0 0.3323076923076923 0.9471428571428572 0.043076923076923075 0.07714285714285714
0 0.8492307692307692 0.9342857142857143 0.06461538461538462 0.08
0 0.36538461538461536 0.8942857142857142 0.004615384615384616 0.005714285714285714
0 0.62 0.8971428571428571 0.033846153846153845 0.017142857142857144
0 0.5676923076923077 0.9228571428571428 0.04 0.06857142857142857
0 0.6 0.8842857142857142 0.003076923076923077 0.002857142857142857
0 0.6084615384615385 0.8814285714285715 0.0015384615384615385 0.002857142857142857
0 0.5946153846153847 0.8657142857142858 0.004615384615384616 0.005714285714285714
0 0.7769230769230769 0.9142857142857143 0.06461538461538462 0.12
0 0.6146153846153846 0.8614285714285714 0.023076923076923078 0.014285714285714285
0 0.5476923076923077 0.9042857142857142 0.046153846153846156 0.1
0 0.6346153846153846 0.8685714285714285 0.038461538461538464 0.03428571428571429
0 0.9815384615384616 0.9042857142857142 0.036923076923076927 0.19142857142857142
0 0.5407692307692308 0.7728571428571429 0.07230769230769231 0.07142857142857142
0 0.6053846153846154 0.7571428571428571 0.05384615384615385 0.06857142857142857
0 0.29923076923076924 0.8057142857142857 0.14 0.21142857142857144
0 0.5638461538461539 0.6928571428571428 0.1276923076923077 0.10571428571428572
0 0.46615384615384614 0.7257142857142858 0.06461538461538462 0.18285714285714286
0 0.5576923076923077 0.6142857142857143 0.1276923076923077 0.09142857142857143
0 0.84 0.71 0.16307692307692306 0.29428571428571426
0 0.23692307692307693 0.5314285714285715 0.012307692307692308 0.017142857142857144
0 0.9953846153846154 0.4342857142857143 0.009230769230769232 0.022857142857142857
0 0.79 0.46 0.016923076923076923 0.10857142857142857
0 0.5153846153846153 0.2842857142857143 0.015384615384615385 0.025714285714285714
0 0.6353846153846154 0.1757142857142857 0.006153846153846154 0.037142857142857144
0 0.806923076923077 0.12857142857142856 0.007692307692307693 0.045714285714285714
0 0.8723076923076923 0.21857142857142858 0.2553846153846154 0.43714285714285717
0 0.3861538461538462 0.5 0.7723076923076924 1.0