0 0.38232421875 0.6859443631039531 0.0009765625 0.0014641288433382138
0 0.45751953125 0.5995607613469985 0.0244140625 0.01903367496339678
0 0.4248046875 0.5966325036603221 0.037109375 0.01903367496339678
0 0.45849609375 0.5087847730600292 0.0009765625 0.0014641288433382138
0 0.42431640625 0.48755490483162517 0.0087890625 0.005856515373352855
0 0.4140625 0.48243045387994143 0.001953125 0.0014641288433382138
0 0.4111328125 0.48096632503660325 0.001953125 0.0014641288433382138
0 0.51416015625 0.4751098096632504 0.0087890625 0.004392386530014641
0 0.4443359375 0.4699853587115666 0.009765625 0.005856515373352855
0 0.37890625 0.47364568081991215 0.001953125 0.016105417276720352
0 0.4951171875 0.4670571010248902 0.025390625 0.01171303074670571
0 0.42724609375 0.46412884333821375 0.0107421875 0.005856515373352855
0 0.4765625 0.45973645680819913 0.00390625 0.0029282576866764276
0 0.47119140625 0.4575402635431918 0.0009765625 0.0014641288433382138
0 0.4150390625 0.4582723279648609 0.009765625 0.005856515373352855
0 0.4638671875 0.45534407027818447 0.001953125 0.0029282576866764276
0 0.4599609375 0.45314787701317716 0.001953125 0.0014641288433382138
0 0.37841796875 0.4538799414348463 0.0009765625 0.0029282576866764276
0 0.45654296875 0.45168374816983897 0.0029296875 0.0014641288433382138
0 0.4443359375 0.4458272327964861 0.01171875 0.007320644216691069
0 0.4931640625 0.4428989751098097 0.005859375 0.004392386530014641
0 0.43115234375 0.44143484626647145 0.0126953125 0.007320644216691069
0 0.4189453125 0.4355783308931186 0.009765625 0.004392386530014641
0 0.47412109375 0.4341142020497804 0.0087890625 0.007320644216691069
0 0.453125 0.4260614934114202 0.029296875 0.014641288433382138
0 0.43359375 0.41800878477306 0.0078125 0.004392386530014641
0 0.42138671875 0.41215226939970717 0.0087890625 0.004392386530014641
0 0.4521484375 0.3601756954612006 0.048828125 0.032210834553440704
0 0.41748046875 0.3601756954612006 0.0185546875 0.032210834553440704
0 0.4873046875 0.3162518301610542 0.158203125 0.04685212298682284
0 0.57958984375 0.3074670571010249 0.0205078125 0.032210834553440704
0 0.50390625 0.527818448023426 0.234375 0.4816983894582723
0 0.6025390625 0.2540263543191801 0.009765625 0.03367496339677892
0 0.44189453125 0.23792093704245973 0.0029296875 0.0014641288433382138
0 0.42138671875 0.23572474377745242 0.0068359375 0.005856515373352855
0 0.396484375 0.22547584187408493 0.00390625 0.005856515373352855