1 0.5848817567567568 0.9391233766233766 0.0008445945945945946 0.0005411255411255411
1 0.6389358108108109 0.9388528138528138 0.009290540540540541 0.0010822510822510823
1 0.5971283783783784 0.9383116883116883 0.011824324324324325 0.0021645021645021645
1 0.6338682432432432 0.9293831168831169 0.0008445945945945946 0.0005411255411255411
1 0.6317567567567568 0.9250541125541125 0.0033783783783783786 0.003787878787878788
1 0.6195101351351351 0.9218073593073594 0.004222972972972973 0.00487012987012987
1 0.6309121621621622 0.917478354978355 0.0033783783783783786 0.005952380952380952
1 0.6313344594594594 0.9136904761904762 0.0008445945945945946 0.0005411255411255411
1 0.6347128378378378 0.8955627705627706 0.009290540540540541 0.03463203463203463
1 0.6684966216216216 0.9088203463203464 0.022804054054054054 0.0633116883116883
1 0.6055743243243243 0.9012445887445888 0.018581081081081082 0.05140692640692641
1 0.6820101351351351 0.8722943722943723 0.0059121621621621625 0.004329004329004329
1 0.6820101351351351 0.864448051948052 0.004222972972972973 0.005952380952380952
1 0.559543918918919 0.8663419913419913 0.0059121621621621625 0.01406926406926407
1 0.5190033783783784 0.859577922077922 0.002533783783783784 0.0016233766233766235
1 0.6951013513513513 0.8541666666666666 0.02702702702702703 0.01461038961038961
1 0.5422297297297297 0.8522727272727273 0.03547297297297297 0.01406926406926407
1 0.6414695945945946 0.8244047619047619 0.009290540540540541 0.037337662337662336
1 0.6342905405405406 0.801948051948052 0.005067567567567568 0.007575757575757576
1 0.65625 0.8622835497835498 0.033783783783783786 0.13690476190476192
1 0.6030405405405406 0.8184523809523809 0.008445945945945946 0.05140692640692641
1 0.6575168918918919 0.7919372294372294 0.0008445945945945946 0.0005411255411255411
1 0.5861486486486487 0.8609307359307359 0.05067567567567568 0.15692640692640691
1 0.6047297297297297 0.7827380952380952 0.0016891891891891893 0.0016233766233766235
1 0.6321790540540541 0.7819264069264069 0.002533783783783784 0.0021645021645021645
1 0.6148648648648649 0.7813852813852814 0.0016891891891891893 0.0010822510822510823
1 0.644847972972973 0.7813852813852814 0.004222972972972973 0.0021645021645021645
1 0.5713682432432432 0.7800324675324676 0.0008445945945945946 0.0005411255411255411
1 0.6300675675675675 0.7781385281385281 0.0033783783783783786 0.0021645021645021645
1 0.49113175675675674 0.7556818181818182 0.0008445945945945946 0.0005411255411255411
1 0.4847972972972973 0.7562229437229437 0.0033783783783783786 0.0016233766233766235
1 0.48859797297297297 0.7551406926406926 0.0008445945945945946 0.0005411255411255411
1 0.47846283783783783 0.7518939393939394 0.0008445945945945946 0.0016233766233766235
1 0.47381756756756754 0.7513528138528138 0.0016891891891891893 0.0005411255411255411
1 0.4624155405405405 0.7545995670995671 0.036317567567567564 0.007034632034632035
1 0.10472972972972973 0.7486471861471862 0.0016891891891891893 0.0016233766233766235
1 0.39864864864864863 0.7462121212121212 0.0016891891891891893 0.0010822510822510823
1 0.4847972972972973 0.7448593073593074 0.0016891891891891893 0.0005411255411255411
1 0.40244932432432434 0.7408008658008658 0.002533783783783784 0.0010822510822510823
1 0.3999155405405405 0.7413419913419913 0.01097972972972973 0.007575757575757576
1 0.4016047297297297 0.7375541125541125 0.004222972972972973 0.003246753246753247
1 0.5130912162162162 0.734577922077922 0.0008445945945945946 0.0016233766233766235
1 0.39864864864864863 0.7321428571428571 0.008445945945945946 0.003246753246753247
1 0.09839527027027027 0.7318722943722944 0.002533783783783784 0.0027056277056277055
1 0.8340371621621622 0.7291666666666666 0.0008445945945945946 0.0005411255411255411
1 0.5223817567567568 0.7318722943722944 0.0059121621621621625 0.005952380952380952
1 0.39484797297297297 0.7294372294372294 0.0008445945945945946 0.0010822510822510823
1 0.41005067567567566 0.72754329004329 0.002533783783783784 0.0016233766233766235
1 0.40118243243243246 0.7270021645021645 0.0016891891891891893 0.0016233766233766235
1 0.7858952702702703 0.7321428571428571 0.01266891891891892 0.012987012987012988
1 0.3969594594594595 0.7259199134199135 0.0016891891891891893 0.0005411255411255411
1 0.09839527027027027 0.72754329004329 0.002533783783783784 0.00487012987012987
1 0.46959459459459457 0.7259199134199135 0.005067567567567568 0.003787878787878788
1 0.839527027027027 0.724025974025974 0.0016891891891891893 0.0010822510822510823
1 0.4096283783783784 0.7237554112554112 0.0016891891891891893 0.0016233766233766235
1 0.8070101351351351 0.7210497835497836 0.0008445945945945946 0.0005411255411255411
1 0.39611486486486486 0.7221320346320347 0.0033783783783783786 0.0027056277056277055
1 0.3999155405405405 0.720508658008658 0.004222972972972973 0.0027056277056277055
1 0.4096283783783784 0.720508658008658 0.0016891891891891893 0.003787878787878788
1 0.5527871621621622 0.7172619047619048 0.002533783783783784 0.0016233766233766235
1 0.40033783783783783 0.716991341991342 0.0016891891891891893 0.0010822510822510823
1 0.7981418918918919 0.7380952380952381 0.0929054054054054 0.044372294372294376
1 0.5451858108108109 0.7156385281385281 0.0008445945945945946 0.0005411255411255411
1 0.549831081081081 0.7153679653679653 0.0016891891891891893 0.0021645021645021645
1 0.5097128378378378 0.7148268398268398 0.0008445945945945946 0.0010822510822510823
1 0.5578547297297297 0.7161796536796536 0.004222972972972973 0.00487012987012987
1 0.5021114864864865 0.7140151515151515 0.0008445945945945946 0.0005411255411255411
1 0.511402027027027 0.713474025974026 0.0008445945945945946 0.0005411255411255411
1 0.8255912162162162 0.7137445887445888 0.002533783783783784 0.0021645021645021645
1 0.7005912162162162 0.7123917748917749 0.0008445945945945946 0.0005411255411255411
1 0.6980574324324325 0.7115800865800865 0.002533783783783784 0.0021645021645021645
1 0.7014358108108109 0.7104978354978355 0.002533783783783784 0.0010822510822510823
1 0.39864864864864863 0.7129329004329005 0.010135135135135136 0.005952380952380952
1 0.4092060810810811 0.713474025974026 0.0059121621621621625 0.008116883116883116
1 0.7010135135135135 0.7083333333333334 0.0016891891891891893 0.0010822510822510823
1 0.8074324324324325 0.7072510822510822 0.0016891891891891893 0.0010822510822510823
1 0.6887668918918919 0.7102272727272727 0.014358108108108109 0.007034632034632035
1 0.6963682432432432 0.7058982683982684 0.0008445945945945946 0.0005411255411255411
1 0.39738175675675674 0.7058982683982684 0.0008445945945945946 0.0005411255411255411
1 0.39780405405405406 0.707521645021645 0.008445945945945946 0.00487012987012987
1 0.09797297297297297 0.7142857142857143 0.0033783783783783786 0.01948051948051948
1 0.4096283783783784 0.704004329004329 0.0016891891891891893 0.0010822510822510823
1 0.44763513513513514 0.702922077922078 0.0033783783783783786 0.0021645021645021645
1 0.40118243243243246 0.7034632034632035 0.0033783783783783786 0.003246753246753247
1 0.39442567567567566 0.7023809523809523 0.0016891891891891893 0.0010822510822510823
1 0.44425675675675674 0.7018398268398268 0.0033783783783783786 0.0021645021645021645
1 0.39780405405405406 0.6994047619047619 0.008445945945945946 0.003787878787878788
1 0.7875844594594594 0.6975108225108225 0.002533783783783784 0.0010822510822510823
1 0.40118243243243246 0.6961580086580087 0.0016891891891891893 0.0005411255411255411
1 0.48057432432432434 0.7167207792207793 0.02195945945945946 0.04274891774891775
1 0.5101351351351351 0.711038961038961 0.033783783783783786 0.03463203463203463
1 0.44636824324324326 0.6939935064935064 0.0008445945945945946 0.0005411255411255411
1 0.4016047297297297 0.6934523809523809 0.0008445945945945946 0.0005411255411255411
1 0.4421452702702703 0.6907467532467533 0.0008445945945945946 0.0005411255411255411
1 0.5215371621621622 0.6902056277056277 0.0008445945945945946 0.0005411255411255411
1 0.10388513513513513 0.691017316017316 0.0016891891891891893 0.0021645021645021645
1 0.4125844594594595 0.6866883116883117 0.0008445945945945946 0.0010822510822510823
1 0.44805743243243246 0.6858766233766234 0.0008445945945945946 0.0005411255411255411
1 0.4856418918918919 0.6893939393939394 0.005067567567567568 0.00974025974025974
1 0.5215371621621622 0.6815476190476191 0.0008445945945945946 0.0005411255411255411
1 0.10008445945945946 0.6818181818181818 0.0008445945945945946 0.0010822510822510823
1 0.10641891891891891 0.6834415584415584 0.005067567567567568 0.006493506493506494
1 0.4501689189189189 0.7077922077922078 0.02027027027027027 0.06601731601731602
1 0.5219594594594594 0.667478354978355 0.0016891891891891893 0.0005411255411255411
1 0.125 0.6666666666666666 0.0016891891891891893 0.0010822510822510823
1 0.49155405405405406 0.6645021645021645 0.0016891891891891893 0.0010822510822510823
1 0.45692567567567566 0.6628787878787878 0.0016891891891891893 0.0021645021645021645
1 0.11739864864864864 0.6585497835497836 0.0016891891891891893 0.0010822510822510823
1 0.5232263513513513 0.6617965367965368 0.004222972972972973 0.008658008658008658
1 0.4860641891891892 0.6658549783549783 0.0059121621621621625 0.017857142857142856
1 0.42947635135135137 0.7094155844155844 0.0464527027027027 0.10497835497835498
1 0.12922297297297297 0.6563852813852814 0.0016891891891891893 0.0010822510822510823
1 0.42567567567567566 0.6553030303030303 0.0033783783783783786 0.0021645021645021645
1 0.5240709459459459 0.6536796536796536 0.0008445945945945946 0.0010822510822510823
1 0.4856418918918919 0.6539502164502164 0.0033783783783783786 0.003787878787878788
1 0.12331081081081081 0.6531385281385281 0.006756756756756757 0.005411255411255411
1 0.44510135135135137 0.6469155844155844 0.0016891891891891893 0.0005411255411255411
1 0.13133445945945946 0.6466450216450217 0.004222972972972973 0.003246753246753247
1 0.44130067567567566 0.6431277056277056 0.0008445945945945946 0.0005411255411255411
1 0.13809121621621623 0.6417748917748918 0.004222972972972973 0.003246753246753247
1 0.4421452702702703 0.6393398268398268 0.0008445945945945946 0.0005411255411255411
1 0.4641047297297297 0.6385281385281385 0.0008445945945945946 0.0010822510822510823
1 0.14358108108108109 0.6385281385281385 0.005067567567567568 0.0021645021645021645
1 0.46114864864864863 0.6341991341991342 0.0016891891891891893 0.0010822510822510823
1 0.15118243243243243 0.634469696969697 0.0033783783783783786 0.0016233766233766235
1 0.5240709459459459 0.6323051948051948 0.0008445945945945946 0.0005411255411255411
1 0.5215371621621622 0.6325757575757576 0.0008445945945945946 0.0010822510822510823
1 0.44130067567567566 0.6317640692640693 0.0008445945945945946 0.0016233766233766235
1 0.47255067567567566 0.6287878787878788 0.002533783783783784 0.0010822510822510823
1 0.44298986486486486 0.6287878787878788 0.004222972972972973 0.0021645021645021645
1 0.16427364864864866 0.6277056277056277 0.0008445945945945946 0.0010822510822510823
1 0.44130067567567566 0.6260822510822511 0.0008445945945945946 0.0010822510822510823
1 0.47255067567567566 0.6239177489177489 0.0008445945945945946 0.0010822510822510823
1 0.4058277027027027 0.6220238095238095 0.0008445945945945946 0.0005411255411255411
1 0.8120777027027027 0.6193181818181818 0.0008445945945945946 0.0005411255411255411
1 0.41131756756756754 0.6195887445887446 0.0016891891891891893 0.0010822510822510823
1 0.7905405405405406 0.6149891774891775 0.0016891891891891893 0.0005411255411255411
1 0.777027027027027 0.6093073593073594 0.0016891891891891893 0.0010822510822510823
1 0.5219594594594594 0.6190476190476191 0.006756756756756757 0.023809523809523808
1 0.8365709459459459 0.604978354978355 0.002533783783783784 0.003246753246753247
1 0.5021114864864865 0.6044372294372294 0.002533783783783784 0.0021645021645021645
1 0.7711148648648649 0.5941558441558441 0.0033783783783783786 0.0021645021645021645
1 0.8120777027027027 0.5906385281385281 0.0008445945945945946 0.0005411255411255411
1 0.8150337837837838 0.5898268398268398 0.0016891891891891893 0.0010822510822510823
1 0.7744932432432432 0.5895562770562771 0.0033783783783783786 0.0016233766233766235
1 0.8179898648648649 0.588474025974026 0.002533783783783784 0.0016233766233766235
1 0.8268581081081081 0.601461038961039 0.03885135135135135 0.02976190476190476
1 0.7723817567567568 0.5863095238095238 0.0008445945945945946 0.0005411255411255411
1 0.8158783783783784 0.58495670995671 0.0016891891891891893 0.0010822510822510823
1 0.8120777027027027 0.5846861471861472 0.0008445945945945946 0.0005411255411255411
1 0.7706925675675675 0.5841450216450217 0.004222972972972973 0.0027056277056277055
1 0.793918918918919 0.5833333333333334 0.018581081081081082 0.004329004329004329
1 0.7740709459459459 0.5795454545454546 0.0059121621621621625 0.0021645021645021645
1 0.5202702702702703 0.5784632034632035 0.0016891891891891893 0.0010822510822510823
1 0.515625 0.5781926406926406 0.004222972972972973 0.0016233766233766235
1 0.4995777027027027 0.5692640692640693 0.0008445945945945946 0.0010822510822510823
1 0.49408783783783783 0.5608766233766234 0.0033783783783783786 0.0016233766233766235
1 0.47677364864864863 0.5581709956709957 0.0008445945945945946 0.0005411255411255411
1 0.8070101351351351 0.5543831168831169 0.0008445945945945946 0.0005411255411255411
1 0.8116554054054054 0.5524891774891775 0.0016891891891891893 0.0010822510822510823
1 0.8129222972972973 0.5484307359307359 0.004222972972972973 0.0027056277056277055
1 0.8120777027027027 0.5457251082251082 0.0008445945945945946 0.0005411255411255411
1 0.4683277027027027 0.5419372294372294 0.0008445945945945946 0.0005411255411255411
1 0.4674831081081081 0.5386904761904762 0.0008445945945945946 0.0005411255411255411
1 0.4594594594594595 0.5378787878787878 0.0016891891891891893 0.0010822510822510823
1 0.4657939189189189 0.5359848484848485 0.0008445945945945946 0.0005411255411255411
1 0.825168918918919 0.5508658008658008 0.03885135135135135 0.031385281385281384
1 0.8205236486486487 0.5349025974025974 0.0008445945945945946 0.0005411255411255411
1 0.4577702702702703 0.5357142857142857 0.008445945945945946 0.0021645021645021645
1 0.44298986486486486 0.5338203463203464 0.004222972972972973 0.0027056277056277055
1 0.4497466216216216 0.5321969696969697 0.0008445945945945946 0.0005411255411255411
1 0.44298986486486486 0.6030844155844156 0.14104729729729729 0.1423160173160173
1 0.44636824324324326 0.5313852813852814 0.002533783783783784 0.0010822510822510823
1 0.4514358108108108 0.5305735930735931 0.0008445945945945946 0.0005411255411255411
1 0.45861486486486486 0.5316558441558441 0.0033783783783783786 0.003787878787878788
1 0.7825168918918919 0.5270562770562771 0.002533783783783784 0.0021645021645021645
1 0.7795608108108109 0.5221861471861472 0.0016891891891891893 0.0010822510822510823
1 0.7778716216216216 0.5148809523809523 0.0033783783783783786 0.0027056277056277055
1 0.7778716216216216 0.510551948051948 0.005067567567567568 0.005952380952380952
1 0.7753378378378378 0.5081168831168831 0.0016891891891891893 0.0010822510822510823
1 0.4657939189189189 0.5170454545454546 0.026182432432432432 0.023268398268398268
1 0.44552364864864863 0.48944805194805197 0.0008445945945945946 0.0005411255411255411
1 0.7888513513513513 0.48863636363636365 0.0033783783783783786 0.0010822510822510823
1 0.42905405405405406 0.48863636363636365 0.0016891891891891893 0.0021645021645021645
1 0.44552364864864863 0.487012987012987 0.0008445945945945946 0.0010822510822510823
1 0.43074324324324326 0.48593073593073594 0.0016891891891891893 0.0010822510822510823
1 0.7972972972972973 0.48403679653679654 0.006756756756756757 0.0027056277056277055
1 0.44467905405405406 0.483495670995671 0.002533783783783784 0.0016233766233766235
1 0.4311655405405405 0.483495670995671 0.004222972972972973 0.0016233766233766235
1 0.44636824324324326 0.4824134199134199 0.0008445945945945946 0.0005411255411255411
1 0.4375 0.48457792207792205 0.006756756756756757 0.00487012987012987
1 0.4543918918918919 0.4816017316017316 0.0016891891891891893 0.0010822510822510823
1 0.40118243243243246 0.47429653679653677 0.0016891891891891893 0.0005411255411255411
1 0.3999155405405405 0.4699675324675325 0.0008445945945945946 0.0005411255411255411
1 0.4075168918918919 0.483495670995671 0.04814189189189189 0.041666666666666664
1 0.3889358108108108 0.4615800865800866 0.0008445945945945946 0.0010822510822510823
1 0.3935810810810811 0.46076839826839827 0.0033783783783783786 0.0027056277056277055
1 0.8315033783783784 0.45806277056277056 0.002533783783783784 0.0016233766233766235
1 0.39315878378378377 0.45670995670995673 0.0008445945945945946 0.0010822510822510823
1 0.831081081081081 0.45102813852813856 0.0016891891891891893 0.0016233766233766235
1 0.8289695945945946 0.44047619047619047 0.0008445945945945946 0.0010822510822510823
1 0.8277027027027027 0.4329004329004329 0.0016891891891891893 0.0021645021645021645
1 0.39653716216216217 0.4155844155844156 0.0008445945945945946 0.0010822510822510823
1 0.39315878378378377 0.4096320346320346 0.002533783783783784 0.003246753246753247
1 0.8217905405405406 0.4028679653679654 0.0016891891891891893 0.0005411255411255411
1 0.3969594594594595 0.40395021645021645 0.0033783783783783786 0.0027056277056277055
1 0.39822635135135137 0.3963744588744589 0.0008445945945945946 0.0005411255411255411
1 0.8483952702702703 0.39366883116883117 0.0008445945945945946 0.0005411255411255411
1 0.39907094594594594 0.3887987012987013 0.0008445945945945946 0.0005411255411255411
1 0.823902027027027 0.38203463203463206 0.0008445945945945946 0.0010822510822510823
1 0.39738175675675674 0.38014069264069267 0.0008445945945945946 0.0005411255411255411
1 0.8196790540540541 0.36607142857142855 0.002533783783783784 0.0016233766233766235
1 0.3940033783783784 0.3630952380952381 0.002533783783783784 0.0021645021645021645
1 0.8158783783783784 0.3501082251082251 0.0016891891891891893 0.0010822510822510823
1 0.8192567567567568 0.3198051948051948 0.0016891891891891893 0.0010822510822510823
1 0.846706081081081 0.3051948051948052 0.0008445945945945946 0.0010822510822510823
1 0.8277027027027027 0.3022186147186147 0.0016891891891891893 0.0016233766233766235
1 0.8243243243243243 0.39745670995670995 0.052364864864864864 0.19967532467532467
1 0.8357263513513513 0.29383116883116883 0.004222972972972973 0.004329004329004329
1 0.38978040540540543 0.12797619047619047 0.0008445945945945946 0.0005411255411255411
1 0.3872466216216216 0.12067099567099566 0.0008445945945945946 0.0010822510822510823
1 0.38809121621621623 0.11742424242424243 0.002533783783783784 0.0010822510822510823
1 0.8365709459459459 0.11498917748917749 0.0008445945945945946 0.0005411255411255411
1 0.8441722972972973 0.11336580086580086 0.0008445945945945946 0.0005411255411255411
1 0.3893581081081081 0.11336580086580086 0.006756756756756757 0.00487012987012987
1 0.8424831081081081 0.11011904761904762 0.002533783783783784 0.0027056277056277055
1 0.39780405405405406 0.10173160173160173 0.0016891891891891893 0.0010822510822510823
1 0.40371621621621623 0.08874458874458875 0.0016891891891891893 0.0010822510822510823
1 0.8268581081081081 0.08198051948051949 0.0016891891891891893 0.0005411255411255411
1 0.8374155405405406 0.09361471861471861 0.014358108108108109 0.024891774891774892
1 0.8243243243243243 0.08143939393939394 0.0016891891891891893 0.0016233766233766235
1 0.8205236486486487 0.08035714285714286 0.0008445945945945946 0.0005411255411255411
1 0.43369932432432434 0.07656926406926406 0.0008445945945945946 0.0005411255411255411
1 0.8163006756756757 0.07521645021645022 0.002533783783783784 0.0010822510822510823
1 0.823902027027027 0.07305194805194805 0.002533783783783784 0.0021645021645021645
1 0.8163006756756757 0.0689935064935065 0.01266891891891892 0.0091991341991342
1 0.4708614864864865 0.060876623376623376 0.0008445945945945946 0.0005411255411255411
1 0.5021114864864865 0.060876623376623376 0.004222972972972973 0.0016233766233766235
1 0.5173141891891891 0.05952380952380952 0.002533783783783784 0.0010822510822510823
1 0.5118243243243243 0.05925324675324675 0.0033783783783783786 0.0016233766233766235
1 0.5067567567567568 0.05925324675324675 0.0033783783783783786 0.0027056277056277055
1 0.44341216216216217 0.057900432900432904 0.0016891891891891893 0.0010822510822510823
1 0.519847972972973 0.05005411255411255 0.0008445945945945946 0.0005411255411255411
1 0.44172297297297297 0.07846320346320346 0.11486486486486487 0.06168831168831169
1 0.5071790540540541 0.05140692640692641 0.021114864864864864 0.008658008658008658
1 0.5236486486486487 0.04816017316017316 0.005067567567567568 0.003246753246753247
1 0.5177364864864865 0.04707792207792208 0.0016891891891891893 0.0010822510822510823
1 0.5329391891891891 0.04626623376623377 0.006756756756756757 0.0027056277056277055