1 0.12366666666666666 0.4745535714285714 0.0006666666666666666 0.0008928571428571428
1 0.12633333333333333 0.46919642857142857 0.004666666666666667 0.008035714285714285
1 0.138 0.4504464285714286 0.008 0.011607142857142858
1 0.38666666666666666 0.44776785714285716 0.0013333333333333333 0.011607142857142858
1 0.902 0.4205357142857143 0.0013333333333333333 0.005357142857142857
1 0.424 0.40223214285714287 0.0013333333333333333 0.0008928571428571428
1 0.43966666666666665 0.38973214285714286 0.0006666666666666666 0.0026785714285714286
1 0.43633333333333335 0.38973214285714286 0.002 0.0026785714285714286
1 0.407 0.3892857142857143 0.0006666666666666666 0.0017857142857142857
1 0.439 0.37142857142857144 0.002 0.008928571428571428
1 0.43333333333333335 0.371875 0.0013333333333333333 0.009821428571428571
1 0.423 0.37142857142857144 0.002 0.008928571428571428
1 0.4066666666666667 0.37142857142857144 0.0026666666666666666 0.0125
1 0.42233333333333334 0.35848214285714286 0.0006666666666666666 0.0026785714285714286
1 0.43766666666666665 0.3517857142857143 0.002 0.008928571428571428
1 0.43233333333333335 0.35044642857142855 0.002 0.008035714285714285
1 0.42133333333333334 0.34910714285714284 0.0026666666666666666 0.005357142857142857
1 0.405 0.35535714285714287 0.0033333333333333335 0.017857142857142856
1 0.40066666666666667 0.3736607142857143 0.004 0.054464285714285715
1 0.416 0.3620535714285714 0.004 0.033035714285714286