1 0.47309136420525655 0.9715808170515098 0.0025031289111389237 0.003552397868561279
1 0.5657071339173968 0.9689165186500888 0.0050062578222778474 0.0053285968028419185
1 0.386107634543179 0.9600355239786856 0.0012515644555694619 0.0017761989342806395
1 0.7434292866082604 0.9209591474245116 0.0025031289111389237 0.0053285968028419185
1 0.17459324155193992 0.8614564831261101 0.0012515644555694619 0.003552397868561279
1 0.9993742177722152 0.5523978685612788 0.0012515644555694619 0.003552397868561279
1 0.9981226533166458 0.5239786856127886 0.0037546933667083854 0.003552397868561279
1 0.0969962453066333 0.47513321492007105 0.006257822277847309 0.008880994671403197
1 0.06695869837296621 0.41740674955595025 0.0012515644555694619 0.003552397868561279
1 0.0006257822277847309 0.37122557726465366 0.0012515644555694619 0.003552397868561279
1 0.13892365456821026 0.35079928952042627 0.0025031289111389237 0.0017761989342806395
1 0.9637046307884856 0.35257548845470693 0.010012515644555695 0.008880994671403197
1 0.5 0.6678507992895204 1.0 0.6642984014209592
1 0.0018773466833541927 0.3383658969804618 0.0037546933667083854 0.012433392539964476
1 0.07822277847309136 0.31349911190053287 0.006257822277847309 0.015985790408525755
1 0.32102628285356694 0.27886323268206037 0.016270337922403004 0.007104795737122558
1 0.28410513141426785 0.2744227353463588 0.0025031289111389237 0.0017761989342806395
1 0.17772215269086358 0.27264653641207814 0.19774718397997496 0.05150976909413854
1 0.07133917396745933 0.12966252220248667 0.0025031289111389237 0.003552397868561279
1 0.909261576971214 0.22824156305506216 0.18147684605757197 0.4564831261101243
1 0.19148936170212766 0.0017761989342806395 0.0025031289111389237 0.003552397868561279
1 0.09324155193992491 0.16341030195381884 0.18648310387984982 0.3268206039076377