1 0.11566666666666667 0.73125 0.0006666666666666666 0.0017857142857142857
1 0.114 0.7290178571428572 0.0013333333333333333 0.0026785714285714286
1 0.11133333333333334 0.7236607142857143 0.0013333333333333333 0.0026785714285714286
1 0.109 0.7169642857142857 0.0006666666666666666 0.0017857142857142857
1 0.5646666666666667 0.6647321428571429 0.0026666666666666666 0.0008928571428571428
1 0.5673333333333334 0.6486607142857143 0.0026666666666666666 0.009821428571428571
1 0.5786666666666667 0.6464285714285715 0.004 0.014285714285714285
1 0.562 0.6464285714285715 0.0026666666666666666 0.014285714285714285
1 0.571 0.6357142857142857 0.0033333333333333335 0.0017857142857142857
1 0.5773333333333334 0.6285714285714286 0.0026666666666666666 0.008928571428571428
1 0.561 0.628125 0.002 0.009821428571428571
1 0.5663333333333334 0.6272321428571429 0.002 0.011607142857142858
1 0.5943333333333334 0.6370535714285714 0.004666666666666667 0.033035714285714286
1 0.585 0.6370535714285714 0.008666666666666666 0.033035714285714286
1 0.5926666666666667 0.6107142857142858 0.0013333333333333333 0.0017857142857142857
1 0.5813333333333334 0.6107142857142858 0.0013333333333333333 0.0017857142857142857
1 0.5633333333333334 0.6098214285714286 0.0026666666666666666 0.0017857142857142857
1 0.56 0.6098214285714286 0.0013333333333333333 0.0035714285714285713
1 0.599 0.625 0.004666666666666667 0.05714285714285714
1 0.576 0.5973214285714286 0.0013333333333333333 0.0017857142857142857
1 0.8246666666666667 0.5870535714285714 0.0026666666666666666 0.0026785714285714286
1 0.5973333333333334 0.5821428571428572 0.0013333333333333333 0.007142857142857143
1 0.098 0.5799107142857143 0.0013333333333333333 0.008035714285714285
1 0.8493333333333334 0.5660714285714286 0.0013333333333333333 0.0017857142857142857
1 0.853 0.5620535714285714 0.0033333333333333335 0.004464285714285714
1 0.613 0.553125 0.002 0.013392857142857142
1 0.8616666666666667 0.55 0.01 0.014285714285714285
1 0.8743333333333333 0.5299107142857142 0.006 0.011607142857142858
1 0.88 0.5178571428571429 0.0026666666666666666 0.007142857142857143
1 0.883 0.5102678571428572 0.0006666666666666666 0.0008928571428571428
1 0.884 0.5075892857142857 0.0013333333333333333 0.0026785714285714286