1 0.5066666666666667 0.71 0.02 0.02
1 0.485 0.705 0.016666666666666666 0.043333333333333335
1 0.5933333333333334 0.6033333333333334 0.013333333333333334 0.006666666666666667
1 0.4166666666666667 0.4866666666666667 0.06666666666666667 0.07333333333333333
1 0.4716666666666667 0.43 0.03666666666666667 0.04666666666666667
1 0.21666666666666667 0.575 0.43333333333333335 0.55
1 0.31666666666666665 0.31833333333333336 0.14666666666666667 0.10333333333333333
1 0.12 0.245 0.006666666666666667 0.01
1 0.225 0.21166666666666667 0.0033333333333333335 0.0033333333333333335
1 0.09 0.20666666666666667 0.006666666666666667 0.006666666666666667
1 0.3283333333333333 0.20166666666666666 0.01 0.01
1 0.06 0.18 0.03333333333333333 0.02666666666666667
1 0.36666666666666664 0.16166666666666665 0.006666666666666667 0.01
1 0.2733333333333333 0.13666666666666666 0.006666666666666667 0.006666666666666667
1 0.3933333333333333 0.07833333333333334 0.02 0.01
1 0.735 0.055 0.023333333333333334 0.016666666666666666
1 0.8716666666666667 0.03833333333333333 0.03666666666666667 0.03
1 0.96 0.041666666666666664 0.08 0.043333333333333335
1 0.995 0.005 0.01 0.01
1 0.925 0.005 0.023333333333333334 0.01
1 0.5 0.5 1.0 1.0