1 0.6116666666666667 0.9866666666666667 0.043333333333333335 0.02666666666666667
1 0.5816666666666667 0.9783333333333334 0.01 0.01
1 0.64 0.6933333333333334 0.02 0.04
1 0.6466666666666666 0.645 0.013333333333333334 0.01
1 0.74 0.38 0.006666666666666667 0.02
1 0.9666666666666667 0.36 0.006666666666666667 0.006666666666666667
1 0.9483333333333334 0.14166666666666666 0.0033333333333333335 0.0033333333333333335
1 0.925 0.018333333333333333 0.03 0.03666666666666667
1 0.885 0.005 0.01 0.01
1 0.845 0.011666666666666667 0.023333333333333334 0.023333333333333334
1 0.5 0.5 1.0 1.0