1 0.2985714285714286 0.9278571428571428 0.014285714285714285 0.0014285714285714286
1 0.30428571428571427 0.8778571428571429 0.005714285714285714 0.004285714285714286
1 0.31357142857142856 0.8785714285714286 0.007142857142857143 0.008571428571428572
1 0.31785714285714284 0.8028571428571428 0.004285714285714286 0.002857142857142857
1 0.25642857142857145 0.79 0.01 0.008571428571428572
1 0.37285714285714283 0.6421428571428571 0.03142857142857143 0.015714285714285715
1 0.3092857142857143 0.6107142857142858 0.007142857142857143 0.004285714285714286
1 0.33071428571428574 0.5935714285714285 0.004285714285714286 0.004285714285714286
1 0.36142857142857143 0.5421428571428571 0.005714285714285714 0.01
1 0.3407142857142857 0.5314285714285715 0.0014285714285714286 0.002857142857142857
1 0.35214285714285715 0.5021428571428571 0.0014285714285714286 0.0014285714285714286
1 0.3842857142857143 0.48857142857142855 0.008571428571428572 0.005714285714285714
1 0.37 0.49357142857142855 0.005714285714285714 0.015714285714285715
1 0.4878571428571429 0.4785714285714286 0.004285714285714286 0.002857142857142857
1 0.3871428571428571 0.45571428571428574 0.002857142857142857 0.002857142857142857
1 0.8671428571428571 0.445 0.002857142857142857 0.004285714285714286
1 0.8707142857142857 0.4421428571428571 0.0014285714285714286 0.0014285714285714286
1 0.8535714285714285 0.43214285714285716 0.0014285714285714286 0.0014285714285714286
1 0.86 0.43357142857142855 0.005714285714285714 0.007142857142857143
1 0.8521428571428571 0.425 0.0014285714285714286 0.0014285714285714286
1 0.8907142857142857 0.48 0.12714285714285714 0.11714285714285715
1 0.8421428571428572 0.4164285714285714 0.0014285714285714286 0.0014285714285714286
1 0.835 0.41214285714285714 0.004285714285714286 0.004285714285714286
1 0.8285714285714286 0.41 0.002857142857142857 0.002857142857142857
1 0.36214285714285716 0.39285714285714285 0.004285714285714286 0.002857142857142857
1 0.3742857142857143 0.35714285714285715 0.002857142857142857 0.002857142857142857
1 0.3442857142857143 0.3271428571428571 0.011428571428571429 0.008571428571428572
1 0.3578571428571429 0.3171428571428571 0.01 0.005714285714285714
1 0.30428571428571427 0.22357142857142856 0.022857142857142857 0.024285714285714285
1 0.2671428571428571 0.22214285714285714 0.04285714285714286 0.02142857142857143
1 0.24428571428571427 0.20357142857142857 0.005714285714285714 0.004285714285714286
1 0.2092857142857143 0.18714285714285714 0.0014285714285714286 0.002857142857142857
1 0.21142857142857144 0.16857142857142857 0.005714285714285714 0.022857142857142857
1 0.2842857142857143 0.16642857142857143 0.037142857142857144 0.032857142857142856
1 0.645 0.5421428571428571 0.6642857142857143 0.8071428571428572