1 0.9633333333333334 0.9933333333333333 0.013333333333333334 0.013333333333333334
1 0.9916666666666667 0.925 0.016666666666666666 0.01
1 0.7283333333333334 0.8916666666666667 0.0033333333333333335 0.0033333333333333335
1 0.86 0.89 0.006666666666666667 0.006666666666666667
1 0.9916666666666667 0.89 0.016666666666666666 0.02666666666666667
1 0.8416666666666667 0.8716666666666667 0.0033333333333333335 0.0033333333333333335
1 0.8683333333333333 0.8683333333333333 0.0033333333333333335 0.0033333333333333335
1 0.94 0.8633333333333333 0.006666666666666667 0.006666666666666667
1 0.74 0.8683333333333333 0.02 0.03
1 0.955 0.8533333333333334 0.016666666666666666 0.013333333333333334
1 0.8616666666666667 0.8483333333333334 0.01 0.016666666666666666
1 0.9816666666666667 0.8416666666666667 0.03666666666666667 0.023333333333333334
1 0.905 0.8316666666666667 0.016666666666666666 0.016666666666666666
1 0.9466666666666667 0.8 0.006666666666666667 0.006666666666666667
1 0.91 0.7383333333333333 0.006666666666666667 0.0033333333333333335
1 0.8416666666666667 0.7383333333333333 0.0033333333333333335 0.0033333333333333335
1 0.85 0.7283333333333334 0.006666666666666667 0.0033333333333333335
1 0.93 0.755 0.06666666666666667 0.07
1 0.925 0.7216666666666667 0.0033333333333333335 0.0033333333333333335
1 0.8883333333333333 0.73 0.023333333333333334 0.02
1 0.83 0.725 0.02 0.01
1 0.84 0.7016666666666667 0.006666666666666667 0.01
1 0.8283333333333334 0.68 0.023333333333333334 0.013333333333333334
1 0.7816666666666666 0.665 0.01 0.01
1 0.93 0.6716666666666666 0.14 0.07666666666666666
1 0.855 0.555 0.016666666666666666 0.016666666666666666
1 0.016666666666666666 0.6033333333333334 0.03333333333333333 0.14666666666666667
1 0.005 0.5066666666666667 0.01 0.013333333333333334
1 0.9983333333333333 0.4116666666666667 0.0033333333333333335 0.0033333333333333335
1 0.9916666666666667 0.36 0.016666666666666666 0.02
1 0.043333333333333335 0.325 0.006666666666666667 0.01
1 0.8566666666666667 0.2916666666666667 0.006666666666666667 0.0033333333333333335
1 0.8716666666666667 0.2783333333333333 0.023333333333333334 0.023333333333333334
1 0.016666666666666666 0.27666666666666667 0.03333333333333333 0.05333333333333334
1 0.63 0.245 0.006666666666666667 0.0033333333333333335
1 0.885 0.24 0.023333333333333334 0.006666666666666667
1 0.6733333333333333 0.25333333333333335 0.02 0.03333333333333333
1 0.01 0.24 0.006666666666666667 0.006666666666666667
1 0.65 0.23833333333333334 0.013333333333333334 0.01
1 0.8066666666666666 0.23333333333333334 0.013333333333333334 0.006666666666666667
1 0.7516666666666667 0.22666666666666666 0.01 0.006666666666666667
1 0.72 0.215 0.02 0.023333333333333334
1 0.6716666666666666 0.21166666666666667 0.023333333333333334 0.023333333333333334
1 0.6833333333333333 0.19333333333333333 0.006666666666666667 0.006666666666666667
1 0.8333333333333334 0.14166666666666666 0.006666666666666667 0.01
1 0.405 0.5666666666666667 0.81 0.8666666666666667
1 0.7916666666666666 0.135 0.05 0.03666666666666667
1 0.9866666666666667 0.13 0.02666666666666667 0.03333333333333333
1 0.9 0.11666666666666667 0.013333333333333334 0.013333333333333334
1 0.775 0.105 0.01 0.01
1 0.9183333333333333 0.09833333333333333 0.03 0.023333333333333334
1 0.028333333333333332 0.11333333333333333 0.056666666666666664 0.10666666666666667
1 0.97 0.03333333333333333 0.006666666666666667 0.013333333333333334
1 0.12666666666666668 0.0016666666666666668 0.006666666666666667 0.0033333333333333335