1 0.9766666666666667 0.995 0.04666666666666667 0.01
1 0.83 0.995 0.22 0.01
1 0.8916666666666667 0.8783333333333333 0.0033333333333333335 0.01
1 0.9966666666666667 0.8733333333333333 0.006666666666666667 0.006666666666666667
1 0.995 0.8633333333333333 0.01 0.006666666666666667
1 0.8783333333333333 0.84 0.20333333333333334 0.05333333333333334
1 0.4266666666666667 0.7716666666666666 0.08 0.05
1 0.8983333333333333 0.7383333333333333 0.03 0.056666666666666664
1 0.5133333333333333 0.72 0.06666666666666667 0.06
1 0.465 0.625 0.0033333333333333335 0.01
1 0.38666666666666666 0.625 0.05333333333333334 0.023333333333333334
1 0.86 0.6416666666666667 0.17333333333333334 0.09
1 0.43833333333333335 0.6516666666666666 0.17 0.11666666666666667
1 0.45 0.5933333333333334 0.02 0.013333333333333334
1 0.51 0.575 0.03333333333333333 0.03666666666666667
1 0.8883333333333333 0.4166666666666667 0.22333333333333333 0.09333333333333334
1 0.8816666666666667 0.25833333333333336 0.0033333333333333335 0.016666666666666666
1 0.8833333333333333 0.23166666666666666 0.006666666666666667 0.023333333333333334
1 0.8883333333333333 0.19 0.0033333333333333335 0.006666666666666667
1 0.5 0.5216666666666666 1.0 0.9566666666666667
1 0.895 0.015 0.023333333333333334 0.03
1 0.6233333333333333 0.01 0.013333333333333334 0.02
1 0.47333333333333333 0.0033333333333333335 0.06666666666666667 0.006666666666666667
1 0.2916666666666667 0.016666666666666666 0.03666666666666667 0.03333333333333333
1 0.23166666666666666 0.02666666666666667 0.03 0.05333333333333334
1 0.10166666666666667 0.12666666666666668 0.20333333333333334 0.25333333333333335
1 0.015 0.011666666666666667 0.016666666666666666 0.023333333333333334