1 0.49833333333333335 0.8466666666666667 0.01 0.02
1 0.11833333333333333 0.8733333333333333 0.23666666666666666 0.08
1 0.26 0.8433333333333334 0.006666666666666667 0.06666666666666667
1 0.41 0.7616666666666667 0.013333333333333334 0.01
1 0.7333333333333333 0.7666666666666667 0.26666666666666666 0.08
1 0.26166666666666666 0.7483333333333333 0.0033333333333333335 0.056666666666666664
1 0.2816666666666667 0.7916666666666666 0.03 0.23
1 0.2633333333333333 0.6766666666666666 0.006666666666666667 0.013333333333333334
1 0.585 0.7133333333333334 0.016666666666666666 0.09333333333333334
1 0.30833333333333335 0.655 0.01 0.01
1 0.24666666666666667 0.6333333333333333 0.02666666666666667 0.02666666666666667
1 0.19833333333333333 0.59 0.15 0.08666666666666667
1 0.385 0.295 0.056666666666666664 0.05
1 0.5533333333333333 0.405 0.21333333333333335 0.3433333333333333
1 0.28833333333333333 0.195 0.01 0.01
1 0.19666666666666666 0.34833333333333333 0.31333333333333335 0.31666666666666665
1 0.195 0.17166666666666666 0.016666666666666666 0.023333333333333334
1 0.39 0.21 0.13333333333333333 0.12666666666666668
1 0.24666666666666667 0.14166666666666666 0.03333333333333333 0.03
1 0.2683333333333333 0.08166666666666667 0.0033333333333333335 0.0033333333333333335
1 0.9833333333333333 0.018333333333333333 0.006666666666666667 0.023333333333333334
1 0.94 0.39666666666666667 0.12 0.7933333333333333
1 0.6183333333333333 0.215 0.03666666666666667 0.43
1 0.2916666666666667 0.058333333333333334 0.023333333333333334 0.11666666666666667
1 0.2683333333333333 0.013333333333333334 0.0033333333333333335 0.02666666666666667