1 0.18642857142857142 0.7907142857142857 0.007142857142857143 0.004285714285714286
1 0.1692857142857143 0.7885714285714286 0.02142857142857143 0.005714285714285714
1 0.19714285714285715 0.765 0.002857142857142857 0.004285714285714286
1 0.20357142857142857 0.7542857142857143 0.004285714285714286 0.005714285714285714
1 0.8014285714285714 0.7428571428571429 0.002857142857142857 0.005714285714285714
1 0.7907142857142857 0.7414285714285714 0.01 0.011428571428571429
1 0.22214285714285714 0.7335714285714285 0.024285714285714285 0.041428571428571426
1 0.8778571428571429 0.6964285714285714 0.004285714285714286 0.004285714285714286
1 0.16785714285714284 0.7157142857142857 0.03571428571428571 0.04285714285714286
1 0.9271428571428572 0.7035714285714286 0.002857142857142857 0.02142857142857143
1 0.61 0.6892857142857143 0.005714285714285714 0.007142857142857143
1 0.20857142857142857 0.6878571428571428 0.005714285714285714 0.004285714285714286
1 0.5328571428571428 0.665 0.002857142857142857 0.0014285714285714286
1 0.4142857142857143 0.6621428571428571 0.011428571428571429 0.01
1 0.25642857142857145 0.6535714285714286 0.0014285714285714286 0.0014285714285714286
1 0.3264285714285714 0.6521428571428571 0.012857142857142857 0.02142857142857143
1 0.5042857142857143 0.6421428571428571 0.002857142857142857 0.004285714285714286
1 0.3171428571428571 0.6442857142857142 0.005714285714285714 0.011428571428571429
1 0.2835714285714286 0.6371428571428571 0.0014285714285714286 0.002857142857142857
1 0.7107142857142857 0.6307142857142857 0.0014285714285714286 0.0014285714285714286
1 0.49357142857142855 0.6328571428571429 0.018571428571428572 0.014285714285714285
1 0.41214285714285714 0.165 0.004285714285714286 0.004285714285714286
1 0.42428571428571427 0.15357142857142858 0.005714285714285714 0.004285714285714286
1 0.4807142857142857 0.10857142857142857 0.11857142857142858 0.12857142857142856
1 0.5414285714285715 0.36642857142857144 0.8085714285714286 0.6871428571428572