1 0.31833333333333336 0.6016666666666667 0.0033333333333333335 0.0033333333333333335
1 0.30666666666666664 0.5983333333333334 0.006666666666666667 0.0033333333333333335
1 0.29833333333333334 0.595 0.0033333333333333335 0.0033333333333333335
1 0.28833333333333333 0.5916666666666667 0.0033333333333333335 0.0033333333333333335
1 0.2783333333333333 0.5883333333333334 0.0033333333333333335 0.0033333333333333335
1 0.27166666666666667 0.585 0.0033333333333333335 0.0033333333333333335
1 0.25166666666666665 0.5783333333333334 0.0033333333333333335 0.0033333333333333335
1 0.29833333333333334 0.525 0.056666666666666664 0.03666666666666667
1 0.29833333333333334 0.4483333333333333 0.0033333333333333335 0.0033333333333333335
1 0.20166666666666666 0.4216666666666667 0.023333333333333334 0.01
1 0.7983333333333333 0.055 0.0033333333333333335 0.0033333333333333335
1 0.5 0.5 1.0 1.0