1 0.315 0.9983333333333333 0.0033333333333333335 0.0033333333333333335
1 0.07833333333333334 0.9966666666666667 0.01 0.006666666666666667
1 0.17666666666666667 0.995 0.02666666666666667 0.01
1 0.215 0.99 0.01 0.006666666666666667
1 0.14833333333333334 0.975 0.0033333333333333335 0.0033333333333333335
1 0.205 0.965 0.0033333333333333335 0.0033333333333333335
1 0.17 0.9566666666666667 0.006666666666666667 0.006666666666666667
1 0.24 0.9566666666666667 0.013333333333333334 0.013333333333333334
1 0.14666666666666667 0.9466666666666667 0.006666666666666667 0.006666666666666667
1 0.105 0.9483333333333334 0.01 0.01
1 0.215 0.95 0.023333333333333334 0.03333333333333333
1 0.155 0.935 0.0033333333333333335 0.0033333333333333335
1 0.26666666666666666 0.94 0.02666666666666667 0.02
1 0.24166666666666667 0.9366666666666666 0.016666666666666666 0.02
1 0.3 0.9316666666666666 0.03333333333333333 0.03
1 0.2 0.92 0.006666666666666667 0.006666666666666667
1 0.22833333333333333 0.9083333333333333 0.0033333333333333335 0.0033333333333333335
1 0.26166666666666666 0.9116666666666666 0.016666666666666666 0.016666666666666666
1 0.20833333333333334 0.9066666666666666 0.01 0.006666666666666667
1 0.14666666666666667 0.9066666666666666 0.006666666666666667 0.006666666666666667
1 0.285 0.9033333333333333 0.016666666666666666 0.02
1 0.16 0.8933333333333333 0.006666666666666667 0.006666666666666667
1 0.13333333333333333 0.8916666666666667 0.006666666666666667 0.0033333333333333335
1 0.035 0.8916666666666667 0.0033333333333333335 0.0033333333333333335
1 0.17833333333333334 0.885 0.0033333333333333335 0.0033333333333333335
1 0.23666666666666666 0.8933333333333333 0.02 0.02666666666666667
1 0.20666666666666667 0.8916666666666667 0.02666666666666667 0.023333333333333334
1 0.12166666666666667 0.875 0.0033333333333333335 0.0033333333333333335
1 0.17 0.875 0.013333333333333334 0.01
1 0.185 0.8666666666666667 0.0033333333333333335 0.006666666666666667
1 0.16666666666666666 0.8633333333333333 0.006666666666666667 0.006666666666666667
1 0.18666666666666668 0.8566666666666667 0.013333333333333334 0.006666666666666667
1 0.15833333333333333 0.8516666666666667 0.0033333333333333335 0.0033333333333333335
1 0.10166666666666667 0.8533333333333334 0.0033333333333333335 0.006666666666666667
1 0.05 0.8433333333333334 0.006666666666666667 0.006666666666666667
1 0.165 0.8383333333333334 0.01 0.01
1 0.085 0.8366666666666667 0.0033333333333333335 0.006666666666666667
1 0.13 0.835 0.02 0.016666666666666666
1 0.12333333333333334 0.8166666666666667 0.006666666666666667 0.006666666666666667
1 0.11 0.8183333333333334 0.013333333333333334 0.01
1 0.08666666666666667 0.815 0.006666666666666667 0.0033333333333333335
1 0.17666666666666667 0.8066666666666666 0.006666666666666667 0.006666666666666667
1 0.09833333333333333 0.805 0.0033333333333333335 0.0033333333333333335
1 0.215 0.81 0.05 0.03333333333333333
1 0.165 0.795 0.0033333333333333335 0.0033333333333333335
1 0.15166666666666667 0.795 0.0033333333333333335 0.0033333333333333335
1 0.10833333333333334 0.79 0.01 0.006666666666666667
1 0.24666666666666667 0.7916666666666666 0.013333333333333334 0.016666666666666666
1 0.15833333333333333 0.7816666666666666 0.0033333333333333335 0.0033333333333333335
1 0.24166666666666667 0.7716666666666666 0.0033333333333333335 0.0033333333333333335
1 0.095 0.7733333333333333 0.01 0.006666666666666667
1 0.205 0.7766666666666666 0.023333333333333334 0.02
1 0.14666666666666667 0.7716666666666666 0.006666666666666667 0.01
1 0.10166666666666667 0.765 0.0033333333333333335 0.0033333333333333335
1 0.22666666666666666 0.765 0.006666666666666667 0.01
1 0.05333333333333334 0.7616666666666667 0.006666666666666667 0.0033333333333333335
1 0.18833333333333332 0.7583333333333333 0.0033333333333333335 0.0033333333333333335
1 0.20666666666666667 0.755 0.006666666666666667 0.0033333333333333335
1 0.165 0.755 0.0033333333333333335 0.0033333333333333335
1 0.24166666666666667 0.7483333333333333 0.01 0.01
1 0.12166666666666667 0.745 0.0033333333333333335 0.0033333333333333335
1 0.08666666666666667 0.7433333333333333 0.006666666666666667 0.006666666666666667
1 0.22 0.74 0.006666666666666667 0.006666666666666667
1 0.20166666666666666 0.7416666666666667 0.0033333333333333335 0.01
1 0.16 0.7383333333333333 0.006666666666666667 0.0033333333333333335
1 0.18333333333333332 0.74 0.013333333333333334 0.013333333333333334
1 0.19333333333333333 0.7333333333333333 0.006666666666666667 0.006666666666666667
1 0.13833333333333334 0.71 0.0033333333333333335 0.006666666666666667
1 0.016666666666666666 0.765 0.03333333333333333 0.12333333333333334
1 0.12333333333333334 0.7033333333333334 0.006666666666666667 0.006666666666666667
1 0.075 0.7016666666666667 0.0033333333333333335 0.01
1 0.10166666666666667 0.6933333333333334 0.01 0.006666666666666667
1 0.12833333333333333 0.6916666666666667 0.01 0.01
1 0.06 0.69 0.006666666666666667 0.006666666666666667
1 0.04666666666666667 0.69 0.006666666666666667 0.006666666666666667
1 0.011666666666666667 0.6916666666666667 0.023333333333333334 0.016666666666666666
1 0.006666666666666667 0.44166666666666665 0.013333333333333334 0.01
1 0.03833333333333333 0.4033333333333333 0.016666666666666666 0.013333333333333334
1 0.01 0.38 0.02 0.02
1 0.0033333333333333335 0.335 0.006666666666666667 0.01
1 0.10833333333333334 0.3283333333333333 0.0033333333333333335 0.0033333333333333335
1 0.22333333333333333 0.3016666666666667 0.006666666666666667 0.01
1 0.23833333333333334 0.2966666666666667 0.01 0.013333333333333334
1 0.115 0.28833333333333333 0.01 0.01
1 0.27166666666666667 0.295 0.03 0.03666666666666667
1 0.09166666666666666 0.2833333333333333 0.016666666666666666 0.013333333333333334
1 0.21 0.275 0.006666666666666667 0.0033333333333333335
1 0.245 0.2783333333333333 0.016666666666666666 0.016666666666666666
1 0.23666666666666666 0.265 0.013333333333333334 0.01
1 0.25 0.25666666666666665 0.006666666666666667 0.006666666666666667
1 0.225 0.25666666666666665 0.01 0.006666666666666667
1 0.265 0.25666666666666665 0.01 0.03333333333333333
1 0.2783333333333333 0.23833333333333334 0.01 0.01
1 0.25 0.235 0.02666666666666667 0.03
1 0.26666666666666666 0.22 0.006666666666666667 0.006666666666666667
1 0.005 0.21833333333333332 0.01 0.01
1 0.28 0.20833333333333334 0.02 0.01
1 0.235 0.21 0.01 0.013333333333333334
1 0.18333333333333332 0.20833333333333334 0.013333333333333334 0.01
1 0.07833333333333334 0.20666666666666667 0.0033333333333333335 0.006666666666666667
1 0.2683333333333333 0.19 0.01 0.006666666666666667
1 0.25 0.18 0.006666666666666667 0.006666666666666667
1 0.225 0.18333333333333332 0.03 0.02666666666666667
1 0.07 0.175 0.006666666666666667 0.01
1 0.25166666666666665 0.16166666666666665 0.0033333333333333335 0.0033333333333333335
1 0.2733333333333333 0.155 0.006666666666666667 0.0033333333333333335
1 0.235 0.16166666666666665 0.023333333333333334 0.023333333333333334
1 0.21666666666666667 0.14833333333333334 0.006666666666666667 0.0033333333333333335
1 0.25666666666666665 0.145 0.02 0.023333333333333334
1 0.24333333333333335 0.12833333333333333 0.02666666666666667 0.023333333333333334
1 0.16833333333333333 0.10333333333333333 0.0033333333333333335 0.006666666666666667
1 0.24833333333333332 0.09166666666666666 0.01 0.01
1 0.9083333333333333 0.085 0.0033333333333333335 0.0033333333333333335
1 0.18 0.09 0.006666666666666667 0.013333333333333334
1 0.275 0.08833333333333333 0.023333333333333334 0.016666666666666666
1 0.25166666666666665 0.075 0.01 0.0033333333333333335
1 0.205 0.065 0.0033333333333333335 0.0033333333333333335
1 0.12 0.07 0.013333333333333334 0.013333333333333334
1 0.23833333333333334 0.06833333333333333 0.016666666666666666 0.016666666666666666
1 0.17 0.06 0.006666666666666667 0.006666666666666667
1 0.22166666666666668 0.05333333333333334 0.01 0.006666666666666667
1 0.26166666666666666 0.06 0.023333333333333334 0.02666666666666667
1 0.18333333333333332 0.05333333333333334 0.013333333333333334 0.013333333333333334
1 0.31166666666666665 0.04666666666666667 0.0033333333333333335 0.006666666666666667
1 0.20333333333333334 0.045 0.006666666666666667 0.01
1 0.2916666666666667 0.04 0.016666666666666666 0.02
1 0.04 0.11666666666666667 0.08 0.18
1 0.27 0.025 0.013333333333333334 0.01
1 0.24166666666666667 0.03166666666666667 0.023333333333333334 0.023333333333333334
1 0.20333333333333334 0.02 0.006666666666666667 0.006666666666666667
1 0.17833333333333334 0.015 0.016666666666666666 0.01
1 0.22 0.01 0.006666666666666667 0.006666666666666667
1 0.9233333333333333 0.0033333333333333335 0.006666666666666667 0.006666666666666667
1 0.5 0.5 1.0 1.0
1 0.32666666666666666 0.0016666666666666668 0.006666666666666667 0.0033333333333333335
1 0.30833333333333335 0.01 0.016666666666666666 0.02
1 0.295 0.008333333333333333 0.016666666666666666 0.016666666666666666
1 0.2783333333333333 0.0033333333333333335 0.01 0.006666666666666667
1 0.16333333333333333 0.0033333333333333335 0.006666666666666667 0.006666666666666667