1 0.5887445887445888 0.8492398648648649 0.0010822510822510823 0.0008445945945945946
1 0.8866341991341992 0.8441722972972973 0.0005411255411255411 0.0008445945945945946
1 0.7002164502164502 0.84375 0.0010822510822510823 0.0016891891891891893
1 0.8939393939393939 0.8429054054054054 0.0010822510822510823 0.0016891891891891893
1 0.8898809523809523 0.8429054054054054 0.0016233766233766235 0.0016891891891891893
1 0.2778679653679654 0.8374155405405406 0.0005411255411255411 0.0008445945945945946
1 0.3944805194805195 0.8365709459459459 0.003246753246753247 0.002533783783783784
1 0.7058982683982684 0.8357263513513513 0.003787878787878788 0.004222972972972973
1 0.2708333333333333 0.8344594594594594 0.0005411255411255411 0.0016891891891891893
1 0.39204545454545453 0.8331925675675675 0.0005411255411255411 0.0008445945945945946
1 0.9061147186147186 0.8374155405405406 0.025432900432900432 0.014358108108108109
1 0.5489718614718615 0.831081081081081 0.0016233766233766235 0.0016891891891891893
1 0.5419372294372294 0.831081081081081 0.0016233766233766235 0.0016891891891891893
1 0.6977813852813853 0.8277027027027027 0.0016233766233766235 0.0016891891891891893
1 0.5670995670995671 0.8277027027027027 0.0021645021645021645 0.0016891891891891893
1 0.28625541125541126 0.8255912162162162 0.0021645021645021645 0.002533783783783784
1 0.9185606060606061 0.8243243243243243 0.0005411255411255411 0.0016891891891891893
1 0.6179653679653679 0.823902027027027 0.0010822510822510823 0.0008445945945945946
1 0.9266774891774892 0.823902027027027 0.0016233766233766235 0.002533783783783784
1 0.6793831168831169 0.8217905405405406 0.0005411255411255411 0.0016891891891891893
1 0.6171536796536796 0.8213682432432432 0.0005411255411255411 0.0008445945945945946
1 0.5971320346320347 0.8217905405405406 0.0005411255411255411 0.0016891891891891893
1 0.4650974025974026 0.8205236486486487 0.0005411255411255411 0.0008445945945945946
1 0.6339285714285714 0.8196790540540541 0.0016233766233766235 0.002533783783783784
1 0.6295995670995671 0.8188344594594594 0.0016233766233766235 0.002533783783783784
1 0.41125541125541126 0.8179898648648649 0.0021645021645021645 0.002533783783783784
1 0.9247835497835498 0.8163006756756757 0.0010822510822510823 0.002533783783783784
1 0.6498917748917749 0.8158783783783784 0.0010822510822510823 0.0016891891891891893
1 0.41504329004329005 0.8158783783783784 0.0010822510822510823 0.0016891891891891893
1 0.4101731601731602 0.8150337837837838 0.0010822510822510823 0.0016891891891891893
1 0.4569805194805195 0.8133445945945946 0.0016233766233766235 0.0033783783783783786
1 0.45454545454545453 0.8120777027027027 0.0010822510822510823 0.0008445945945945946
1 0.4153138528138528 0.8120777027027027 0.0005411255411255411 0.0008445945945945946
1 0.40936147186147187 0.8120777027027027 0.0005411255411255411 0.0008445945945945946
1 0.3806818181818182 0.8120777027027027 0.0005411255411255411 0.0008445945945945946
1 0.4512987012987013 0.8129222972972973 0.003246753246753247 0.004222972972972973
1 0.4475108225108225 0.8116554054054054 0.0010822510822510823 0.0016891891891891893
1 0.9310064935064936 0.8158783783783784 0.0091991341991342 0.011824324324324325
1 0.45481601731601734 0.8086993243243243 0.0005411255411255411 0.0008445945945945946
1 0.44561688311688313 0.8070101351351351 0.0005411255411255411 0.0008445945945945946
1 0.398538961038961 0.8264358108108109 0.02976190476190476 0.03969594594594594
1 0.2786796536796537 0.8070101351351351 0.0010822510822510823 0.0008445945945945946
1 0.4491341991341991 0.825168918918919 0.031385281385281384 0.03885135135135135
1 0.60254329004329 0.8230574324324325 0.19967532467532467 0.05489864864864865
1 0.5156926406926406 0.7972972972972973 0.0021645021645021645 0.006756756756756757
1 0.3850108225108225 0.7905405405405406 0.0005411255411255411 0.0016891891891891893
1 0.3024891774891775 0.7875844594594594 0.0010822510822510823 0.002533783783783784
1 0.338474025974026 0.7858952702702703 0.0005411255411255411 0.0008445945945945946
1 0.4166666666666667 0.793918918918919 0.004329004329004329 0.018581081081081082
1 0.47294372294372294 0.7825168918918919 0.0021645021645021645 0.002533783783783784
1 0.26785714285714285 0.785472972972973 0.012987012987012988 0.011824324324324325
1 0.47754329004329005 0.7795608108108109 0.0016233766233766235 0.0016891891891891893
1 0.2454004329004329 0.778293918918919 0.0005411255411255411 0.0008445945945945946
1 0.24323593073593072 0.7795608108108109 0.0016233766233766235 0.0033783783783783786
1 0.3906926406926407 0.7766047297297297 0.0010822510822510823 0.0008445945945945946
1 0.4880952380952381 0.7778716216216216 0.008658008658008658 0.005067567567567568
1 0.41044372294372294 0.7744932432432432 0.0016233766233766235 0.0033783783783783786
1 0.42018398268398266 0.7740709459459459 0.0027056277056277055 0.0059121621621621625
1 0.41369047619047616 0.7723817567567568 0.0016233766233766235 0.002533783783783784
1 0.4055735930735931 0.7711148648648649 0.0016233766233766235 0.0033783783783783786
1 0.4161255411255411 0.7719594594594594 0.003246753246753247 0.006756756756756757
1 0.2616341991341991 0.7985641891891891 0.04383116883116883 0.09206081081081081
1 0.2895021645021645 0.7014358108108109 0.0010822510822510823 0.0008445945945945946
1 0.2913961038961039 0.7005912162162162 0.0016233766233766235 0.002533783783783784
1 0.2884199134199134 0.698902027027027 0.0021645021645021645 0.004222972972972973
1 0.2941017316017316 0.6963682432432432 0.0005411255411255411 0.0008445945945945946
1 0.14583333333333334 0.6955236486486487 0.01461038961038961 0.026182432432432432
1 0.29004329004329005 0.6887668918918919 0.007575757575757576 0.014358108108108109
1 0.13555194805194806 0.6820101351351351 0.005952380952380952 0.004222972972972973
1 0.1277056277056277 0.6820101351351351 0.004329004329004329 0.0059121621621621625
1 0.20833333333333334 0.6583614864864865 0.0010822510822510823 0.0008445945945945946
1 0.09117965367965368 0.6684966216216216 0.0633116883116883 0.022804054054054054
1 0.21861471861471862 0.644847972972973 0.0021645021645021645 0.004222972972972973
1 0.1377164502164502 0.65625 0.13690476190476192 0.033783783783783786
1 0.17532467532467533 0.6414695945945946 0.0367965367965368 0.009290540540540541
1 0.20427489177489178 0.6347128378378378 0.0005411255411255411 0.0008445945945945946
1 0.061147186147186144 0.6389358108108109 0.0010822510822510823 0.009290540540540541
1 0.07061688311688312 0.6342905405405406 0.0005411255411255411 0.0016891891891891893
1 0.19805194805194806 0.6342905405405406 0.007575757575757576 0.005067567567567568
1 0.21834415584415584 0.6321790540540541 0.0016233766233766235 0.002533783783783784
1 0.10443722943722944 0.6347128378378378 0.03463203463203463 0.009290540540540541
1 0.07494588744588744 0.6317567567567568 0.003787878787878788 0.0033783783783783786
1 0.08306277056277056 0.6309121621621622 0.007034632034632035 0.0033783783783783786
1 0.22186147186147187 0.6300675675675675 0.0021645021645021645 0.0033783783783783786
1 0.07819264069264069 0.6195101351351351 0.00487012987012987 0.004222972972972973
1 0.21861471861471862 0.6148648648648649 0.0010822510822510823 0.0016891891891891893
1 0.21726190476190477 0.6047297297297297 0.0016233766233766235 0.0016891891891891893
1 0.18154761904761904 0.6034628378378378 0.05140692640692641 0.009290540540540541
1 0.09875541125541125 0.6059966216216216 0.05140692640692641 0.017736486486486486
1 0.06168831168831169 0.5971283783783784 0.0021645021645021645 0.011824324324324325
1 0.06060606060606061 0.5848817567567568 0.0010822510822510823 0.0008445945945945946
1 0.21996753246753248 0.5713682432432432 0.0005411255411255411 0.0008445945945945946
1 0.13933982683982685 0.5865709459459459 0.15746753246753248 0.05152027027027027
1 0.13392857142857142 0.559543918918919 0.013528138528138528 0.0059121621621621625
1 0.2840909090909091 0.558277027027027 0.005411255411255411 0.005067567567567568
1 0.2838203463203463 0.5515202702702703 0.003787878787878788 0.005067567567567568
1 0.28436147186147187 0.5451858108108109 0.0005411255411255411 0.0008445945945945946
1 0.9537337662337663 0.5329391891891891 0.0027056277056277055 0.006756756756756757
1 0.14772727272727273 0.5422297297297297 0.01406926406926407 0.03547297297297297
1 0.3676948051948052 0.5240709459459459 0.0005411255411255411 0.0008445945945945946
1 0.3463203463203463 0.5236486486486487 0.0010822510822510823 0.0016891891891891893
1 0.3425324675324675 0.5232263513513513 0.0010822510822510823 0.0008445945945945946
1 0.9515692640692641 0.5236486486486487 0.0027056277056277055 0.005067567567567568
1 0.3676948051948052 0.5215371621621622 0.0005411255411255411 0.0008445945945945946
1 0.3373917748917749 0.5232263513513513 0.007034632034632035 0.004222972972972973
1 0.332521645021645 0.5215371621621622 0.0005411255411255411 0.0008445945945945946
1 0.9502164502164502 0.519847972972973 0.0010822510822510823 0.0008445945945945946
1 0.38095238095238093 0.5219594594594594 0.023809523809523808 0.006756756756756757
1 0.14042207792207792 0.5194256756756757 0.0016233766233766235 0.0033783783783783786
1 0.9526515151515151 0.5181587837837838 0.0016233766233766235 0.002533783783783784
1 0.9404761904761905 0.5168918918918919 0.0010822510822510823 0.0016891891891891893
1 0.42207792207792205 0.515625 0.0010822510822510823 0.004222972972972973
1 0.26596320346320346 0.5130912162162162 0.0005411255411255411 0.0008445945945945946
1 0.286525974025974 0.511402027027027 0.0005411255411255411 0.0008445945945945946
1 0.9404761904761905 0.5118243243243243 0.0021645021645021645 0.0033783783783783786
1 0.28544372294372294 0.5097128378378378 0.0016233766233766235 0.0008445945945945946
1 0.9412878787878788 0.5076013513513513 0.0005411255411255411 0.0016891891891891893
1 0.9396645021645021 0.5063344594594594 0.0005411255411255411 0.0008445945945945946
1 0.2859848484848485 0.5021114864864865 0.0005411255411255411 0.0008445945945945946
1 0.9391233766233766 0.5025337837837838 0.0016233766233766235 0.0033783783783783786
1 0.39556277056277056 0.5012668918918919 0.0010822510822510823 0.0008445945945945946
1 0.43073593073593075 0.4995777027027027 0.0010822510822510823 0.002533783783783784
1 0.43912337662337664 0.49408783783783783 0.0016233766233766235 0.0033783783783783786
1 0.2857142857142857 0.5097128378378378 0.04112554112554113 0.03462837837837838
1 0.42992424242424243 0.49197635135135137 0.0005411255411255411 0.0008445945945945946
1 0.3352272727272727 0.49155405405405406 0.0016233766233766235 0.0016891891891891893
1 0.31737012987012986 0.48690878378378377 0.0005411255411255411 0.0008445945945945946
1 0.3457792207792208 0.4856418918918919 0.003246753246753247 0.0033783783783783786
1 0.3068181818181818 0.4856418918918919 0.0021645021645021645 0.0033783783783783786
1 0.25514069264069267 0.484375 0.0005411255411255411 0.0008445945945945946
1 0.34983766233766234 0.484375 0.0027056277056277055 0.002533783783783784
1 0.3336038961038961 0.4860641891891892 0.017857142857142856 0.0059121621621621625
1 0.3116883116883117 0.48521959459459457 0.006493506493506494 0.004222972972972973
1 0.24431818181818182 0.4839527027027027 0.0027056277056277055 0.005067567567567568
1 0.25405844155844154 0.47677364864864863 0.0005411255411255411 0.0008445945945945946
1 0.4569805194805195 0.47550675675675674 0.0005411255411255411 0.0016891891891891893
1 0.37851731601731603 0.4750844594594595 0.0005411255411255411 0.0008445945945945946
1 0.2784090909090909 0.47423986486486486 0.0005411255411255411 0.0008445945945945946
1 0.3760822510822511 0.47255067567567566 0.0010822510822510823 0.0008445945945945946
1 0.24648268398268397 0.47297297297297297 0.0016233766233766235 0.0016891891891891893
1 0.37148268398268397 0.47255067567567566 0.0005411255411255411 0.002533783783783784
1 0.270021645021645 0.47255067567567566 0.003246753246753247 0.004222972972972973
1 0.24702380952380953 0.4708614864864865 0.0005411255411255411 0.0008445945945945946
1 0.2832792207792208 0.48015202702702703 0.04274891774891775 0.021114864864864864
1 0.44832251082251084 0.4708614864864865 0.0027056277056277055 0.0059121621621621625
1 0.27380952380952384 0.4691722972972973 0.004329004329004329 0.004222972972972973
1 0.45725108225108224 0.46790540540540543 0.0021645021645021645 0.0033783783783783786
1 0.454004329004329 0.46875 0.0021645021645021645 0.005067567567567568
1 0.4577922077922078 0.46326013513513514 0.0021645021645021645 0.004222972972972973
1 0.3658008658008658 0.46114864864864863 0.0010822510822510823 0.0016891891891891893
1 0.4621212121212121 0.45903716216216217 0.0010822510822510823 0.0008445945945945946
1 0.4696969696969697 0.45903716216216217 0.0010822510822510823 0.002533783783783784
1 0.4675324675324675 0.4577702702702703 0.0021645021645021645 0.0016891891891891893
1 0.4642857142857143 0.45819256756756754 0.0021645021645021645 0.007601351351351352
1 0.5183982683982684 0.4543918918918919 0.0010822510822510823 0.0016891891891891893
1 0.48295454545454547 0.4657939189189189 0.023268398268398268 0.026182432432432432
1 0.4694264069264069 0.4510135135135135 0.0005411255411255411 0.0016891891891891893
1 0.9283008658008658 0.4497466216216216 0.0005411255411255411 0.0008445945945945946
1 0.4680735930735931 0.4501689189189189 0.0010822510822510823 0.0016891891891891893
1 0.2968073593073593 0.44721283783783783 0.0016233766233766235 0.002533783783783784
1 0.5132575757575758 0.44552364864864863 0.0005411255411255411 0.0008445945945945946
1 0.5102813852813853 0.44552364864864863 0.0010822510822510823 0.0008445945945945946
1 0.46834415584415584 0.44594594594594594 0.0005411255411255411 0.0016891891891891893
1 0.2454004329004329 0.4624155405405405 0.007034632034632035 0.036317567567567564
1 0.5170454545454546 0.44552364864864863 0.0027056277056277055 0.004222972972972973
1 0.3520021645021645 0.44467905405405406 0.0027056277056277055 0.002533783783783784
1 0.2981601731601732 0.4438344594594595 0.0021645021645021645 0.002533783783783784
1 0.36038961038961037 0.44298986486486486 0.0021645021645021645 0.002533783783783784
1 0.3495670995670996 0.44298986486486486 0.0010822510822510823 0.002533783783783784
1 0.3568722943722944 0.44172297297297297 0.0005411255411255411 0.0016891891891891893
1 0.3685064935064935 0.4408783783783784 0.0010822510822510823 0.0016891891891891893
1 0.2922077922077922 0.4501689189189189 0.06601731601731602 0.02027027027027027
1 0.509469696969697 0.4387668918918919 0.0005411255411255411 0.0008445945945945946
1 0.5156926406926406 0.4375 0.005411255411255411 0.006756756756756757
1 0.516504329004329 0.4311655405405405 0.0016233766233766235 0.004222972972972973
1 0.5140692640692641 0.43032094594594594 0.0010822510822510823 0.002533783783783784
1 0.5116341991341992 0.42947635135135137 0.0016233766233766235 0.0008445945945945946
1 0.3484848484848485 0.42609797297297297 0.0021645021645021645 0.002533783783783784
1 0.3449675324675325 0.42567567567567566 0.0016233766233766235 0.0033783783783783786
1 0.3133116883116883 0.4125844594594595 0.0010822510822510823 0.0008445945945945946
1 0.3804112554112554 0.41131756756756754 0.0010822510822510823 0.0016891891891891893
1 0.295995670995671 0.4096283783783784 0.0010822510822510823 0.0016891891891891893
1 0.279491341991342 0.4096283783783784 0.003787878787878788 0.0016891891891891893
1 0.275974025974026 0.4096283783783784 0.0010822510822510823 0.0016891891891891893
1 0.2727272727272727 0.41005067567567566 0.0010822510822510823 0.002533783783783784
1 0.26271645021645024 0.41005067567567566 0.012445887445887446 0.004222972972972973
1 0.28625541125541126 0.40878378378378377 0.008658008658008658 0.005067567567567568
1 0.2905844155844156 0.42947635135135137 0.10497835497835498 0.0464527027027027
1 0.37851731601731603 0.40625 0.0016233766233766235 0.0016891891891891893
1 0.911525974025974 0.4032939189189189 0.0005411255411255411 0.0008445945945945946
1 0.27570346320346323 0.40371621621621623 0.0005411255411255411 0.0016891891891891893
1 0.25946969696969696 0.40244932432432434 0.0005411255411255411 0.0008445945945945946
1 0.30654761904761907 0.4016047297297297 0.0005411255411255411 0.0008445945945945946
1 0.28544372294372294 0.4016047297297297 0.0005411255411255411 0.0008445945945945946
1 0.2773268398268398 0.4016047297297297 0.0005411255411255411 0.0008445945945945946
1 0.5257034632034632 0.40118243243243246 0.0005411255411255411 0.0016891891891891893
1 0.30384199134199136 0.40118243243243246 0.0005411255411255411 0.0016891891891891893
1 0.5949675324675324 0.3999155405405405 0.0005411255411255411 0.0008445945945945946
1 0.5300324675324676 0.3999155405405405 0.0005411255411255411 0.0008445945945945946
1 0.27326839826839827 0.40076013513513514 0.0021645021645021645 0.002533783783783784
1 0.2681277056277056 0.40118243243243246 0.0027056277056277055 0.0033783783783783786
1 0.2621753246753247 0.40118243243243246 0.0027056277056277055 0.0033783783783783786
1 0.6112012987012987 0.39907094594594594 0.0005411255411255411 0.0008445945945945946
1 0.29653679653679654 0.40076013513513514 0.003246753246753247 0.004222972972972973
1 0.28273809523809523 0.3999155405405405 0.0016233766233766235 0.002533783783783784
1 0.2792207792207792 0.40033783783783783 0.0021645021645021645 0.0033783783783783786
1 0.6036255411255411 0.39822635135135137 0.0005411255411255411 0.0008445945945945946
1 0.2537878787878788 0.39864864864864863 0.0010822510822510823 0.0016891891891891893
1 0.6198593073593074 0.39738175675675674 0.0005411255411255411 0.0008445945945945946
1 0.5968614718614719 0.39780405405405406 0.0010822510822510823 0.0016891891891891893
1 0.2740800865800866 0.39780405405405406 0.0005411255411255411 0.0016891891891891893
1 0.5844155844155844 0.39653716216216217 0.0010822510822510823 0.0008445945945945946
1 0.29193722943722944 0.39907094594594594 0.0027056277056277055 0.0059121621621621625
1 0.2884199134199134 0.3999155405405405 0.003246753246753247 0.007601351351351352
1 0.5952380952380952 0.39611486486486486 0.0010822510822510823 0.0016891891891891893
1 0.25757575757575757 0.40033783783783783 0.005411255411255411 0.010135135135135136
1 0.27056277056277056 0.39484797297297297 0.0010822510822510823 0.0008445945945945946
1 0.26785714285714285 0.39611486486486486 0.003246753246753247 0.0033783783783783786
1 0.2616341991341991 0.3952702702702703 0.0016233766233766235 0.0016891891891891893
1 0.3008658008658009 0.39780405405405406 0.003246753246753247 0.008445945945945946
1 0.2976190476190476 0.39442567567567566 0.0010822510822510823 0.0016891891891891893
1 0.2935606060606061 0.39569256756756754 0.0027056277056277055 0.004222972972972973
1 0.2849025974025974 0.39611486486486486 0.0027056277056277055 0.005067567567567568
1 0.2778679653679654 0.3952702702702703 0.0027056277056277055 0.0033783783783783786
1 0.6366341991341992 0.3940033783783784 0.0016233766233766235 0.002533783783783784
1 0.5435606060606061 0.39315878378378377 0.0005411255411255411 0.0008445945945945946
1 0.5906385281385281 0.39315878378378377 0.003787878787878788 0.002533783783783784
1 0.5392316017316018 0.3935810810810811 0.0027056277056277055 0.0033783783783783786
1 0.8825757575757576 0.3885135135135135 0.0010822510822510823 0.0033783783783783786
1 0.8795995670995671 0.3872466216216216 0.0005411255411255411 0.0008445945945945946
1 0.8866341991341992 0.3893581081081081 0.00487012987012987 0.006756756756756757
1 0.922077922077922 0.4510135135135135 0.06168831168831169 0.13344594594594594
1 0.5173160173160173 0.4075168918918919 0.04329004329004329 0.04814189189189189
1 0.3969155844155844 0.44341216216216217 0.1423160173160173 0.14189189189189189
1 0.3722943722943723 0.16427364864864866 0.0010822510822510823 0.0008445945945945946
1 0.36553030303030304 0.15118243243243243 0.0016233766233766235 0.0033783783783783786
1 0.36147186147186144 0.14358108108108109 0.0021645021645021645 0.005067567567567568
1 0.35795454545454547 0.13809121621621623 0.0027056277056277055 0.004222972972972973
1 0.3530844155844156 0.13091216216216217 0.0027056277056277055 0.0033783783783783786
1 0.3436147186147186 0.12922297297297297 0.0010822510822510823 0.0016891891891891893
1 0.3333333333333333 0.125 0.0010822510822510823 0.0016891891891891893
1 0.34686147186147187 0.12331081081081081 0.005411255411255411 0.006756756756756757
1 0.34145021645021645 0.11739864864864864 0.0010822510822510823 0.0016891891891891893
1 0.31655844155844154 0.10641891891891891 0.006493506493506494 0.005067567567567568
1 0.25135281385281383 0.10472972972972973 0.0016233766233766235 0.0016891891891891893
1 0.3092532467532468 0.10388513513513513 0.0027056277056277055 0.0016891891891891893
1 0.3181818181818182 0.10008445945945946 0.0010822510822510823 0.0008445945945945946
1 0.27245670995670995 0.09839527027027027 0.00487012987012987 0.002533783783783784
1 0.2681277056277056 0.09839527027027027 0.0027056277056277055 0.002533783783783784
1 0.2859848484848485 0.09797297297297297 0.02002164502164502 0.0033783783783783786