1 0.15 0.925 0.006666666666666667 0.0033333333333333335
1 0.5466666666666666 0.85 0.006666666666666667 0.006666666666666667
1 0.5516666666666666 0.8133333333333334 0.01 0.006666666666666667
1 0.695 0.8166666666666667 0.016666666666666666 0.02666666666666667
1 0.6266666666666667 0.8133333333333334 0.12666666666666668 0.04666666666666667
1 0.215 0.7783333333333333 0.0033333333333333335 0.0033333333333333335
1 0.34 0.23666666666666666 0.16 0.02666666666666667
1 0.016666666666666666 0.20666666666666667 0.03333333333333333 0.02
1 0.40166666666666667 0.18166666666666667 0.03 0.016666666666666666
1 0.5216666666666666 0.17 0.01 0.013333333333333334
1 0.023333333333333334 0.15833333333333333 0.04666666666666667 0.03
1 0.7916666666666666 0.0033333333333333335 0.023333333333333334 0.006666666666666667
1 0.5 0.5 1.0 1.0