2 0.9476608187134503 0.6119883040935673 0.0005847953216374269 0.0017543859649122807
2 0.9535087719298245 0.6078947368421053 0.0029239766081871343 0.0017543859649122807
2 0.9605263157894737 0.6 0.0017543859649122807 0.0011695906432748538
2 0.10263157894736842 0.6269005847953216 0.038011695906432746 0.06432748538011696
2 0.06023391812865497 0.6248538011695907 0.03859649122807018 0.06374269005847953
2 0.11461988304093568 0.5926900584795322 0.0023391812865497076 0.004093567251461989
2 0.6748538011695906 0.5842105263157895 0.0011695906432748538 0.0011695906432748538
2 0.054385964912280704 0.5847953216374269 0.0035087719298245615 0.0035087719298245615
2 0.20175438596491227 0.47514619883040937 0.0023391812865497076 0.014619883040935672
2 0.5362573099415204 0.4324561403508772 0.0011695906432748538 0.0017543859649122807
2 0.5435672514619883 0.41228070175438597 0.0017543859649122807 0.004678362573099415
2 0.2134502923976608 0.40672514619883043 0.026900584795321637 0.005263157894736842
2 0.1827485380116959 0.4043859649122807 0.0017543859649122807 0.0005847953216374269
2 0.19444444444444445 0.40380116959064327 0.004093567251461989 0.0005847953216374269
2 0.1850877192982456 0.40380116959064327 0.0005847953216374269 0.0005847953216374269
2 0.9318713450292397 0.4026315789473684 0.004093567251461989 0.0029239766081871343
2 0.9230994152046783 0.40321637426900586 0.006432748538011696 0.004093567251461989
2 0.6260233918128655 0.5321637426900585 0.19707602339181288 0.26900584795321636
2 0.9087719298245615 0.3997076023391813 0.0023391812865497076 0.005263157894736842
2 0.11052631578947368 0.5260233918128655 0.18362573099415205 0.2590643274853801
2 0.8847953216374269 0.5260233918128655 0.2304093567251462 0.26842105263157895
2 0.36140350877192984 0.5248538011695907 0.2152046783625731 0.2824561403508772
2 0.6257309941520468 0.37543859649122807 0.06315789473684211 0.03625730994152047