2 0.6631944444444444 0.8111111111111111 0.02638888888888889 0.002777777777777778
2 0.5625 0.7784722222222222 0.002777777777777778 0.006944444444444444
2 0.6486111111111111 0.7666666666666667 0.002777777777777778 0.002777777777777778
2 0.74375 0.7333333333333333 0.001388888888888889 0.002777777777777778
2 0.7395833333333334 0.7333333333333333 0.001388888888888889 0.002777777777777778
2 0.5673611111111111 0.7319444444444444 0.001388888888888889 0.002777777777777778
2 0.7479166666666667 0.7243055555555555 0.001388888888888889 0.001388888888888889
2 0.7423611111111111 0.7215277777777778 0.006944444444444444 0.004166666666666667
2 0.6506944444444445 0.7125 0.004166666666666667 0.005555555555555556
2 0.74375 0.6555555555555556 0.009722222222222222 0.011111111111111112
2 0.5743055555555555 0.68125 0.009722222222222222 0.07083333333333333
2 0.5798611111111112 0.6416666666666667 0.001388888888888889 0.002777777777777778
2 0.5798611111111112 0.6284722222222222 0.001388888888888889 0.009722222222222222
2 0.6451388888888889 0.6131944444444445 0.009722222222222222 0.006944444444444444
2 0.6548611111111111 0.6118055555555556 0.004166666666666667 0.006944444444444444
2 0.7402777777777778 0.5986111111111111 0.008333333333333333 0.005555555555555556
2 0.675 0.5958333333333333 0.008333333333333333 0.002777777777777778
2 0.6923611111111111 0.6777777777777778 0.09305555555555556 0.175
2 0.6513888888888889 0.5965277777777778 0.013888888888888888 0.0125
2 0.7409722222222223 0.5916666666666667 0.009722222222222222 0.005555555555555556
2 0.6597222222222222 0.5902777777777778 0.008333333333333333 0.008333333333333333
2 0.6638888888888889 0.5847222222222223 0.008333333333333333 0.008333333333333333
2 0.7145833333333333 0.5833333333333334 0.02361111111111111 0.013888888888888888
2 0.6826388888888889 0.5798611111111112 0.02361111111111111 0.009722222222222222
2 0.6590277777777778 0.5638888888888889 0.04583333333333333 0.013888888888888888
2 0.6493055555555556 0.5569444444444445 0.001388888888888889 0.002777777777777778
2 0.6854166666666667 0.5444444444444444 0.13194444444444445 0.03611111111111111
2 0.675 0.5229166666666667 0.008333333333333333 0.001388888888888889
2 0.6472222222222223 0.5069444444444444 0.002777777777777778 0.002777777777777778
2 0.6729166666666667 0.5055555555555555 0.015277777777777777 0.002777777777777778
2 0.6527777777777778 0.5048611111111111 0.002777777777777778 0.004166666666666667
2 0.6513888888888889 0.3423611111111111 0.002777777777777778 0.001388888888888889
2 0.64375 0.34375 0.004166666666666667 0.004166666666666667
2 0.65625 0.2826388888888889 0.001388888888888889 0.001388888888888889
2 0.6555555555555556 0.28125 0.027777777777777776 0.0763888888888889
2 0.6631944444444444 0.23541666666666666 0.004166666666666667 0.009722222222222222
2 0.6784722222222223 0.5416666666666666 0.23194444444444445 0.6333333333333333
2 0.6395833333333333 0.22152777777777777 0.004166666666666667 0.004166666666666667
2 0.7118055555555556 0.21736111111111112 0.015277777777777777 0.006944444444444444
2 0.6513888888888889 0.2152777777777778 0.008333333333333333 0.002777777777777778
2 0.6958333333333333 0.21388888888888888 0.011111111111111112 0.002777777777777778
2 0.35 0.49722222222222223 0.2722222222222222 0.7222222222222222
2 0.2902777777777778 0.12361111111111112 0.09166666666666666 0.07222222222222222