2 0.6491666666666667 0.9333333333333333 0.04833333333333333 0.13333333333333333
2 0.17916666666666667 0.8358333333333333 0.011666666666666667 0.005
2 0.19583333333333333 0.8175 0.051666666666666666 0.021666666666666667
2 0.18 0.7925 0.01 0.005
2 0.18083333333333335 0.7691666666666667 0.021666666666666667 0.011666666666666667
2 0.20583333333333334 0.7725 0.025 0.021666666666666667
2 0.2 0.7283333333333334 0.0033333333333333335 0.0033333333333333335
2 0.17916666666666667 0.7266666666666667 0.015 0.006666666666666667
2 0.2991666666666667 0.7266666666666667 0.025 0.01
2 0.32916666666666666 0.7183333333333334 0.008333333333333333 0.016666666666666666
2 0.3575 0.7133333333333334 0.021666666666666667 0.01
2 0.29833333333333334 0.695 0.013333333333333334 0.0033333333333333335
2 0.3591666666666667 0.6816666666666666 0.008333333333333333 0.0033333333333333335
2 0.19583333333333333 0.6808333333333333 0.0016666666666666668 0.0016666666666666668
2 0.1775 0.6841666666666667 0.015 0.008333333333333333
2 0.29833333333333334 0.665 0.02666666666666667 0.01
2 0.3283333333333333 0.6558333333333334 0.01 0.015
2 0.3591666666666667 0.65 0.025 0.01
2 0.20083333333333334 0.6425 0.0016666666666666668 0.0016666666666666668
2 0.21416666666666667 0.6408333333333334 0.0016666666666666668 0.005
2 0.21083333333333334 0.6358333333333334 0.0016666666666666668 0.0016666666666666668
2 0.1725 0.635 0.015 0.006666666666666667
2 0.21 0.6316666666666667 0.0033333333333333335 0.0033333333333333335
2 0.19166666666666668 0.6325 0.0033333333333333335 0.005
2 0.12083333333333333 0.44416666666666665 0.008333333333333333 0.008333333333333333
2 0.2966666666666667 0.5033333333333333 0.29333333333333333 0.13
2 0.5125 0.04583333333333333 0.0016666666666666668 0.015
2 0.585 0.5 0.83 1.0
2 0.6125 0.26 0.021666666666666667 0.52
2 0.3016666666666667 0.2125 0.21333333333333335 0.425
2 0.11 0.21 0.03666666666666667 0.42
2 0.004166666666666667 0.010833333333333334 0.008333333333333333 0.021666666666666667