2 0.9025 0.76625 0.005 0.0025
2 0.510625 0.565625 0.00125 0.00125
2 0.585625 0.56125 0.00625 0.005
2 0.5875 0.55 0.01 0.005
2 0.569375 0.54625 0.01125 0.005
2 0.585 0.538125 0.0025 0.00125
2 0.496875 0.5375 0.00375 0.0025
2 0.554375 0.53375 0.01125 0.005
2 0.574375 0.525 0.00375 0.0025
2 0.540625 0.52 0.01375 0.005
2 0.55625 0.520625 0.01 0.00875
2 0.57625 0.5125 0.005 0.0025
2 0.55875 0.51125 0.005 0.0025
2 0.59125 0.505625 0.0075 0.00375
2 0.58 0.5025 0.005 0.0025
2 0.57 0.500625 0.0025 0.00125
2 0.560625 0.5 0.00125 0.0025
2 0.5925 0.495625 0.0025 0.00125
2 0.544375 0.496875 0.01375 0.00375
2 0.57625 0.491875 0.0025 0.00125
2 0.570625 0.490625 0.00125 0.00125
2 0.54625 0.486875 0.0025 0.00125
2 0.531875 0.483125 0.02125 0.00625
2 0.5625 0.478125 0.0025 0.00125
2 0.54625 0.474375 0.005 0.00375
2 0.59375 0.468125 0.0025 0.00125
2 0.56375 0.46875 0.0075 0.0025
2 0.5475 0.465 0.0075 0.0025
2 0.575625 0.460625 0.00125 0.00125
2 0.558125 0.458125 0.00125 0.00125
2 0.455 0.34875 0.01 0.005
2 0.45125 0.33875 0.005 0.0075
2 0.405 0.328125 0.005 0.00375
2 0.31375 0.323125 0.0025 0.00125
2 0.440625 0.33 0.01875 0.02
2 0.395 0.3175 0.0125 0.0025
2 0.439375 0.31625 0.00125 0.0025
2 0.315 0.31375 0.005 0.005
2 0.43125 0.309375 0.0125 0.00875
2 0.316875 0.30375 0.00625 0.0025
2 0.6 0.2525 0.0375 0.0425
2 0.406875 0.223125 0.00125 0.00125
2 0.4975 0.3125 0.145 0.1875
2 0.82 0.160625 0.36 0.32125
2 0.838125 0.000625 0.00125 0.00125
2 0.594375 0.11125 0.21375 0.2225
2 0.41 0.05 0.0575 0.1
2 0.350625 0.15125 0.15625 0.3025
2 0.24125 0.03875 0.065 0.0775
2 0.5 0.5 1.0 1.0