2 0.6055555555555555 0.9152777777777777 0.04722222222222222 0.008333333333333333
2 0.44375 0.9131944444444444 0.043055555555555555 0.009722222222222222
2 0.4965277777777778 0.8638888888888889 0.001388888888888889 0.002777777777777778
2 0.5347222222222222 0.8597222222222223 0.013888888888888888 0.011111111111111112
2 0.49722222222222223 0.8541666666666666 0.002777777777777778 0.002777777777777778
2 0.48541666666666666 0.8541666666666666 0.004166666666666667 0.002777777777777778
2 0.5729166666666666 0.8451388888888889 0.001388888888888889 0.001388888888888889
2 0.5743055555555555 0.8381944444444445 0.001388888888888889 0.001388888888888889
2 0.48819444444444443 0.8229166666666666 0.004166666666666667 0.004166666666666667
2 0.5354166666666667 0.8194444444444444 0.0125 0.011111111111111112
2 0.4965277777777778 0.81875 0.006944444444444444 0.009722222222222222
2 0.48819444444444443 0.8145833333333333 0.004166666666666667 0.004166666666666667
2 0.49930555555555556 0.7791666666666667 0.004166666666666667 0.005555555555555556
2 0.48680555555555555 0.7729166666666667 0.001388888888888889 0.001388888888888889
2 0.5618055555555556 0.7534722222222222 0.001388888888888889 0.001388888888888889
2 0.5319444444444444 0.7104166666666667 0.12777777777777777 0.14583333333333334
2 0.5368055555555555 0.6159722222222223 0.0125 0.009722222222222222
2 0.48819444444444443 0.6125 0.001388888888888889 0.002777777777777778
2 0.5368055555555555 0.5770833333333333 0.0125 0.009722222222222222
2 0.41458333333333336 0.71875 0.006944444444444444 0.30694444444444446
2 0.6034722222222222 0.5430555555555555 0.004166666666666667 0.002777777777777778
2 0.5881944444444445 0.5409722222222222 0.0125 0.009722222222222222
2 0.6416666666666667 0.7090277777777778 0.005555555555555556 0.3597222222222222
2 0.47847222222222224 0.5423611111111111 0.04027777777777778 0.034722222222222224
2 0.5833333333333334 0.5263888888888889 0.002777777777777778 0.005555555555555556
2 0.5527777777777778 0.5409722222222222 0.044444444444444446 0.034722222222222224
2 0.5159722222222223 0.5416666666666666 0.029166666666666667 0.03611111111111111
2 0.5868055555555556 0.5201388888888889 0.001388888888888889 0.001388888888888889
2 0.5930555555555556 0.5145833333333333 0.005555555555555556 0.004166666666666667
2 0.6430555555555556 0.5131944444444444 0.002777777777777778 0.009722222222222222
2 0.46111111111111114 0.5111111111111111 0.013888888888888888 0.005555555555555556
2 0.48541666666666666 0.5104166666666666 0.006944444444444444 0.006944444444444444
2 0.5763888888888888 0.5034722222222222 0.002777777777777778 0.001388888888888889
2 0.5680555555555555 0.5048611111111111 0.002777777777777778 0.004166666666666667
2 0.55625 0.5076388888888889 0.009722222222222222 0.009722222222222222
2 0.54375 0.5076388888888889 0.006944444444444444 0.009722222222222222
2 0.4576388888888889 0.5055555555555555 0.006944444444444444 0.005555555555555556
2 0.5888888888888889 0.5069444444444444 0.005555555555555556 0.011111111111111112
2 0.4895833333333333 0.5041666666666667 0.0125 0.005555555555555556
2 0.5034722222222222 0.5027777777777778 0.004166666666666667 0.005555555555555556
2 0.5236111111111111 0.4986111111111111 0.002777777777777778 0.002777777777777778
2 0.47430555555555554 0.4986111111111111 0.004166666666666667 0.002777777777777778
2 0.5034722222222222 0.49444444444444446 0.001388888888888889 0.002777777777777778
2 0.5381944444444444 0.4965277777777778 0.0125 0.009722222222222222
2 0.4798611111111111 0.4888888888888889 0.001388888888888889 0.002777777777777778
2 0.5284722222222222 0.4840277777777778 0.18472222222222223 0.059722222222222225
2 0.6138888888888889 0.3770833333333333 0.002777777777777778 0.001388888888888889
2 0.48680555555555555 0.44513888888888886 0.3486111111111111 0.27361111111111114
2 0.5284722222222222 0.1986111111111111 0.20416666666666666 0.21666666666666667