2 0.8066666666666666 0.6511111111111111 0.022222222222222223 0.013333333333333334
2 0.1711111111111111 0.74 0.3244444444444444 0.2088888888888889
2 0.4955555555555556 0.6977777777777778 0.3244444444444444 0.20444444444444446
2 0.8311111111111111 0.7222222222222222 0.3022222222222222 0.27111111111111114
2 0.2 0.5155555555555555 0.35555555555555557 0.19555555555555557
2 0.7666666666666667 0.49333333333333335 0.24444444444444444 0.21333333333333335
2 0.5777777777777777 0.44222222222222224 0.35555555555555557 0.3422222222222222
2 0.09111111111111111 0.06666666666666667 0.04888888888888889 0.02666666666666667
2 0.31777777777777777 0.07111111111111111 0.04888888888888889 0.07111111111111111
2 0.18 0.07333333333333333 0.22666666666666666 0.1111111111111111
2 0.06888888888888889 0.07111111111111111 0.08444444444444445 0.10666666666666667