2 0.6235093696763203 0.9573820395738204 0.0017035775127768314 0.0030441400304414
2 0.6201022146507666 0.9573820395738204 0.0017035775127768314 0.0030441400304414
2 0.3854344122657581 0.9619482496194824 0.007666098807495741 0.0121765601217656
2 0.6337308347529813 0.9581430745814308 0.0068143100511073255 0.0106544901065449
2 0.4199318568994889 0.95662100456621 0.0034071550255536627 0.0076103500761035
2 0.3321976149914821 0.9505327245053272 0.005110732538330494 0.0076103500761035
2 0.6929301533219762 0.9459665144596652 0.00596252129471891 0.0106544901065449
2 0.2819420783645656 0.9345509893455098 0.005110732538330494 0.0091324200913242
2 0.3104770017035775 0.9231354642313546 0.002555366269165247 0.0045662100456621
2 0.7257240204429302 0.9277016742770168 0.0068143100511073255 0.0167427701674277
2 0.7184838160136287 0.9277016742770168 0.00596252129471891 0.0167427701674277
2 0.7108177172061328 0.9277016742770168 0.00596252129471891 0.0167427701674277
2 0.7035775127768313 0.9277016742770168 0.0068143100511073255 0.0167427701674277
2 0.6959114139693356 0.9277016742770168 0.0068143100511073255 0.0167427701674277
2 0.688671209540034 0.9269406392694064 0.00596252129471891 0.015220700152207
2 0.2712947189097104 0.9269406392694064 0.009369676320272573 0.0182648401826484
2 0.41524701873935266 0.9147640791476408 0.004258943781942078 0.0060882800608828
2 0.3909710391822828 0.91324200913242 0.0034071550255536627 0.0060882800608828
2 0.7035775127768313 0.9117199391171994 0.0034071550255536627 0.0060882800608828
2 0.6963373083475298 0.910958904109589 0.004258943781942078 0.0076103500761035
2 0.6895229982964225 0.9117199391171994 0.004258943781942078 0.0091324200913242
2 0.403747870528109 0.9383561643835616 0.034071550255536626 0.0624048706240487
2 0.4199318568994889 0.9094368340943684 0.0034071550255536627 0.0076103500761035
2 0.4160988074957411 0.9056316590563166 0.002555366269165247 0.0060882800608828
2 0.39522998296422485 0.9048706240487062 0.0034071550255536627 0.0045662100456621
2 0.3909710391822828 0.9056316590563166 0.0034071550255536627 0.0060882800608828
2 0.2508517887563884 0.9094368340943684 0.009369676320272573 0.0167427701674277
2 0.6750425894378195 0.9292237442922374 0.009369676320272573 0.0593607305936073
2 0.692504258943782 0.8995433789954338 0.010221465076660987 0.0121765601217656
2 0.2666098807495741 0.898021308980213 0.005110732538330494 0.0091324200913242
2 0.2555366269165247 0.8926940639269406 0.005110732538330494 0.0106544901065449
2 0.7836456558773425 0.837138508371385 0.0017035775127768314 0.0030441400304414
2 0.784923339011925 0.8470319634703196 0.016183986371379896 0.0258751902587519
2 0.20954003407155025 0.834855403348554 0.005110732538330494 0.0106544901065449
2 0.784923339011925 0.821917808219178 0.00596252129471891 0.0121765601217656
2 0.7734241908006815 0.821917808219178 0.008517887563884156 0.015220700152207
2 0.2632027257240204 0.8127853881278538 0.005110732538330494 0.0091324200913242
2 0.2125212947189097 0.8074581430745814 0.004258943781942078 0.0045662100456621
2 0.7938671209540034 0.8082191780821918 0.005110732538330494 0.0091324200913242
2 0.20996592844974446 0.773972602739726 0.009369676320272573 0.0167427701674277
2 0.22529812606473595 0.7686453576864536 0.00596252129471891 0.0091324200913242
2 0.2018739352640545 0.7450532724505328 0.013628620102214651 0.0441400304414003
2 0.19931856899488926 0.708523592085236 0.0068143100511073255 0.0136986301369863
2 0.19378194207836458 0.680365296803653 0.004258943781942078 0.0091324200913242
2 0.8070698466780238 0.6757990867579908 0.00596252129471891 0.0091324200913242
2 0.20485519591141396 0.6552511415525114 0.004258943781942078 0.0076103500761035
2 0.19207836456558774 0.6537290715372908 0.004258943781942078 0.0076103500761035
2 0.20017035775127767 0.6286149162861492 0.010221465076660987 0.0182648401826484
2 0.21592844974446337 0.632420091324201 0.016183986371379896 0.0319634703196347
2 0.19633730834752983 0.6111111111111112 0.004258943781942078 0.0076103500761035
2 0.20315161839863713 0.5989345509893456 0.009369676320272573 0.0167427701674277
2 0.19207836456558774 0.5776255707762558 0.007666098807495741 0.0136986301369863
2 0.11584327086882454 0.7557077625570776 0.23168654173764908 0.4885844748858447
2 0.8070698466780238 0.5053272450532724 0.007666098807495741 0.0091324200913242
2 0.8045144804088586 0.484779299847793 0.00596252129471891 0.0106544901065449
2 0.22870528109028962 0.4512937595129376 0.0008517887563884157 0.0015220700152207
2 0.2176320272572402 0.4512937595129376 0.01788756388415673 0.0076103500761035
2 0.19591141396933562 0.4383561643835616 0.008517887563884156 0.015220700152207
2 0.8045144804088586 0.423896499238965 0.004258943781942078 0.0076103500761035
2 0.7819420783645656 0.426179604261796 0.0068143100511073255 0.0121765601217656
2 0.7921635434412265 0.4216133942161339 0.008517887563884156 0.015220700152207
2 0.803236797274276 0.4003044140030441 0.010221465076660987 0.0182648401826484
2 0.7883304940374787 0.3964992389649924 0.011073253833049404 0.0197869101978691
2 0.2014480408858603 0.3850837138508371 0.007666098807495741 0.0091324200913242
2 0.2022998296422487 0.3668188736681887 0.004258943781942078 0.0091324200913242
2 0.8002555366269165 0.365296803652968 0.00596252129471891 0.0091324200913242
2 0.194633730834753 0.3576864535768645 0.00596252129471891 0.0091324200913242
2 0.807495741056218 0.3485540334855403 0.005110732538330494 0.0091324200913242
2 0.19378194207836458 0.3378995433789954 0.004258943781942078 0.0060882800608828
2 0.6592844974446337 0.2968036529680365 0.0017035775127768314 0.0030441400304414
2 0.6712095400340715 0.2519025875190259 0.005110732538330494 0.0076103500761035
2 0.7840715502555367 0.2450532724505327 0.007666098807495741 0.0121765601217656
2 0.712947189097104 0.23820395738203956 0.005110732538330494 0.0106544901065449
2 0.24233390119250425 0.2480974124809741 0.009369676320272573 0.0487062404870624
2 0.21805792163543442 0.2496194824961948 0.034071550255536626 0.0669710806697108
2 0.7793867120954003 0.22146118721461186 0.008517887563884156 0.0136986301369863
2 0.666098807495741 0.2070015220700152 0.015332197614991482 0.0273972602739726
2 0.7738500851788757 0.19863013698630136 0.009369676320272573 0.0167427701674277
2 0.6017887563884157 0.18493150684931506 0.0008517887563884157 0.0015220700152207
2 0.38884156729131175 0.18036529680365296 0.004258943781942078 0.0076103500761035
2 0.22444633730834754 0.1933028919330289 0.016183986371379896 0.0334855403348554
2 0.21422487223168654 0.16818873668188736 0.004258943781942078 0.0076103500761035
2 0.7133730834752982 0.1643835616438356 0.004258943781942078 0.0091324200913242
2 0.6890971039182283 0.1643835616438356 0.005110732538330494 0.0091324200913242
2 0.38798977853492334 0.16210045662100456 0.004258943781942078 0.0076103500761035
2 0.33432708688245316 0.1537290715372907 0.004258943781942078 0.0060882800608828
2 0.2218909710391823 0.1491628614916286 0.004258943781942078 0.0091324200913242
2 0.7585178875638842 0.1796042617960426 0.03833049403747871 0.076103500761035
2 0.38756388415672915 0.1430745814307458 0.0068143100511073255 0.0121765601217656
2 0.42589437819420783 0.1171993911719939 0.0017035775127768314 0.0030441400304414
2 0.2666098807495741 0.1171993911719939 0.010221465076660987 0.0030441400304414
2 0.3854344122657581 0.1187214611872146 0.004258943781942078 0.0091324200913242
2 0.7649063032367973 0.11643835616438356 0.0068143100511073255 0.0136986301369863
2 0.4352640545144804 0.11339421613394216 0.005110732538330494 0.0076103500761035
2 0.2819420783645656 0.10426179604261795 0.0017035775127768314 0.0045662100456621
2 0.47018739352640543 0.10730593607305935 0.013628620102214651 0.0197869101978691
2 0.4280238500851789 0.1080669710806697 0.012776831345826235 0.0213089802130898
2 0.24787052810902896 0.10121765601217655 0.008517887563884156 0.0136986301369863
2 0.4284497444633731 0.09360730593607305 0.0034071550255536627 0.0045662100456621
2 0.4284497444633731 0.0867579908675799 0.0034071550255536627 0.0060882800608828
2 0.42589437819420783 0.0806697108066971 0.0017035775127768314 0.0030441400304414
2 0.2653321976149915 0.0867579908675799 0.012776831345826235 0.0243531202435312
2 0.4987223168654174 0.5228310502283106 0.6192504258943782 0.9178082191780822
2 0.30792163543441226 0.11187214611872145 0.05536626916524702 0.0958904109589041
2 0.7176320272572402 0.06621004566210045 0.004258943781942078 0.0076103500761035
2 0.3104770017035775 0.0639269406392694 0.002555366269165247 0.0030441400304414
2 0.3074957410562181 0.0639269406392694 0.0017035775127768314 0.0030441400304414
2 0.3040885860306644 0.0639269406392694 0.0017035775127768314 0.0030441400304414
2 0.6367120954003407 0.12557077625570776 0.0706984667802385 0.1324200913242009
2 0.3743611584327087 0.060882800608828 0.002555366269165247 0.0030441400304414
2 0.6614139693356048 0.0578386605783866 0.002555366269165247 0.0030441400304414
2 0.6090289608177172 0.060882800608828 0.008517887563884156 0.015220700152207
2 0.3309199318568995 0.06012176560121765 0.007666098807495741 0.0136986301369863
2 0.4024701873935264 0.0821917808219178 0.036626916524701875 0.060882800608828
2 0.2819420783645656 0.05555555555555555 0.0034071550255536627 0.0076103500761035
2 0.5515332197614992 0.05098934550989345 0.014480408858603067 0.0045662100456621
2 0.3769165247018739 0.05403348554033485 0.002555366269165247 0.0106544901065449
2 0.598381601362862 0.05098934550989345 0.004258943781942078 0.0076103500761035
2 0.575809199318569 0.08447488584474885 0.044293015332197615 0.0745814307458143
2 0.42887563884156726 0.05403348554033485 0.007666098807495741 0.0136986301369863
2 0.37223168654173766 0.0532724505327245 0.005110732538330494 0.0121765601217656
2 0.6959114139693356 0.09969558599695585 0.04088586030664395 0.1080669710806697
2 0.4020442930153322 0.05098934550989345 0.005110732538330494 0.0106544901065449
2 0.6273424190800682 0.04794520547945205 0.004258943781942078 0.0076103500761035
2 0.6580068143100511 0.04794520547945205 0.011073253833049404 0.0136986301369863
2 0.47700170357751276 0.05098934550989345 0.01192504258943782 0.0197869101978691
2 0.6682282793867121 0.05707762557077625 0.016183986371379896 0.0350076103500761
2 0.4527257240204429 0.07534246575342465 0.03492333901192504 0.0776255707762557
2 0.5157580919931857 0.06621004566210045 0.06388415672913117 0.0684931506849315
2 0.8743611584327087 0.5 0.2512776831345826 1.0
2 0.008091993185689948 0.13318112633181126 0.016183986371379896 0.2663622526636225