2 0.17578125 0.9934895833333334 0.00390625 0.013020833333333334
2 0.1904296875 0.98828125 0.001953125 0.0078125
2 0.447265625 0.6471354166666666 0.00390625 0.0026041666666666665
2 0.3447265625 0.56640625 0.001953125 0.0026041666666666665
2 0.0009765625 0.4830729166666667 0.001953125 0.0026041666666666665
2 0.1240234375 0.71484375 0.248046875 0.5703125
2 0.0283203125 0.3880208333333333 0.056640625 0.057291666666666664
2 0.0087890625 0.3619791666666667 0.017578125 0.036458333333333336
2 0.9931640625 0.19791666666666666 0.001953125 0.005208333333333333
2 0.5 0.58203125 1.0 0.8359375
2 0.5498046875 0.08984375 0.009765625 0.013020833333333334