2 0.670076726342711 0.716789667896679 0.0025575447570332483 0.0018450184501845018
2 0.7474424552429667 0.8071955719557196 0.1956521739130435 0.2047970479704797
2 0.6860613810741688 0.7047970479704797 0.01918158567774936 0.01845018450184502
2 0.6982097186700768 0.6891143911439115 0.0076726342710997444 0.00922509225092251
2 0.6508951406649617 0.6540590405904059 0.08695652173913043 0.13468634686346864
2 0.6400255754475703 0.5922509225092251 0.0319693094629156 0.025830258302583026
2 0.10741687979539642 0.37822878228782286 0.0076726342710997444 0.01845018450184502
2 0.15664961636828645 0.20571955719557194 0.0012787723785166241 0.0018450184501845018
2 0.3804347826086957 0.20202952029520296 0.04475703324808184 0.05719557195571956
2 0.10166240409207161 0.22232472324723246 0.11636828644501279 0.1900369003690037
2 0.5012787723785166 0.5064575645756457 0.8414322250639387 0.8136531365313653