2 0.8828125 0.5911458333333334 0.00390625 0.005208333333333333
2 0.8720703125 0.5833333333333334 0.005859375 0.005208333333333333
2 0.849609375 0.5729166666666666 0.0078125 0.005208333333333333
2 0.462890625 0.28125 0.01171875 0.020833333333333332
2 0.529296875 0.2708333333333333 0.00390625 0.005208333333333333
2 0.533203125 0.2630208333333333 0.00390625 0.005208333333333333
2 0.4990234375 0.26953125 0.048828125 0.0546875
2 0.6826171875 0.3424479166666667 0.294921875 0.24739583333333334
2 0.576171875 0.20442708333333334 0.0078125 0.0078125
2 0.537109375 0.21223958333333334 0.04296875 0.033854166666666664
2 0.5302734375 0.18359375 0.001953125 0.0026041666666666665
2 0.3330078125 0.22526041666666666 0.076171875 0.0859375
2 0.5673828125 0.18489583333333334 0.033203125 0.015625
2 0.4326171875 0.21484375 0.083984375 0.09114583333333333
2 0.5107421875 0.15755208333333334 0.041015625 0.018229166666666668
2 0.4873046875 0.14713541666666666 0.001953125 0.0026041666666666665
2 0.470703125 0.16927083333333334 0.08203125 0.0625
2 0.47265625 0.140625 0.01953125 0.010416666666666666
2 0.3779296875 0.12239583333333333 0.005859375 0.005208333333333333
2 0.3837890625 0.15755208333333334 0.095703125 0.08072916666666667
2 0.2841796875 0.16796875 0.119140625 0.13802083333333334
2 0.4912109375 0.5494791666666666 0.982421875 0.9010416666666666