2 0.6833333333333333 0.946524064171123 0.0033333333333333335 0.008021390374331552
2 0.665 0.9358288770053476 0.005 0.0053475935828877
2 0.55625 0.9351604278074866 0.0025 0.004010695187165776
2 0.5479166666666667 0.929144385026738 0.0008333333333333334 0.00267379679144385
2 0.6570833333333334 0.9251336898395722 0.0075 0.00267379679144385
2 0.5895833333333333 0.9251336898395722 0.0025 0.00267379679144385
2 0.18833333333333332 0.9211229946524064 0.008333333333333333 0.008021390374331552
2 0.59 0.9157754010695187 0.005 0.00267379679144385
2 0.65125 0.9164438502673797 0.009166666666666667 0.017379679144385027
2 0.29 0.910427807486631 0.005 0.0053475935828877
2 0.25375 0.9117647058823529 0.050833333333333335 0.013368983957219251
2 0.27625 0.9050802139037433 0.0075 0.00267379679144385
2 0.6275 0.9057486631016043 0.005 0.014705882352941176
2 0.3045833333333333 0.9044117647058824 0.014166666666666666 0.012032085561497326
2 0.6104166666666667 0.9097593582887701 0.024166666666666666 0.02540106951871658
2 0.32875 0.8977272727272727 0.005833333333333334 0.004010695187165776
2 0.63625 0.9124331550802139 0.0225 0.03609625668449198
2 0.65625 0.8957219251336899 0.009166666666666667 0.008021390374331552
2 0.63875 0.892379679144385 0.0008333333333333334 0.001336898395721925
2 0.3925 0.8903743315508021 0.0016666666666666668 0.00267379679144385
2 0.6595833333333333 0.8883689839572193 0.0008333333333333334 0.001336898395721925
2 0.5429166666666667 0.8883689839572193 0.0025 0.004010695187165776
2 0.41 0.8816844919786097 0.0033333333333333335 0.001336898395721925
2 0.52 0.8803475935828877 0.0033333333333333335 0.001336898395721925
2 0.52875 0.8803475935828877 0.004166666666666667 0.004010695187165776
2 0.28833333333333333 0.891042780748663 0.10166666666666667 0.02807486631016043
2 0.34958333333333336 0.8763368983957219 0.0125 0.004010695187165776
2 0.3641666666666667 0.8756684491978609 0.013333333333333334 0.0053475935828877
2 0.4 0.8729946524064172 0.0016666666666666668 0.00267379679144385
2 0.39125 0.8736631016042781 0.009166666666666667 0.004010695187165776
2 0.3779166666666667 0.8723262032085561 0.004166666666666667 0.004010695187165776
2 0.41833333333333333 0.8669786096256684 0.0033333333333333335 0.001336898395721925
2 0.5695833333333333 0.8669786096256684 0.004166666666666667 0.004010695187165776
2 0.5325 0.8676470588235294 0.006666666666666667 0.0053475935828877
2 0.5083333333333333 0.8683155080213903 0.0033333333333333335 0.0066844919786096255
2 0.5216666666666666 0.8663101604278075 0.0033333333333333335 0.0053475935828877
2 0.5145833333333333 0.8663101604278075 0.0025 0.0053475935828877
2 0.46541666666666665 0.8643048128342246 0.0008333333333333334 0.001336898395721925
2 0.5045833333333334 0.8636363636363636 0.0025 0.00267379679144385
2 0.49833333333333335 0.8643048128342246 0.0033333333333333335 0.004010695187165776
2 0.4925 0.8957219251336899 0.225 0.06684491978609626
2 0.35083333333333333 0.8643048128342246 0.008333333333333333 0.0066844919786096255
2 0.5270833333333333 0.8495989304812834 0.009166666666666667 0.012032085561497326
2 0.28625 0.8449197860962567 0.0125 0.0053475935828877
2 0.30125 0.8442513368983957 0.0125 0.0066844919786096255
2 0.38125 0.8415775401069518 0.014166666666666666 0.0066844919786096255
2 0.3641666666666667 0.8415775401069518 0.013333333333333334 0.0066844919786096255
2 0.34833333333333333 0.8422459893048129 0.013333333333333334 0.008021390374331552
2 0.22375 0.8422459893048129 0.009166666666666667 0.01871657754010695
2 0.3954166666666667 0.8282085561497327 0.0025 0.001336898395721925
2 0.40708333333333335 0.8255347593582888 0.0008333333333333334 0.001336898395721925
2 0.45625 0.8268716577540107 0.0125 0.0066844919786096255
2 0.4270833333333333 0.8262032085561497 0.034166666666666665 0.008021390374331552
2 0.2920833333333333 0.8268716577540107 0.015833333333333335 0.017379679144385027
2 0.27708333333333335 0.8268716577540107 0.015833333333333335 0.017379679144385027
2 0.2175 0.8235294117647058 0.006666666666666667 0.013368983957219251
2 0.37375 0.8228609625668449 0.019166666666666665 0.020053475935828877
2 0.2475 0.8121657754010695 0.011666666666666667 0.012032085561497326
2 0.34708333333333335 0.8028074866310161 0.015833333333333335 0.020053475935828877
2 0.3433333333333333 0.8135026737967914 0.041666666666666664 0.04144385026737968
2 0.46875 0.7921122994652406 0.0025 0.004010695187165776
2 0.24333333333333335 0.7967914438502673 0.008333333333333333 0.013368983957219251
2 0.23 0.8141711229946524 0.03166666666666667 0.05080213903743316
2 0.28041666666666665 0.7954545454545454 0.014166666666666666 0.01871657754010695
2 0.9991666666666666 0.7807486631016043 0.0016666666666666668 0.00267379679144385
2 0.47625 0.7760695187165776 0.0025 0.004010695187165776
2 0.3525 0.7747326203208557 0.008333333333333333 0.004010695187165776
2 0.23666666666666666 0.7800802139037433 0.011666666666666667 0.014705882352941176
2 0.30666666666666664 0.7713903743315508 0.0033333333333333335 0.00267379679144385
2 0.3283333333333333 0.7787433155080213 0.035 0.022727272727272728
2 0.2916666666666667 0.7687165775401069 0.0033333333333333335 0.00267379679144385
2 0.2791666666666667 0.7647058823529411 0.0033333333333333335 0.00267379679144385
2 0.23291666666666666 0.7667112299465241 0.009166666666666667 0.0066844919786096255
2 0.195 0.7633689839572193 0.0016666666666666668 0.00267379679144385
2 0.19375 0.7566844919786097 0.0025 0.0053475935828877
2 0.6029166666666667 0.7560160427807486 0.004166666666666667 0.0066844919786096255
2 0.26208333333333333 0.7600267379679144 0.029166666666666667 0.022727272727272728
2 0.6041666666666666 0.7479946524064172 0.005 0.004010695187165776
2 0.23 0.7520053475935828 0.008333333333333333 0.014705882352941176
2 0.48833333333333334 0.7553475935828877 0.013333333333333334 0.02406417112299465
2 0.31583333333333335 0.7553475935828877 0.015 0.02406417112299465
2 0.19083333333333333 0.7479946524064172 0.005 0.009358288770053475
2 0.33166666666666667 0.7540106951871658 0.016666666666666666 0.02406417112299465
2 0.89 0.7386363636363636 0.0016666666666666668 0.001336898395721925
2 0.34958333333333336 0.7513368983957219 0.0175 0.026737967914438502
2 0.24875 0.7366310160427807 0.0125 0.008021390374331552
2 0.26375 0.733957219251337 0.0125 0.008021390374331552
2 0.3104166666666667 0.7306149732620321 0.014166666666666666 0.009358288770053475
2 0.19708333333333333 0.7279411764705882 0.0008333333333333334 0.004010695187165776
2 0.405 0.7553475935828877 0.08666666666666667 0.06417112299465241
2 0.32708333333333334 0.7286096256684492 0.014166666666666666 0.0106951871657754
2 0.21333333333333335 0.7520053475935828 0.028333333333333332 0.05748663101604278
2 0.34458333333333335 0.7266042780748663 0.015833333333333335 0.009358288770053475
2 0.22625 0.7286096256684492 0.009166666666666667 0.02406417112299465
2 0.93875 0.7165775401069518 0.0025 0.00267379679144385
2 0.5908333333333333 0.731951871657754 0.03833333333333333 0.03609625668449198
2 0.18875 0.7266042780748663 0.005833333333333334 0.03074866310160428
2 0.24583333333333332 0.7152406417112299 0.01 0.013368983957219251
2 0.19125 0.7058823529411765 0.0008333333333333334 0.00267379679144385
2 0.9379166666666666 0.7072192513368984 0.004166666666666667 0.008021390374331552
2 0.32375 0.7078877005347594 0.014166666666666666 0.009358288770053475
2 0.26 0.7072192513368984 0.011666666666666667 0.02406417112299465
2 0.37083333333333335 0.7092245989304813 0.018333333333333333 0.03074866310160428
2 0.275 0.7058823529411765 0.011666666666666667 0.02406417112299465
2 0.29083333333333333 0.7038770053475936 0.013333333333333334 0.02540106951871658
2 0.4816666666666667 0.7179144385026738 0.06 0.058823529411764705
2 0.38666666666666666 0.7038770053475936 0.018333333333333333 0.03074866310160428
2 0.3070833333333333 0.7012032085561497 0.014166666666666666 0.02540106951871658
2 0.22166666666666668 0.6971925133689839 0.01 0.017379679144385027
2 0.34125 0.6985294117647058 0.014166666666666666 0.02540106951871658
2 0.9675 0.6858288770053476 0.0016666666666666668 0.00267379679144385
2 0.97625 0.6844919786096256 0.004166666666666667 0.0053475935828877
2 0.44083333333333335 0.6818181818181818 0.0016666666666666668 0.00267379679144385
2 0.8208333333333333 0.6818181818181818 0.0033333333333333335 0.0053475935828877
2 0.24333333333333335 0.6918449197860963 0.01 0.03074866310160428
2 0.22125 0.6798128342245989 0.0075 0.014705882352941176
2 0.2575 0.6811497326203209 0.011666666666666667 0.020053475935828877
2 0.9641666666666666 0.6697860962566845 0.005 0.0053475935828877
2 0.32166666666666666 0.68048128342246 0.013333333333333334 0.026737967914438502
2 0.27166666666666667 0.6778074866310161 0.011666666666666667 0.02406417112299465
2 0.28875 0.6764705882352942 0.014166666666666666 0.026737967914438502
2 0.9616666666666667 0.6631016042780749 0.005 0.0053475935828877
2 0.5645833333333333 0.6724598930481284 0.0175 0.02406417112299465
2 0.64125 0.661096256684492 0.0025 0.004010695187165776
2 0.61875 0.6697860962566845 0.014166666666666666 0.0213903743315508
2 0.3670833333333333 0.6751336898395722 0.015833333333333335 0.03208556149732621
2 0.30416666666666664 0.6717914438502673 0.013333333333333334 0.02807486631016043
2 0.33916666666666667 0.6691176470588235 0.013333333333333334 0.02540106951871658
2 0.3825 0.6691176470588235 0.016666666666666666 0.03074866310160428
2 0.2425 0.6644385026737968 0.006666666666666667 0.0213903743315508
2 0.29083333333333333 0.6537433155080213 0.006666666666666667 0.013368983957219251
2 0.24125 0.6497326203208557 0.0075 0.0053475935828877
2 0.96125 0.6450534759358288 0.0025 0.0066844919786096255
2 0.485 0.6550802139037433 0.006666666666666667 0.029411764705882353
2 0.25625 0.6530748663101604 0.010833333333333334 0.02540106951871658
2 0.3204166666666667 0.6504010695187166 0.014166666666666666 0.02540106951871658
2 0.2704166666666667 0.6504010695187166 0.0125 0.02540106951871658
2 0.5925 0.6617647058823529 0.018333333333333333 0.05080213903743316
2 0.49333333333333335 0.6617647058823529 0.028333333333333332 0.05080213903743316
2 0.61875 0.6450534759358288 0.015833333333333335 0.022727272727272728
2 0.5633333333333334 0.6457219251336899 0.016666666666666666 0.02406417112299465
2 0.30291666666666667 0.6437165775401069 0.014166666666666666 0.02807486631016043
2 0.3645833333333333 0.641042780748663 0.015833333333333335 0.03074866310160428
2 0.33708333333333335 0.6397058823529411 0.014166666666666666 0.02807486631016043
2 0.7833333333333333 0.6243315508021391 0.005 0.0053475935828877
2 0.38166666666666665 0.6316844919786097 0.016666666666666666 0.03342245989304813
2 0.25583333333333336 0.625 0.011666666666666667 0.022727272727272728
2 0.59125 0.6216577540106952 0.0175 0.01871657754010695
2 0.7729166666666667 0.6109625668449198 0.0008333333333333334 0.00267379679144385
2 0.5020833333333333 0.6189839572192514 0.004166666666666667 0.01871657754010695
2 0.61875 0.6203208556149733 0.015833333333333335 0.02406417112299465
2 0.5620833333333334 0.6189839572192514 0.015833333333333335 0.02406417112299465
2 0.7583333333333333 0.6042780748663101 0.0016666666666666668 0.0053475935828877
2 0.25916666666666666 0.6036096256684492 0.0033333333333333335 0.0066844919786096255
2 0.6479166666666667 0.6016042780748663 0.0025 0.008021390374331552
2 0.49625 0.6016042780748663 0.005833333333333334 0.008021390374331552
2 0.7520833333333333 0.5969251336898396 0.0008333333333333334 0.001336898395721925
2 0.33541666666666664 0.6102941176470589 0.014166666666666666 0.02807486631016043
2 0.36375 0.6062834224598931 0.0175 0.03342245989304813
2 0.49041666666666667 0.6116310160427807 0.029166666666666667 0.04946524064171123
2 0.5895833333333333 0.5962566844919787 0.0175 0.02406417112299465
2 0.5604166666666667 0.5935828877005348 0.015833333333333335 0.0213903743315508
2 0.6179166666666667 0.5935828877005348 0.015833333333333335 0.02406417112299465
2 0.7658333333333334 0.5815508021390374 0.0016666666666666668 0.00267379679144385
2 0.38125 0.5969251336898396 0.0175 0.03342245989304813
2 0.7675 0.5762032085561497 0.0016666666666666668 0.00267379679144385
2 0.5870833333333333 0.5775401069518716 0.0025 0.0053475935828877
2 0.5941666666666666 0.5762032085561497 0.0033333333333333335 0.0053475935828877
2 0.5583333333333333 0.5748663101604278 0.0016666666666666668 0.00267379679144385
2 0.615 0.5748663101604278 0.0033333333333333335 0.0053475935828877
2 0.565 0.5735294117647058 0.0016666666666666668 0.00267379679144385
2 0.6216666666666667 0.5735294117647058 0.0033333333333333335 0.0053475935828877
2 0.48875 0.5728609625668449 0.0125 0.012032085561497326
2 0.3458333333333333 0.5641711229946524 0.0016666666666666668 0.00267379679144385
2 0.7070833333333333 0.5601604278074866 0.0008333333333333334 0.00267379679144385
2 0.36291666666666667 0.5721925133689839 0.0175 0.03208556149732621
2 0.7079166666666666 0.554144385026738 0.0008333333333333334 0.004010695187165776
2 0.34125 0.5521390374331551 0.004166666666666667 0.008021390374331552
2 0.38 0.5614973262032086 0.016666666666666666 0.034759358288770054
2 0.6804166666666667 0.5434491978609626 0.0025 0.004010695187165776
2 0.36 0.5414438502673797 0.0016666666666666668 0.00267379679144385
2 0.6766666666666666 0.5474598930481284 0.0033333333333333335 0.017379679144385027
2 0.35375 0.5414438502673797 0.0025 0.0053475935828877
2 0.33708333333333335 0.5441176470588235 0.0025 0.0106951871657754
2 0.4891666666666667 0.5427807486631016 0.013333333333333334 0.0106951871657754
2 0.3458333333333333 0.5407754010695187 0.01 0.009358288770053475
2 0.49 0.5561497326203209 0.02666666666666667 0.045454545454545456
2 0.5875 0.5381016042780749 0.016666666666666666 0.014705882352941176
2 0.5591666666666667 0.536096256684492 0.013333333333333334 0.0106951871657754
2 0.33 0.5327540106951871 0.0033333333333333335 0.004010695187165776
2 0.5870833333333333 0.5213903743315508 0.015833333333333335 0.016042780748663103
2 0.3375 0.5113636363636364 0.0016666666666666668 0.001336898395721925
2 0.615 0.5260695187165776 0.016666666666666666 0.03342245989304813
2 0.48833333333333334 0.5140374331550802 0.028333333333333332 0.012032085561497326
2 0.37916666666666665 0.5233957219251337 0.016666666666666666 0.03074866310160428
2 0.75625 0.5374331550802139 0.024166666666666666 0.06417112299465241
2 0.3616666666666667 0.5220588235294118 0.016666666666666666 0.03342245989304813
2 0.58625 0.5033422459893048 0.014166666666666666 0.009358288770053475
2 0.615 0.49866310160427807 0.015 0.0106951871657754
2 0.7129166666666666 0.516042780748663 0.020833333333333332 0.0481283422459893
2 0.22708333333333333 0.4946524064171123 0.014166666666666666 0.013368983957219251
2 0.24375 0.4893048128342246 0.004166666666666667 0.0053475935828877
2 0.58625 0.4859625668449198 0.015833333333333335 0.017379679144385027
2 0.7104166666666667 0.47927807486631013 0.004166666666666667 0.0066844919786096255
2 0.6141666666666666 0.481951871657754 0.016666666666666666 0.017379679144385027
2 0.3779166666666667 0.4893048128342246 0.015833333333333335 0.03208556149732621
2 0.36291666666666667 0.4879679144385027 0.015833333333333335 0.029411764705882353
2 0.705 0.4692513368983957 0.0016666666666666668 0.00267379679144385
2 0.585 0.4672459893048128 0.013333333333333334 0.014705882352941176
2 0.49 0.47593582887700536 0.02666666666666667 0.034759358288770054
2 0.7566666666666667 0.4552139037433155 0.0016666666666666668 0.001336898395721925
2 0.6125 0.4625668449197861 0.015 0.01871657754010695
2 0.55875 0.4852941176470588 0.0175 0.0855614973262032
2 0.38083333333333336 0.4552139037433155 0.016666666666666666 0.03074866310160428
2 0.36625 0.45588235294117646 0.015833333333333335 0.03208556149732621
2 0.49875 0.4405080213903743 0.0075 0.009358288770053475
2 0.5566666666666666 0.4338235294117647 0.015 0.012032085561497326
2 0.49833333333333335 0.42914438502673796 0.006666666666666667 0.008021390374331552
2 0.5845833333333333 0.4391711229946524 0.015833333333333335 0.03342245989304813
2 0.6125 0.4344919786096257 0.016666666666666666 0.034759358288770054
2 0.66 0.42580213903743314 0.0033333333333333335 0.022727272727272728
2 0.55625 0.4164438502673797 0.015833333333333335 0.017379679144385027
2 0.68375 0.40641711229946526 0.0008333333333333334 0.00267379679144385
2 0.48833333333333334 0.42379679144385024 0.02666666666666667 0.0481283422459893
2 0.6104166666666667 0.4050802139037433 0.015833333333333335 0.01871657754010695
2 0.2325 0.39906417112299464 0.008333333333333333 0.009358288770053475
2 0.48541666666666666 0.3870320855614973 0.0275 0.014705882352941176
2 0.3179166666666667 0.3850267379679144 0.0075 0.016042780748663103
2 0.19041666666666668 0.3870320855614973 0.024166666666666666 0.03342245989304813
2 0.8766666666666667 0.3709893048128342 0.0033333333333333335 0.004010695187165776
2 0.5825 0.39371657754010697 0.016666666666666666 0.05213903743315508
2 0.425 0.37967914438502676 0.04833333333333333 0.02406417112299465
2 0.7991666666666667 0.3643048128342246 0.0016666666666666668 0.004010695187165776
2 0.3908333333333333 0.37633689839572193 0.016666666666666666 0.02807486631016043
2 0.8525 0.5467914438502673 0.21333333333333335 0.38235294117647056
2 0.62 0.35561497326203206 0.0016666666666666668 0.00267379679144385
2 0.37833333333333335 0.3649732620320856 0.016666666666666666 0.026737967914438502
2 0.5808333333333333 0.356951871657754 0.016666666666666666 0.0213903743315508
2 0.40625 0.3422459893048128 0.0025 0.0053475935828877
2 0.16375 0.3335561497326203 0.004166666666666667 0.001336898395721925
2 0.4866666666666667 0.3462566844919786 0.02666666666666667 0.045454545454545456
2 0.32166666666666666 0.32419786096256686 0.0016666666666666668 0.004010695187165776
2 0.205 0.34358288770053474 0.03166666666666667 0.045454545454545456
2 0.13666666666666666 0.3181818181818182 0.0016666666666666668 0.00267379679144385
2 0.415 0.3114973262032086 0.0016666666666666668 0.00267379679144385
2 0.44958333333333333 0.3094919786096257 0.0025 0.004010695187165776
2 0.45 0.29812834224598933 0.0016666666666666668 0.0053475935828877
2 0.5583333333333333 0.2867647058823529 0.0016666666666666668 0.0066844919786096255
2 0.48791666666666667 0.2947860962566845 0.024166666666666666 0.04679144385026738
2 0.23625 0.25668449197860965 0.034166666666666665 0.0106951871657754
2 0.35 0.24866310160427807 0.005 0.00267379679144385
2 0.5441666666666667 0.2553475935828877 0.011666666666666667 0.01871657754010695
2 0.53875 0.2426470588235294 0.009166666666666667 0.014705882352941176
2 0.54875 0.23863636363636365 0.020833333333333332 0.04411764705882353
2 0.6808333333333333 0.21724598930481284 0.0016666666666666668 0.004010695187165776
2 0.5570833333333334 0.22593582887700533 0.019166666666666665 0.034759358288770054
2 0.40791666666666665 0.2052139037433155 0.010833333333333334 0.012032085561497326
2 0.4166666666666667 0.19585561497326204 0.0033333333333333335 0.004010695187165776
2 0.4675 0.19719251336898397 0.018333333333333333 0.009358288770053475
2 0.4220833333333333 0.19050802139037434 0.0008333333333333334 0.001336898395721925
2 0.66125 0.18114973262032086 0.0008333333333333334 0.001336898395721925
2 0.5954166666666667 0.1751336898395722 0.0025 0.00267379679144385
2 0.63375 0.16911764705882354 0.0008333333333333334 0.001336898395721925
2 0.6625 0.1677807486631016 0.0033333333333333335 0.0066844919786096255
2 0.50625 0.17045454545454544 0.020833333333333332 0.020053475935828877
2 0.6808333333333333 0.16042780748663102 0.0033333333333333335 0.0053475935828877
2 0.65875 0.15842245989304812 0.0008333333333333334 0.001336898395721925
2 0.64875 0.1590909090909091 0.0008333333333333334 0.00267379679144385
2 0.5933333333333334 0.1590909090909091 0.0033333333333333335 0.0053475935828877
2 0.64625 0.15307486631016043 0.0008333333333333334 0.001336898395721925
2 0.6333333333333333 0.15441176470588236 0.0016666666666666668 0.0066844919786096255
2 0.6045833333333334 0.16176470588235295 0.014166666666666666 0.0213903743315508
2 0.6541666666666667 0.15975935828877005 0.006666666666666667 0.022727272727272728
2 0.5333333333333333 0.1537433155080214 0.028333333333333332 0.013368983957219251
2 0.6479166666666667 0.1463903743315508 0.0008333333333333334 0.001336898395721925
2 0.6658333333333334 0.3649732620320856 0.16 0.4625668449197861
2 0.6375 0.12767379679144386 0.0016666666666666668 0.004010695187165776
2 0.5254166666666666 0.12433155080213903 0.009166666666666667 0.00267379679144385
2 0.5329166666666667 0.12232620320855615 0.0008333333333333334 0.001336898395721925
2 0.6475 0.12098930481283422 0.0016666666666666668 0.004010695187165776
2 0.5366666666666666 0.1196524064171123 0.0033333333333333335 0.004010695187165776
2 0.43916666666666665 0.518048128342246 0.62 0.8462566844919787
2 0.6404166666666666 0.09358288770053476 0.009166666666666667 0.029411764705882353
2 0.59375 0.05949197860962567 0.0008333333333333334 0.001336898395721925
2 0.6270833333333333 0.06216577540106952 0.0175 0.02807486631016043