2 0.4990234375 0.9326171875 0.291015625 0.024609375
2 0.853515625 0.9197265625 0.00234375 0.001171875
2 0.77890625 0.917578125 0.00078125 0.00078125
2 0.8916015625 0.9140625 0.001171875 0.0015625
2 0.8640625 0.9111328125 0.00234375 0.001171875
2 0.8669921875 0.91015625 0.001171875 0.00078125
2 0.8728515625 0.9072265625 0.001953125 0.001171875
2 0.8763671875 0.905078125 0.001171875 0.00078125
2 0.856640625 0.9048828125 0.00078125 0.001171875
2 0.877734375 0.90390625 0.00078125 0.00078125
2 0.8791015625 0.9029296875 0.001171875 0.001171875
2 0.2802734375 0.9095703125 0.163671875 0.024609375
2 0.6708984375 0.91015625 0.082421875 0.0265625
2 0.8841796875 0.897265625 0.001171875 0.0015625
2 0.766796875 0.8966796875 0.00546875 0.003515625
2 0.885546875 0.894921875 0.00078125 0.0015625
2 0.8705078125 0.894140625 0.001171875 0.00078125
2 0.8451171875 0.890234375 0.001953125 0.00078125
2 0.8484375 0.889453125 0.0015625 0.0015625
2 0.7533203125 0.8880859375 0.004296875 0.005859375
2 0.7666015625 0.8798828125 0.007421875 0.003515625
2 0.7798828125 0.8671875 0.001953125 0.00078125
2 0.7556640625 0.8765625 0.012890625 0.01953125
2 0.7763671875 0.86640625 0.001171875 0.0015625
2 0.7787109375 0.8654296875 0.000390625 0.000390625
2 0.8654296875 0.87734375 0.045703125 0.03125
2 0.4349609375 0.8720703125 0.024609375 0.026953125
2 0.6400390625 0.86328125 0.018359375 0.01015625
2 0.1359375 0.8640625 0.13203125 0.021875
2 0.869140625 0.8759765625 0.09296875 0.059765625
2 0.0498046875 0.8431640625 0.042578125 0.006640625
2 0.9546875 0.8345703125 0.01171875 0.001953125
2 0.3609375 0.8380859375 0.00390625 0.009765625
2 0.366015625 0.83515625 0.0015625 0.01171875
2 0.63671875 0.839453125 0.0125 0.0359375
2 0.774609375 0.81875 0.00078125 0.00546875
2 0.3037109375 0.8138671875 0.035546875 0.013671875
2 0.3572265625 0.8103515625 0.012890625 0.013671875
2 0.3673828125 0.8064453125 0.004296875 0.008203125
2 0.7859375 0.81015625 0.009375 0.01796875
2 0.185546875 0.81328125 0.03671875 0.03828125
2 0.5650390625 0.8392578125 0.049609375 0.093359375
2 0.7939453125 0.8677734375 0.214453125 0.151953125
2 0.9107421875 0.7798828125 0.000390625 0.002734375
2 0.372265625 0.77890625 0.00078125 0.00078125
2 0.3677734375 0.787890625 0.004296875 0.0234375
2 0.3388671875 0.7884765625 0.023046875 0.028515625
2 0.314453125 0.785546875 0.01953125 0.028125
2 0.24765625 0.77265625 0.003125 0.003125
2 0.6248046875 0.8083984375 0.007421875 0.076171875
2 0.3568359375 0.785546875 0.016015625 0.03203125
2 0.0755859375 0.7703125 0.000390625 0.003125
2 0.6279296875 0.7681640625 0.000390625 0.001171875
2 0.6279296875 0.7666015625 0.000390625 0.000390625
2 0.305078125 0.774609375 0.00703125 0.01640625
2 0.371484375 0.7654296875 0.0015625 0.001171875
2 0.419140625 0.795703125 0.028125 0.06328125
2 0.860546875 0.787109375 0.0453125 0.08515625
2 0.1087890625 0.7548828125 0.016796875 0.023046875
2 0.625390625 0.752734375 0.00625 0.025
2 0.2966796875 0.7865234375 0.107421875 0.097265625
2 0.3650390625 0.728125 0.001171875 0.00078125
2 0.7451171875 0.731640625 0.008203125 0.00859375
2 0.626171875 0.7318359375 0.00390625 0.014453125
2 0.662890625 0.788671875 0.06796875 0.159375
2 0.268359375 0.7078125 0.015625 0.01640625
2 0.774609375 0.7490234375 0.003125 0.120703125
2 0.3302734375 0.7205078125 0.070703125 0.101953125
2 0.91015625 0.7185546875 0.003125 0.112890625
2 0.55234375 0.6494140625 0.04921875 0.048046875
2 0.444921875 0.645703125 0.05078125 0.04296875
2 0.6927734375 0.6919921875 0.129296875 0.166796875
2 0.1263671875 0.6109375 0.013671875 0.01796875
2 0.3701171875 0.68671875 0.009765625 0.17734375
2 0.7744140625 0.59375 0.000390625 0.0015625
2 0.84921875 0.614453125 0.04453125 0.04375
2 0.2107421875 0.693359375 0.009765625 0.2125
2 0.0796875 0.6638671875 0.00859375 0.203515625
2 0.253515625 0.3521484375 0.00078125 0.001171875
2 0.415234375 0.3482421875 0.00078125 0.001953125
2 0.118359375 0.3484375 0.00078125 0.00234375
2 0.25625 0.34375 0.00234375 0.00625
2 0.1212890625 0.3388671875 0.002734375 0.009765625
2 0.23203125 0.190234375 0.00390625 0.0015625
2 0.3767578125 0.18359375 0.003515625 0.0015625
2 0.6953125 0.1833984375 0.0046875 0.001953125
2 0.224609375 0.1830078125 0.00078125 0.001953125
2 0.3650390625 0.1744140625 0.001171875 0.001171875
2 0.543359375 0.171875 0.00078125 0.00078125
2 0.9287109375 0.1568359375 0.003515625 0.006640625
2 0.324609375 0.156640625 0.00390625 0.00625
2 0.9259765625 0.148046875 0.000390625 0.0015625
2 0.4751953125 0.1470703125 0.003515625 0.006640625
2 0.794140625 0.146875 0.00390625 0.00703125
2 0.920703125 0.133203125 0.01171875 0.00625
2 0.6474609375 0.1337890625 0.003515625 0.007421875
2 0.3169921875 0.133203125 0.011328125 0.00625
2 0.8970703125 0.1236328125 0.003515625 0.002734375
2 0.2931640625 0.123828125 0.004296875 0.003125
2 0.785546875 0.1212890625 0.0125 0.006640625
2 0.4666015625 0.1212890625 0.012109375 0.006640625
2 0.933984375 0.13125 0.01328125 0.02734375
2 0.3302734375 0.1310546875 0.012890625 0.026953125
2 0.759765625 0.111328125 0.0046875 0.003125
2 0.441015625 0.111328125 0.0046875 0.003125
2 0.445703125 0.106640625 0.00078125 0.00078125
2 0.8 0.1193359375 0.0140625 0.029296875
2 0.4810546875 0.1193359375 0.013671875 0.029296875
2 0.63828125 0.1072265625 0.01328125 0.007421875
2 0.935546875 0.106640625 0.00390625 0.00859375
2 0.8990234375 0.112890625 0.013671875 0.021875
2 0.331640625 0.1064453125 0.00390625 0.008984375
2 0.2947265625 0.1134765625 0.015234375 0.023828125
2 0.5369140625 0.259765625 0.828515625 0.32109375
2 0.605078125 0.098046875 0.00078125 0.00078125
2 0.6115234375 0.0966796875 0.005078125 0.003515625
2 0.6162109375 0.0939453125 0.000390625 0.000390625
2 0.61640625 0.0919921875 0.00078125 0.001171875
2 0.653515625 0.1048828125 0.01484375 0.030859375
2 0.4826171875 0.09296875 0.004296875 0.009375
2 0.8013671875 0.092578125 0.004296875 0.009375
2 0.7619140625 0.099609375 0.015234375 0.02421875
2 0.4431640625 0.099609375 0.015234375 0.02421875
2 0.6552734375 0.0771484375 0.004296875 0.010546875
2 0.6140625 0.083984375 0.015625 0.025