2 0.62875 0.9075 0.0075 0.06
2 0.5025 0.74 0.02 0.015
2 0.4925 0.67125 0.01 0.0075
2 0.5575 0.60875 0.01 0.0075
2 0.37375 0.61 0.0075 0.035
2 0.57375 0.59125 0.0125 0.0125
2 0.5025 0.58125 0.025 0.0175
2 0.5575 0.56125 0.02 0.0175
2 0.485 0.68625 0.23 0.2775
2 0.37625 0.5225 0.0075 0.01
2 0.565 0.49625 0.035 0.0225
2 0.4275 0.4225 0.01 0.005
2 0.4675 0.4125 0.04 0.025
2 0.54 0.41875 0.09 0.0425
2 0.47 0.38 0.01 0.01
2 0.41625 0.39875 0.0625 0.0525
2 0.45375 0.3725 0.0075 0.01
2 0.42125 0.36375 0.0125 0.0225
2 0.4275 0.305 0.025 0.01
2 0.40625 0.13875 0.0025 0.0125
2 0.47375 0.1 0.0025 0.045
2 0.49875 0.1625 0.2175 0.29