2 0.04475 0.9977426636568849 0.0005 0.0015048908954100827
2 0.0475 0.9981188863807374 0.003 0.003762227238525207
2 0.779 0.9939804364183596 0.001 0.0015048908954100827
2 0.013 0.9503386004514672 0.001 0.0015048908954100827
2 0.01075 0.9477050413844996 0.0035 0.002257336343115124
2 0.0125 0.9680210684725358 0.025 0.06395786305492852
2 0.00825 0.9341610233258089 0.0005 0.0007524454477050414
2 0.0065 0.9311512415349887 0.002 0.002257336343115124
2 0.00125 0.9303987960872837 0.0025 0.003762227238525207
2 0.0015 0.9232505643340858 0.003 0.007524454477050414
2 0.05525 0.9142212189616253 0.0005 0.0015048908954100827
2 0.05475 0.909706546275395 0.0005 0.0015048908954100827
2 0.953 0.8991723100075244 0.001 0.0015048908954100827
2 0.618 0.871331828442438 0.001 0.0015048908954100827
2 0.62825 0.8702031602708804 0.0005 0.0007524454477050414
2 0.05825 0.8690744920993227 0.0015 0.0030097817908201654
2 0.59425 0.8671933784800602 0.0015 0.0007524454477050414
2 0.5805 0.8574115876598947 0.001 0.0007524454477050414
2 0.8875 0.8510158013544018 0.001 0.0015048908954100827
2 0.88175 0.8438675696012039 0.0005 0.0007524454477050414
2 0.87125 0.8340857787810384 0.0005 0.0007524454477050414
2 0.986 0.8284424379232506 0.001 0.0015048908954100827
2 0.60075 0.8250564334085779 0.0205 0.033860045146726865
2 0.9985 0.809255079006772 0.003 0.005267118133935289
2 0.56175 0.7814145974416855 0.0015 0.0007524454477050414
2 0.54325 0.7791572610985703 0.0005 0.0007524454477050414
2 0.78075 0.7595936794582393 0.0015 0.002257336343115124
2 0.06875 0.710308502633559 0.0015 0.0015048908954100827
2 0.487 0.6459744168547781 0.001 0.002257336343115124
2 0.06075 0.6260346124905944 0.0015 0.0015048908954100827
2 0.0615 0.5613243039879608 0.001 0.0015048908954100827
2 0.46525 0.5553047404063205 0.0015 0.0030097817908201654
2 0.463 0.5534236267870579 0.001 0.0007524454477050414
2 0.4825 0.5530474040632054 0.002 0.004514672686230248
2 0.47475 0.5481565086531226 0.0005 0.0007524454477050414
2 0.43375 0.5466516177577125 0.0015 0.002257336343115124
2 0.428 0.5436418359668924 0.002 0.005267118133935289
2 0.419 0.5425131677953349 0.001 0.0030097817908201654
2 0.4065 0.5372460496613995 0.001 0.0015048908954100827
2 0.31425 0.5075244544770504 0.0035 0.002257336343115124
2 0.571 0.6158765989465764 0.159 0.3002257336343115
2 0.4195 0.4326561324303988 0.002 0.0015048908954100827
2 0.326 0.37434161023325807 0.001 0.0007524454477050414
2 0.31275 0.37358916478555304 0.0005 0.0007524454477050414
2 0.12625 0.28254326561324306 0.0005 0.0007524454477050414
2 0.85275 0.20428893905191872 0.0015 0.002257336343115124
2 0.8475 0.19939804364183597 0.002 0.0015048908954100827
2 0.32025 0.1670428893905192 0.0015 0.0015048908954100827
2 0.98175 0.15349887133182843 0.0005 0.0015048908954100827
2 0.222 0.1474793077501881 0.001 0.0015048908954100827
2 0.19375 0.1474793077501881 0.0045 0.0015048908954100827
2 0.1875 0.1471030850263356 0.001 0.0007524454477050414
2 0.974 0.11361926260346125 0.002 0.0015048908954100827
2 0.972 0.10985703536493605 0.001 0.0015048908954100827
2 0.94725 0.0056433408577878106 0.0005 0.0007524454477050414
2 0.5 0.5 1.0 1.0
2 0.012 0.0003762227238525207 0.001 0.0007524454477050414
2 0.00925 0.0007524454477050414 0.0035 0.0015048908954100827
2 0.00375 0.0007524454477050414 0.0015 0.0015048908954100827