2 0.6797385620915033 0.9767156862745098 0.05555555555555555 0.04656862745098039
2 0.0016339869281045752 0.8578431372549019 0.0032679738562091504 0.00980392156862745
2 0.04738562091503268 0.9191176470588235 0.09477124183006536 0.14705882352941177
2 0.004901960784313725 0.8308823529411765 0.00980392156862745 0.029411764705882353
2 0.8014705882352942 0.9068627450980392 0.1650326797385621 0.18627450980392157
2 0.6797385620915033 0.8786764705882353 0.07516339869281045 0.13480392156862744
2 0.16830065359477125 0.8492647058823529 0.10457516339869281 0.11029411764705882
2 0.7034313725490197 0.7843137254901961 0.011437908496732025 0.0196078431372549
2 0.12418300653594772 0.7083333333333334 0.0032679738562091504 0.004901960784313725
2 0.6887254901960784 0.7340686274509803 0.05392156862745098 0.0857843137254902
2 0.28104575163398693 0.75 0.0915032679738562 0.12254901960784313
2 0.16993464052287582 0.7536764705882353 0.11437908496732026 0.14460784313725492
2 0.6715686274509803 0.6544117647058824 0.06862745098039216 0.09803921568627451
2 0.5808823529411765 0.4693627450980392 0.0016339869281045752 0.0024509803921568627
2 0.8488562091503268 0.2806372549019608 0.06372549019607843 0.11029411764705882
2 0.5563725490196079 0.27450980392156865 0.07352941176470588 0.10784313725490197
2 0.5718954248366013 0.20220588235294118 0.006535947712418301 0.007352941176470588
2 0.6209150326797386 0.031862745098039214 0.013071895424836602 0.014705882352941176
2 0.2295751633986928 0.06004901960784314 0.08006535947712418 0.11029411764705882
2 0.9452614379084967 0.028186274509803922 0.10947712418300654 0.056372549019607844
2 0.8120915032679739 0.14338235294117646 0.3758169934640523 0.2867647058823529
2 0.5645424836601307 0.04044117647058824 0.06699346405228758 0.08088235294117647
2 0.47549019607843135 0.08946078431372549 0.16666666666666666 0.17892156862745098
2 0.3619281045751634 0.04411764705882353 0.07679738562091504 0.08823529411764706
2 0.5 0.5 1.0 1.0