2 0.8776041666666666 0.7239583333333334 0.0026041666666666665 0.0026041666666666665
2 0.8802083333333334 0.564453125 0.0026041666666666665 0.009114583333333334
2 0.091796875 0.544921875 0.0013020833333333333 0.006510416666666667
2 0.8802083333333334 0.5338541666666666 0.005208333333333333 0.0390625
2 0.8841145833333334 0.4759114583333333 0.0078125 0.029947916666666668
2 0.712890625 0.4388020833333333 0.00390625 0.0026041666666666665
2 0.7122395833333334 0.4290364583333333 0.0078125 0.009114583333333334
2 0.6868489583333334 0.435546875 0.040364583333333336 0.022135416666666668
2 0.859375 0.41796875 0.0026041666666666665 0.0026041666666666665
2 0.8098958333333334 0.3658854166666667 0.0026041666666666665 0.0026041666666666665
2 0.79296875 0.3229166666666667 0.0026041666666666665 0.0026041666666666665
2 0.8899739583333334 0.3157552083333333 0.0013020833333333333 0.0013020833333333333
2 0.7962239583333334 0.298828125 0.0013020833333333333 0.0013020833333333333
2 0.08463541666666667 0.3977864583333333 0.026041666666666668 0.22005208333333334
2 0.8912760416666666 0.2955729166666667 0.00390625 0.033854166666666664
2 0.072265625 0.279296875 0.0013020833333333333 0.0013020833333333333
2 0.521484375 0.2623697916666667 0.009114583333333334 0.00390625
2 0.8274739583333334 0.2565104166666667 0.006510416666666667 0.005208333333333333
2 0.3893229166666667 0.24283854166666666 0.005208333333333333 0.0013020833333333333
2 0.8958333333333334 0.255859375 0.005208333333333333 0.03515625
2 0.5579427083333334 0.24088541666666666 0.032552083333333336 0.0078125
2 0.7571614583333334 0.541015625 0.2747395833333333 0.6158854166666666
2 0.7109375 0.24544270833333334 0.06510416666666667 0.04296875
2 0.07356770833333333 0.25 0.01171875 0.052083333333333336
2 0.6106770833333334 0.22981770833333334 0.020833333333333332 0.014322916666666666
2 0.08723958333333333 0.22005208333333334 0.0026041666666666665 0.0026041666666666665
2 0.6315104166666666 0.21614583333333334 0.005208333333333333 0.0026041666666666665
2 0.16341145833333334 0.21809895833333334 0.03515625 0.009114583333333334
2 0.3138020833333333 0.212890625 0.0026041666666666665 0.0013020833333333333
2 0.3763020833333333 0.5364583333333334 0.5807291666666666 0.6666666666666666
2 0.7239583333333334 0.19075520833333334 0.0078125 0.00390625
2 0.7141927083333334 0.20052083333333334 0.061197916666666664 0.0234375
2 0.4934895833333333 0.18619791666666666 0.010416666666666666 0.0078125
2 0.7727864583333334 0.17903645833333334 0.00390625 0.0013020833333333333
2 0.7057291666666666 0.181640625 0.0078125 0.006510416666666667
2 0.60546875 0.17513020833333334 0.0026041666666666665 0.0013020833333333333
2 0.265625 0.19791666666666666 0.046875 0.046875
2 0.5091145833333334 0.17708333333333334 0.015625 0.010416666666666666
2 0.294921875 0.17252604166666666 0.0013020833333333333 0.0013020833333333333
2 0.2903645833333333 0.17252604166666666 0.0026041666666666665 0.0013020833333333333
2 0.537109375 0.16861979166666666 0.022135416666666668 0.00390625
2 0.4153645833333333 0.17447916666666666 0.020833333333333332 0.036458333333333336
2 0.4244791666666667 0.14778645833333334 0.026041666666666668 0.006510416666666667
2 0.3391927083333333 0.15559895833333334 0.024739583333333332 0.022135416666666668
2 0.6940104166666666 0.158203125 0.057291666666666664 0.029947916666666668
2 0.38671875 0.15364583333333334 0.0625 0.0390625
2 0.4791666666666667 0.13541666666666666 0.026041666666666668 0.013020833333333334