2 0.7135135135135136 0.7432432432432432 0.010810810810810811 0.021621621621621623
2 0.7594594594594595 0.6905405405405406 0.010810810810810811 0.008108108108108109
2 0.7351351351351352 0.6635135135135135 0.005405405405405406 0.002702702702702703
2 0.8418918918918918 0.5864864864864865 0.01891891891891892 0.005405405405405406
2 0.7648648648648648 0.5513513513513514 0.010810810810810811 0.005405405405405406
2 0.845945945945946 0.5256756756756756 0.016216216216216217 0.008108108108108109
2 0.8635135135135135 0.4391891891891892 0.008108108108108109 0.008108108108108109
2 0.5472972972972973 0.27837837837837837 0.03513513513513514 0.043243243243243246
2 0.7405405405405405 0.0945945945945946 0.04864864864864865 0.032432432432432434
2 0.2810810810810811 0.024324324324324326 0.016216216216216217 0.016216216216216217
2 0.9216216216216216 0.22567567567567567 0.15675675675675677 0.45135135135135135
2 0.2756756756756757 0.005405405405405406 0.032432432432432434 0.010810810810810811
2 0.5 0.46621621621621623 1.0 0.9324324324324325