2 0.400625 0.689 0.00125 0.002
2 0.395625 0.6845 0.00375 0.003
2 0.401875 0.681 0.00125 0.002
2 0.425625 0.6725 0.00375 0.003
2 0.434375 0.67 0.00875 0.008
2 0.19375 0.6695 0.0275 0.031
2 0.376875 0.6555 0.01625 0.019
2 0.42875 0.6485 0.015 0.009
2 0.18125 0.644 0.0075 0.002
2 0.188125 0.643 0.00375 0.002
2 0.174375 0.6415 0.00125 0.001
2 0.193125 0.641 0.00375 0.002
2 0.19875 0.638 0.0025 0.002
2 0.170625 0.638 0.00125 0.002
2 0.175625 0.6365 0.00125 0.001
2 0.20375 0.634 0.0025 0.002
2 0.169375 0.632 0.00375 0.004
2 0.2075 0.629 0.0025 0.002
2 0.166875 0.6265 0.00375 0.003
2 0.21125 0.623 0.0025 0.002
2 0.405 0.6155 0.0025 0.001
2 0.213125 0.6155 0.00125 0.001
2 0.41125 0.615 0.0025 0.002
2 0.39875 0.6135 0.0025 0.001
2 0.416875 0.6135 0.00375 0.003
2 0.421875 0.6095 0.00375 0.003
2 0.214375 0.6085 0.00125 0.001
2 0.39 0.603 0.0025 0.002
2 0.213125 0.601 0.00125 0.002
2 0.163125 0.598 0.00375 0.004
2 0.241875 0.593 0.01375 0.006
2 0.16375 0.5905 0.0025 0.003
2 0.205625 0.5865 0.00125 0.001
2 0.18 0.608 0.0375 0.048
2 0.165 0.585 0.0025 0.004
2 0.201875 0.5825 0.00125 0.001
2 0.445625 0.6065 0.01625 0.053
2 0.166875 0.5805 0.00375 0.003
2 0.19625 0.5775 0.0025 0.001
2 0.188125 0.6075 0.03625 0.063
2 0.168125 0.5755 0.00125 0.001
2 0.395625 0.5745 0.00125 0.001
2 0.45 0.5745 0.0025 0.003
2 0.190625 0.574 0.00125 0.002
2 0.185 0.572 0.0025 0.002
2 0.41125 0.5905 0.0375 0.041
2 0.401875 0.5695 0.00125 0.001
2 0.42 0.568 0.0025 0.002
2 0.414375 0.5665 0.00375 0.001
2 0.408125 0.567 0.00375 0.002
2 0.156875 0.561 0.00375 0.004
2 0.29125 0.6275 0.1425 0.141
2 0.154375 0.5525 0.00625 0.009
2 0.238125 0.5485 0.00375 0.003
2 0.233125 0.546 0.00375 0.002
2 0.151875 0.545 0.00125 0.002
2 0.151875 0.541 0.00125 0.002
2 0.223125 0.557 0.04375 0.038
2 0.456875 0.511 0.00625 0.004
2 0.46125 0.494 0.005 0.004
2 0.468125 0.493 0.00375 0.006
2 0.47 0.4865 0.0025 0.005
2 0.206875 0.4835 0.00125 0.001
2 0.308125 0.4995 0.14125 0.047
2 0.433125 0.5165 0.07625 0.105
2 0.161875 0.519 0.04375 0.11
2 0.433125 0.431 0.01625 0.006
2 0.173125 0.428 0.00125 0.002
2 0.258125 0.336 0.00125 0.002
2 0.26125 0.3235 0.0075 0.007
2 0.261875 0.3135 0.00375 0.003
2 0.3625 0.307 0.0075 0.004
2 0.24125 0.306 0.0025 0.002
2 0.245625 0.305 0.00375 0.002
2 0.305 0.34 0.3475 0.164
2 0.2775 0.259 0.0025 0.006
2 0.329375 0.248 0.00875 0.012
2 0.2825 0.248 0.01 0.014
2 0.331875 0.226 0.00625 0.022
2 0.2825 0.226 0.0075 0.024