2 0.5113333333333333 0.966824644549763 0.06 0.04265402843601896
2 0.6593333333333333 0.9454976303317536 0.009333333333333334 0.004739336492890996
2 0.4786666666666667 0.9443127962085308 0.0026666666666666666 0.002369668246445498
2 0.67 0.9419431279620853 0.0013333333333333333 0.002369668246445498
2 0.5713333333333334 0.9075829383886256 0.006666666666666667 0.014218009478672985
2 0.5586666666666666 0.8566350710900474 0.08 0.1066350710900474
2 0.5033333333333333 0.7713270142180095 0.09733333333333333 0.16824644549763032
2 0.6026666666666667 0.7085308056872038 0.029333333333333333 0.061611374407582936
2 0.582 0.6848341232227488 0.030666666666666665 0.061611374407582936
2 0.45666666666666667 0.6706161137440758 0.02 0.037914691943127965
2 0.6406666666666667 0.8187203791469194 0.12133333333333333 0.33886255924170616
2 0.706 0.6362559241706162 0.0013333333333333333 0.002369668246445498
2 0.5613333333333334 0.6611374407582938 0.029333333333333333 0.061611374407582936
2 0.542 0.6386255924170616 0.030666666666666665 0.05924170616113744
2 0.504 0.5936018957345972 0.029333333333333333 0.05924170616113744
2 0.254 0.4514218009478673 0.004 0.0071090047393364926
2 0.276 0.4004739336492891 0.029333333333333333 0.04739336492890995
2 0.6866666666666666 0.49170616113744076 0.14666666666666667 0.3056872037914692
2 0.2886666666666667 0.3400473933649289 0.02 0.054502369668246446
2 0.3413333333333333 0.2713270142180095 0.08533333333333333 0.14454976303317535
2 0.428 0.49644549763033174 0.48533333333333334 0.6421800947867299
2 0.392 0.1362559241706161 0.096 0.14454976303317535