2 0.500625 0.985625 0.00375 0.00375
2 0.52875 0.9825 0.0025 0.0025
2 0.5025 0.971875 0.0025 0.00375
2 0.3475 0.561875 0.0575 0.03375
2 0.266875 0.48625 0.01625 0.02
2 0.26375 0.474375 0.0025 0.00125
2 0.291875 0.465 0.00375 0.0025
2 0.196875 0.43125 0.00375 0.0075
2 0.284375 0.42875 0.00375 0.005
2 0.195625 0.424375 0.00125 0.00125
2 0.305 0.43125 0.035 0.1025
2 0.258125 0.415625 0.05375 0.07125
2 0.138125 0.501875 0.25125 0.28625
2 0.859375 0.499375 0.25125 0.28625
2 0.183125 0.3225 0.02625 0.0225
2 0.7275 0.45125 0.2275 0.2875
2 0.399375 0.434375 0.17125 0.32125
2 0.60125 0.43125 0.1725 0.3225