2 0.59033203125 0.802734375 0.0029296875 0.001953125
2 0.47900390625 0.80615234375 0.0029296875 0.0185546875
2 0.54833984375 0.80126953125 0.0029296875 0.0107421875
2 0.51953125 0.79833984375 0.013671875 0.0185546875
2 0.50390625 0.79833984375 0.009765625 0.0185546875
2 0.56005859375 0.79736328125 0.0107421875 0.0185546875
2 0.5400390625 0.79736328125 0.015625 0.0185546875
2 0.59326171875 0.7939453125 0.0087890625 0.015625
2 0.5771484375 0.7958984375 0.013671875 0.01953125
2 0.5947265625 0.78564453125 0.001953125 0.0009765625
2 0.60546875 0.79248046875 0.0078125 0.0185546875
2 0.6171875 0.79150390625 0.01171875 0.0185546875
2 0.6328125 0.78955078125 0.009765625 0.0185546875
2 0.45654296875 0.79150390625 0.0166015625 0.0263671875
2 0.64501953125 0.787109375 0.0068359375 0.01953125
2 0.431640625 0.7890625 0.021484375 0.02734375
2 0.6552734375 0.7841796875 0.0078125 0.01953125
2 0.4130859375 0.78564453125 0.00390625 0.0244140625
2 0.392578125 0.78173828125 0.025390625 0.0283203125
2 0.36474609375 0.7744140625 0.0205078125 0.029296875
2 0.67529296875 0.7744140625 0.0146484375 0.03515625
2 0.34130859375 0.76806640625 0.0185546875 0.0283203125
2 0.68896484375 0.7705078125 0.0146484375 0.03515625
2 0.6533203125 0.7607421875 0.0234375 0.01953125
2 0.7060546875 0.76416015625 0.013671875 0.0361328125
2 0.5078125 0.7626953125 0.01953125 0.0390625
2 0.546875 0.7626953125 0.0390625 0.041015625
2 0.5888671875 0.759765625 0.0390625 0.041015625
2 0.44775390625 0.75390625 0.0283203125 0.029296875
2 0.72607421875 0.75732421875 0.0244140625 0.0419921875
2 0.62451171875 0.7451171875 0.0244140625 0.01953125
2 0.41748046875 0.74951171875 0.0166015625 0.0283203125
2 0.48681640625 0.775390625 0.0029296875 0.083984375
2 0.478515625 0.763671875 0.00390625 0.064453125
2 0.63916015625 0.75244140625 0.0302734375 0.0439453125
2 0.392578125 0.74462890625 0.017578125 0.0302734375
2 0.7470703125 0.7470703125 0.013671875 0.037109375
2 0.6748046875 0.7392578125 0.009765625 0.0234375
2 0.24169921875 0.72900390625 0.0009765625 0.0029296875
2 0.75634765625 0.7421875 0.0048828125 0.033203125
2 0.689453125 0.73486328125 0.013671875 0.0244140625
2 0.36767578125 0.73876953125 0.0224609375 0.0322265625
2 0.703125 0.73046875 0.009765625 0.0234375
2 0.765625 0.736328125 0.01171875 0.037109375
2 0.34033203125 0.73193359375 0.0224609375 0.0302734375
2 0.71533203125 0.7255859375 0.0087890625 0.0234375
2 0.72509765625 0.72314453125 0.0126953125 0.0244140625
2 0.77685546875 0.7275390625 0.0107421875 0.037109375
2 0.7353515625 0.71826171875 0.005859375 0.0224609375
2 0.76220703125 0.70263671875 0.0458984375 0.0478515625
2 0.29296875 0.7255859375 0.0625 0.09765625
2 0.48193359375 0.48388671875 0.3740234375 0.0361328125
2 0.283203125 0.4619140625 0.015625 0.005859375
2 0.84814453125 0.37060546875 0.0009765625 0.0009765625