2 0.8225 0.43083333333333335 0.0016666666666666668 0.0016666666666666668
2 0.8304166666666667 0.4225 0.0075 0.008333333333333333
2 0.3254166666666667 0.3954166666666667 0.010833333333333334 0.004166666666666667
2 0.30583333333333335 0.38916666666666666 0.011666666666666667 0.006666666666666667
2 0.26416666666666666 0.36833333333333335 0.0033333333333333335 0.0033333333333333335
2 0.2575 0.3625 0.005 0.005
2 0.24625 0.35333333333333333 0.005833333333333334 0.005
2 0.2375 0.3408333333333333 0.01 0.011666666666666667
2 0.555 0.25666666666666665 0.02666666666666667 0.075
2 0.5391666666666667 0.21666666666666667 0.0016666666666666668 0.0016666666666666668
2 0.5366666666666666 0.21416666666666667 0.0016666666666666668 0.0016666666666666668
2 0.5320833333333334 0.20958333333333334 0.004166666666666667 0.004166666666666667
2 0.5020833333333333 0.5091666666666667 0.6891666666666667 0.6916666666666667