2 0.80875 0.805 0.0775 0.08
2 0.44 0.805 0.075 0.08
2 0.78375 0.75125 0.0125 0.0125
2 0.41375 0.75125 0.0125 0.0125
2 0.82125 0.75 0.0525 0.015
2 0.4525 0.75 0.05 0.015
2 0.8225 0.71375 0.05 0.0425
2 0.4525 0.71375 0.05 0.0425
2 0.81375 0.66375 0.0675 0.0425
2 0.445 0.66375 0.065 0.0425
2 0.815 0.61375 0.065 0.0425
2 0.445 0.61375 0.065 0.0425
2 0.13375 0.56625 0.0475 0.0175
2 0.82125 0.56375 0.0475 0.0425
2 0.4525 0.56375 0.05 0.0425
2 0.81125 0.51375 0.0675 0.0425
2 0.44125 0.51375 0.0675 0.0425
2 0.8275 0.46875 0.07 0.0375
2 0.45875 0.46875 0.0675 0.0375
2 0.795 0.4325 0.005 0.01
2 0.425 0.4325 0.005 0.01
2 0.1175 0.28375 0.005 0.0025
2 0.135 0.28125 0.02 0.0075
2 0.1475 0.24875 0.005 0.0025
2 0.825 0.28875 0.305 0.1525
2 0.4575 0.28875 0.305 0.1525
2 0.77 0.19 0.02 0.01
2 0.4 0.18875 0.02 0.0125
2 0.80125 0.08875 0.0075 0.0275
2 0.43125 0.08875 0.0075 0.0275