2 0.887109375 0.9784722222222222 0.00234375 0.001388888888888889
2 0.890625 0.9770833333333333 0.003125 0.004166666666666667
2 0.887109375 0.9715277777777778 0.00234375 0.001388888888888889
2 0.87578125 0.9631944444444445 0.0015625 0.004166666666666667
2 0.883203125 0.9548611111111112 0.00078125 0.001388888888888889
2 0.86875 0.9534722222222223 0.003125 0.004166666666666667
2 0.34453125 0.9381944444444444 0.0015625 0.009722222222222222
2 0.345703125 0.9208333333333333 0.00234375 0.005555555555555556
2 0.382421875 0.8840277777777777 0.00078125 0.001388888888888889
2 0.013671875 0.8888888888888888 0.00234375 0.019444444444444445
2 0.392578125 0.8715277777777778 0.00546875 0.006944444444444444
2 0.00078125 0.8694444444444445 0.0015625 0.002777777777777778
2 0.401171875 0.8548611111111111 0.00078125 0.001388888888888889
2 0.361328125 0.8486111111111111 0.00078125 0.002777777777777778
2 0.30703125 0.8368055555555556 0.0015625 0.004166666666666667
2 0.40546875 0.8347222222222223 0.0015625 0.002777777777777778
2 0.707421875 0.8208333333333333 0.00234375 0.002777777777777778
2 0.70234375 0.8201388888888889 0.0015625 0.001388888888888889
2 0.39375 0.8256944444444444 0.0046875 0.0125
2 0.369921875 0.8201388888888889 0.00078125 0.001388888888888889
2 0.35546875 0.8305555555555556 0.021875 0.027777777777777776
2 0.440625 0.8166666666666667 0.0015625 0.002777777777777778
2 0.451171875 0.8131944444444444 0.00078125 0.001388888888888889
2 0.455859375 0.8118055555555556 0.00234375 0.004166666666666667
2 0.080078125 0.8090277777777778 0.00078125 0.001388888888888889
2 0.712109375 0.8076388888888889 0.00078125 0.001388888888888889
2 0.35625 0.8048611111111111 0.0125 0.015277777777777777
2 0.3765625 0.7958333333333333 0.0015625 0.002777777777777778
2 0.4109375 0.7944444444444444 0.0046875 0.011111111111111112
2 0.47421875 0.7895833333333333 0.0015625 0.004166666666666667
2 0.35625 0.7847222222222222 0.0109375 0.022222222222222223
2 0.3421875 0.7631944444444444 0.0015625 0.001388888888888889
2 0.355078125 0.7590277777777777 0.00234375 0.015277777777777777
2 0.491796875 0.7506944444444444 0.00234375 0.004166666666666667
2 0.36953125 0.75 0.0015625 0.002777777777777778
2 0.406640625 0.7520833333333333 0.00390625 0.009722222222222222
2 0.3078125 0.7388888888888889 0.0015625 0.005555555555555556
2 0.42734375 0.7368055555555556 0.003125 0.004166666666666667
2 0.409375 0.7375 0.0265625 0.016666666666666666
2 0.52421875 0.7194444444444444 0.0015625 0.005555555555555556
2 0.7078125 0.7159722222222222 0.0078125 0.020833333333333332
2 0.6328125 0.6708333333333333 0.0015625 0.002777777777777778
2 0.615234375 0.66875 0.00078125 0.001388888888888889
2 0.619140625 0.66875 0.00234375 0.004166666666666667
2 0.629296875 0.6548611111111111 0.00390625 0.006944444444444444
2 0.640234375 0.6513888888888889 0.00546875 0.011111111111111112
2 0.7125 0.6409722222222223 0.0140625 0.04027777777777778
2 0.643359375 0.6222222222222222 0.00546875 0.016666666666666666
2 0.64140625 0.6069444444444444 0.003125 0.005555555555555556
2 0.641796875 0.5965277777777778 0.00546875 0.009722222222222222
2 0.656640625 0.5631944444444444 0.00390625 0.006944444444444444
2 0.65234375 0.5583333333333333 0.0015625 0.002777777777777778
2 0.4265625 0.5451388888888888 0.00625 0.015277777777777777
2 0.7859375 0.5375 0.0015625 0.002777777777777778
2 0.78046875 0.5375 0.0015625 0.002777777777777778
2 0.659765625 0.5388888888888889 0.00390625 0.011111111111111112
2 0.4421875 0.5472222222222223 0.0265625 0.044444444444444446
2 0.405078125 0.5243055555555556 0.00078125 0.001388888888888889
2 0.671484375 0.5208333333333334 0.00390625 0.005555555555555556
2 0.7625 0.5013888888888889 0.003125 0.002777777777777778
2 0.690234375 0.5013888888888889 0.00234375 0.002777777777777778
2 0.668359375 0.5055555555555555 0.00390625 0.011111111111111112
2 0.754296875 0.4979166666666667 0.00078125 0.001388888888888889
2 0.41640625 0.5069444444444444 0.009375 0.022222222222222223
2 0.51953125 0.49375 0.003125 0.004166666666666667
2 0.444140625 0.50625 0.03359375 0.03194444444444444
2 0.526171875 0.48680555555555555 0.00390625 0.004166666666666667
2 0.684765625 0.47847222222222224 0.00390625 0.004166666666666667
2 0.785546875 0.4756944444444444 0.00078125 0.001388888888888889
2 0.78046875 0.48125 0.0046875 0.0125
2 0.59375 0.47638888888888886 0.0015625 0.002777777777777778
2 0.517578125 0.47847222222222224 0.00390625 0.006944444444444444
2 0.7390625 0.4736111111111111 0.003125 0.002777777777777778
2 0.791796875 0.4673611111111111 0.00078125 0.001388888888888889
2 0.767578125 0.4576388888888889 0.00390625 0.006944444444444444
2 0.575 0.44583333333333336 0.0015625 0.002777777777777778
2 0.5109375 0.24861111111111112 0.0015625 0.002777777777777778
2 0.51171875 0.24375 0.0015625 0.004166666666666667
2 0.616796875 0.2361111111111111 0.01015625 0.016666666666666666
2 0.473828125 0.24444444444444444 0.04609375 0.03888888888888889
2 0.030078125 0.21041666666666667 0.01484375 0.020833333333333332
2 0.036328125 0.19791666666666666 0.00078125 0.001388888888888889
2 0.489453125 0.20347222222222222 0.03515625 0.018055555555555554
2 0.03984375 0.1798611111111111 0.0015625 0.001388888888888889
2 0.68671875 0.16458333333333333 0.0015625 0.004166666666666667
2 0.479296875 0.16041666666666668 0.00546875 0.006944444444444444
2 0.72109375 0.12986111111111112 0.0046875 0.009722222222222222
2 0.645703125 0.14027777777777778 0.01015625 0.030555555555555555
2 0.701171875 0.13055555555555556 0.01796875 0.016666666666666666
2 0.656640625 0.11319444444444444 0.00078125 0.001388888888888889
2 0.473046875 0.10972222222222222 0.00390625 0.011111111111111112
2 0.499609375 0.10069444444444445 0.00546875 0.006944444444444444
2 0.4671875 0.09791666666666667 0.00625 0.015277777777777777
2 0.695703125 0.09722222222222222 0.01015625 0.016666666666666666
2 0.4890625 0.08958333333333333 0.0109375 0.006944444444444444
2 0.7 0.06111111111111111 0.0015625 0.002777777777777778
2 0.666796875 0.08541666666666667 0.01015625 0.05138888888888889
2 0.709375 0.05694444444444444 0.0015625 0.002777777777777778
2 0.714453125 0.05763888888888889 0.00546875 0.006944444444444444
2 0.74609375 0.04375 0.0015625 0.001388888888888889
2 0.739453125 0.041666666666666664 0.00390625 0.002777777777777778
2 0.733984375 0.03958333333333333 0.00078125 0.001388888888888889
2 0.730859375 0.03819444444444445 0.00078125 0.001388888888888889
2 0.721875 0.03819444444444445 0.0015625 0.001388888888888889
2 0.055859375 0.02013888888888889 0.00078125 0.001388888888888889
2 0.5 0.5 1.0 1.0