2 0.0380859375 0.96875 0.009765625 0.0078125
2 0.1875 0.9697265625 0.01171875 0.017578125
2 0.0224609375 0.9697265625 0.013671875 0.021484375
2 0.2265625 0.96484375 0.01953125 0.02734375
2 0.205078125 0.96484375 0.01953125 0.02734375
2 0.1708984375 0.96484375 0.037109375 0.02734375
2 0.1279296875 0.9658203125 0.041015625 0.029296875
2 0.0966796875 0.96484375 0.017578125 0.02734375
2 0.0751953125 0.9658203125 0.013671875 0.029296875
2 0.0537109375 0.9658203125 0.013671875 0.029296875
2 0.7333984375 0.6689453125 0.037109375 0.009765625
2 0.7646484375 0.6591796875 0.017578125 0.009765625
2 0.8037109375 0.6259765625 0.001953125 0.001953125
2 0.2109375 0.5419921875 0.0078125 0.005859375
2 0.3994140625 0.5771484375 0.564453125 0.181640625
2 0.521484375 0.4599609375 0.125 0.009765625
2 0.72265625 0.47265625 0.19921875 0.26171875