2 0.969 0.8165 0.002 0.003
2 0.962 0.817 0.004 0.004
2 0.0265 0.8155 0.001 0.003
2 0.012 0.8155 0.002 0.007
2 0.9685 0.8095 0.001 0.003
2 0.0125 0.8075 0.001 0.001
2 0.0225 0.81 0.005 0.016
2 0.9965 0.8105 0.007 0.019
2 0.939 0.801 0.002 0.002
2 0.92 0.801 0.002 0.004
2 0.969 0.8015 0.002 0.007
2 0.0285 0.7985 0.001 0.005
2 0.042 0.797 0.004 0.014
2 0.024 0.7885 0.002 0.003
2 0.014 0.795 0.004 0.016
2 0.931 0.7835 0.002 0.003
2 0.0745 0.798 0.013 0.044
2 0.0325 0.768 0.001 0.002
2 0.9385 0.779 0.009 0.026
2 0.038 0.789 0.014 0.06
2 0.1965 0.7565 0.005 0.003
2 0.9475 0.7455 0.003 0.007
2 0.988 0.772 0.024 0.094
2 0.062 0.728 0.002 0.006
2 0.0595 0.772 0.017 0.096
2 0.962 0.7155 0.004 0.007
2 0.954 0.7605 0.072 0.119
2 0.979 0.695 0.004 0.004
2 0.9895 0.6925 0.003 0.009
2 0.0795 0.7195 0.011 0.069
2 0.9855 0.6805 0.003 0.003
2 0.0835 0.681 0.003 0.006
2 0.085 0.675 0.002 0.004
2 0.086 0.662 0.002 0.01
2 0.9865 0.6545 0.001 0.003
2 0.962 0.6555 0.002 0.005
2 0.0875 0.646 0.003 0.008
2 0.9775 0.641 0.003 0.006
2 0.9785 0.634 0.001 0.002
2 0.0875 0.635 0.005 0.008
2 0.9885 0.626 0.001 0.002
2 0.9795 0.62 0.001 0.002
2 0.9815 0.606 0.005 0.01
2 0.2535 0.602 0.003 0.012
2 0.089 0.6065 0.006 0.031
2 0.0775 0.588 0.001 0.002
2 0.984 0.586 0.002 0.008
2 0.279 0.581 0.002 0.004
2 0.0925 0.581 0.003 0.016
2 0.984 0.574 0.002 0.004
2 0.078 0.5715 0.002 0.007
2 0.9845 0.5625 0.001 0.003
2 0.279 0.5655 0.004 0.011
2 0.267 0.5615 0.002 0.003
2 0.2995 0.568 0.003 0.02
2 0.3075 0.5575 0.001 0.005
2 0.0795 0.558 0.003 0.006
2 0.2905 0.5525 0.001 0.003
2 0.2675 0.55 0.001 0.006
2 0.308 0.5495 0.002 0.007
2 0.0565 0.545 0.003 0.006
2 0.0505 0.5435 0.001 0.003
2 0.2545 0.5675 0.005 0.053
2 0.268 0.5345 0.002 0.009
2 0.301 0.541 0.004 0.03
2 0.2895 0.529 0.005 0.022
2 0.9865 0.5345 0.007 0.045
2 0.988 0.5055 0.002 0.003
2 0.982 0.505 0.004 0.004
2 0.164 0.504 0.002 0.002
2 0.167 0.502 0.002 0.002
2 0.302 0.5085 0.004 0.017
2 0.1195 0.6265 0.149 0.253
2 0.3035 0.494 0.003 0.006
2 0.1425 0.493 0.015 0.008
2 0.0255 0.498 0.039 0.044
2 0.1845 0.479 0.027 0.02
2 0.1435 0.476 0.033 0.016
2 0.112 0.466 0.006 0.016
2 0.232 0.461 0.008 0.012
2 0.985 0.4515 0.002 0.001
2 0.129 0.4575 0.004 0.013
2 0.2345 0.4475 0.001 0.001
2 0.2345 0.439 0.003 0.008
2 0.1325 0.425 0.001 0.004
2 0.2365 0.426 0.003 0.008
2 0.1325 0.419 0.001 0.006
2 0.5495 0.4135 0.001 0.001
2 0.1835 0.426 0.083 0.08
2 0.476 0.3855 0.014 0.013
2 0.485 0.357 0.03 0.032
2 0.3015 0.3375 0.001 0.005
2 0.3495 0.3275 0.001 0.005
2 0.4045 0.3205 0.001 0.001
2 0.3725 0.3215 0.001 0.005
2 0.416 0.316 0.002 0.008
2 0.482 0.311 0.002 0.002
2 0.373 0.3125 0.002 0.005
2 0.3505 0.31 0.001 0.002
2 0.599 0.303 0.002 0.006
2 0.395 0.303 0.002 0.01
2 0.3735 0.298 0.001 0.002
2 0.5705 0.302 0.003 0.014
2 0.6085 0.2965 0.001 0.007
2 0.3735 0.292 0.001 0.002
2 0.4405 0.3455 0.039 0.115
2 0.5985 0.2865 0.001 0.003
2 0.6275 0.289 0.001 0.01
2 0.5225 0.2955 0.003 0.025
2 0.4395 0.284 0.001 0.002
2 0.501 0.2835 0.002 0.003
2 0.618 0.2885 0.002 0.015
2 0.4695 0.2845 0.001 0.007
2 0.546 0.3245 0.008 0.095
2 0.4795 0.28 0.001 0.006
2 0.501 0.2755 0.002 0.007
2 0.6085 0.2785 0.001 0.015
2 0.548 0.2705 0.002 0.007
2 0.4795 0.2705 0.001 0.007
2 0.5115 0.2825 0.003 0.045
2 0.375 0.273 0.002 0.026
2 0.536 0.2755 0.002 0.033
2 0.598 0.256 0.002 0.002
2 0.657 0.257 0.002 0.006
2 0.4625 0.2535 0.001 0.001
2 0.6975 0.2545 0.003 0.011
2 0.522 0.2605 0.002 0.025
2 0.4795 0.255 0.001 0.014
2 0.5115 0.251 0.003 0.01
2 0.4615 0.2425 0.001 0.001
2 0.5215 0.239 0.001 0.006
2 0.4955 0.268 0.017 0.064
2 0.5895 0.2355 0.001 0.003
2 0.522 0.232 0.002 0.002
2 0.462 0.233 0.002 0.008
2 0.5585 0.2945 0.007 0.137
2 0.512 0.226 0.002 0.006
2 0.491 0.2225 0.002 0.005
2 0.5125 0.22 0.001 0.004
2 0.463 0.2155 0.002 0.005
2 0.463 0.2005 0.002 0.003
2 0.5125 0.199 0.001 0.004
2 0.7095 0.1955 0.001 0.001
2 0.5415 0.505 0.917 0.632
2 0.463 0.186 0.002 0.004