2 0.498 0.7886029411764706 0.004 0.003676470588235294
2 0.414 0.7959558823529411 0.016 0.01838235294117647
2 0.391 0.7886029411764706 0.002 0.003676470588235294
2 0.375 0.78125 0.002 0.003676470588235294
2 0.327 0.7518382352941176 0.002 0.003676470588235294
2 0.525 0.7573529411764706 0.046 0.058823529411764705
2 0.382 0.7573529411764706 0.044 0.058823529411764705
2 0.249 0.7610294117647058 0.074 0.07352941176470588
2 0.637 0.6746323529411765 0.002 0.003676470588235294
2 0.706 0.6930147058823529 0.052 0.0625
2 0.825 0.65625 0.002 0.003676470588235294
2 0.58 0.6121323529411765 0.004 0.01838235294117647
2 0.844 0.625 0.032 0.058823529411764705
2 0.874 0.6158088235294118 0.032 0.05514705882352941
2 0.831 0.6378676470588235 0.218 0.1875
2 0.589 0.5716911764705882 0.014 0.05514705882352941
2 0.647 0.59375 0.082 0.11397058823529412
2 0.696 0.5238970588235294 0.012 0.03308823529411765
2 0.626 0.4650735294117647 0.004 0.003676470588235294
2 0.643 0.49264705882352944 0.094 0.09558823529411764
2 0.903 0.4172794117647059 0.01 0.03308823529411765
2 0.597 0.25183823529411764 0.006 0.011029411764705883
2 0.24 0.23897058823529413 0.004 0.007352941176470588
2 0.631 0.22977941176470587 0.002 0.003676470588235294
2 0.353 0.23897058823529413 0.022 0.022058823529411766
2 0.641 0.22242647058823528 0.006 0.011029411764705883
2 0.491 0.20772058823529413 0.018 0.011029411764705883
2 0.2 0.23529411764705882 0.036 0.0661764705882353
2 0.24 0.18198529411764705 0.004 0.003676470588235294
2 0.903 0.18382352941176472 0.01 0.014705882352941176
2 0.289 0.16176470588235295 0.082 0.029411764705882353
2 0.939 0.3125 0.098 0.375
2 0.476 0.1213235294117647 0.04 0.014705882352941176
2 0.522 0.11029411764705882 0.048 0.014705882352941176
2 0.579 0.09375 0.05 0.01838235294117647
2 0.642 0.07536764705882353 0.004 0.003676470588235294
2 0.752 0.07352941176470588 0.008 0.007352941176470588
2 0.703 0.05330882352941176 0.018 0.011029411764705883
2 0.469 0.43933823529411764 0.922 0.8492647058823529