2 0.8076315789473684 0.9235087719298246 0.0015789473684210526 0.0014035087719298245
2 0.6371052631578947 0.8277192982456141 0.0005263157894736842 0.0007017543859649122
2 0.6181578947368421 0.8084210526315789 0.0015789473684210526 0.0014035087719298245
2 0.5994736842105263 0.7884210526315789 0.003157894736842105 0.002105263157894737
2 0.6026315789473684 0.7870175438596492 0.0010526315789473684 0.0007017543859649122
2 0.5828947368421052 0.7670175438596492 0.002631578947368421 0.0014035087719298245
2 0.5326315789473685 0.6782456140350878 0.0010526315789473684 0.0007017543859649122
2 0.5368421052631579 0.6775438596491228 0.002105263157894737 0.0007017543859649122
2 0.5263157894736842 0.6326315789473684 0.0010526315789473684 0.0007017543859649122
2 0.16894736842105262 0.6164912280701754 0.0010526315789473684 0.002105263157894737
2 0.18657894736842107 0.5996491228070175 0.0015789473684210526 0.002105263157894737
2 0.5226315789473684 0.588421052631579 0.0010526315789473684 0.0007017543859649122
2 0.21078947368421053 0.5785964912280702 0.002631578947368421 0.0035087719298245615
2 0.21789473684210525 0.5740350877192982 0.002105263157894737 0.0014035087719298245
2 0.16210526315789472 0.5768421052631579 0.021052631578947368 0.014035087719298246
2 0.22473684210526315 0.5680701754385965 0.0010526315789473684 0.002105263157894737
2 0.5186842105263157 0.5659649122807018 0.0015789473684210526 0.0007017543859649122
2 0.5163157894736842 0.5649122807017544 0.0010526315789473684 0.0014035087719298245
2 0.5202631578947369 0.5445614035087719 0.007894736842105263 0.004210526315789474
2 0.7702631578947369 0.5301754385964912 0.0005263157894736842 0.0007017543859649122
2 0.526578947368421 0.5259649122807017 0.0005263157894736842 0.0007017543859649122
2 0.8947368421052632 0.5235087719298246 0.0010526315789473684 0.0014035087719298245
2 0.5176315789473684 0.519298245614035 0.0036842105263157894 0.007017543859649123
2 0.8771052631578947 0.5056140350877193 0.002631578947368421 0.002105263157894737
2 0.845 0.5814035087719298 0.17210526315789473 0.1550877192982456
2 0.5347368421052632 0.48596491228070177 0.0010526315789473684 0.0007017543859649122
2 0.5297368421052632 0.4824561403508772 0.005789473684210527 0.004912280701754386
2 0.5434210526315789 0.4691228070175439 0.0005263157894736842 0.0007017543859649122
2 0.5381578947368421 0.4649122807017544 0.0036842105263157894 0.0035087719298245615
2 0.5489473684210526 0.4417543859649123 0.0010526315789473684 0.0007017543859649122
2 0.5586842105263158 0.43298245614035086 0.002631578947368421 0.002807017543859649
2 0.593421052631579 0.387719298245614 0.0005263157894736842 0.0007017543859649122
2 0.47368421052631576 0.3849122807017544 0.016842105263157894 0.0077192982456140355
2 0.6057894736842105 0.37087719298245614 0.002105263157894737 0.002105263157894737
2 0.6086842105263158 0.3687719298245614 0.002631578947368421 0.002105263157894737
2 0.6202631578947368 0.36105263157894735 0.0005263157894736842 0.0007017543859649122
2 0.6221052631578947 0.3585964912280702 0.0010526315789473684 0.0014035087719298245
2 0.6360526315789473 0.3508771929824561 0.0005263157894736842 0.0014035087719298245
2 0.6392105263157895 0.34771929824561404 0.0036842105263157894 0.002105263157894737
2 0.671578947368421 0.33087719298245616 0.0010526315789473684 0.0007017543859649122
2 0.7102631578947368 0.3175438596491228 0.0005263157894736842 0.0007017543859649122
2 0.7305263157894737 0.31333333333333335 0.002105263157894737 0.002105263157894737
2 0.6734210526315789 0.11052631578947368 0.0005263157894736842 0.0007017543859649122
2 0.6842105263157895 0.11122807017543859 0.017894736842105262 0.0077192982456140355
2 0.55 0.11052631578947368 0.016842105263157894 0.0077192982456140355
2 0.5 0.5 1.0 1.0