2 0.482421875 0.2755632582322357 0.013671875 0.02079722703639515
2 0.50341796875 0.2703639514731369 0.0146484375 0.024263431542461005
2 0.46044921875 0.2703639514731369 0.0146484375 0.024263431542461005
2 0.80078125 0.2781629116117851 0.025390625 0.043327556325823226
2 0.5224609375 0.2530329289428076 0.015625 0.02772963604852686
2 0.44140625 0.2538994800693241 0.015625 0.029462738301559793
2 0.849609375 0.24263431542461006 0.025390625 0.045060658578856154
2 0.75244140625 0.24263431542461006 0.0244140625 0.045060658578856154
2 0.537109375 0.2270363951473137 0.015625 0.02772963604852686
2 0.4267578125 0.2270363951473137 0.015625 0.02772963604852686
2 0.1953125 0.23570190641247835 0.041015625 0.0831889081455806
2 0.1328125 0.23570190641247835 0.041015625 0.0831889081455806
2 0.54638671875 0.1949740034662045 0.0146484375 0.025996533795493933
2 0.41796875 0.19410745233968804 0.013671875 0.024263431542461005
2 0.5498046875 0.1559792027729636 0.01171875 0.024263431542461005
2 0.4140625 0.1559792027729636 0.01171875 0.024263431542461005
2 0.375 0.1464471403812825 0.01171875 0.005199306759098787
2 0.16357421875 0.1559792027729636 0.0166015625 0.03119584055459272
2 0.732421875 0.15684575389948008 0.025390625 0.043327556325823226
2 0.869140625 0.1559792027729636 0.025390625 0.045060658578856154
2 0.37841796875 0.1265164644714038 0.0087890625 0.006932409012131715
2 0.2119140625 0.1559792027729636 0.044921875 0.07279029462738301
2 0.11572265625 0.1559792027729636 0.0439453125 0.07279029462738301
2 0.69384765625 0.12305025996533796 0.0048828125 0.010398613518197574
2 0.6904296875 0.11871750433275563 0.001953125 0.0017331022530329288
2 0.80078125 0.15684575389948008 0.056640625 0.09878682842287695
2 0.54638671875 0.11785095320623917 0.0146484375 0.024263431542461005
2 0.41748046875 0.11785095320623917 0.0126953125 0.024263431542461005
2 0.38134765625 0.10745233968804159 0.0068359375 0.006932409012131715
2 0.48193359375 0.1559792027729636 0.0654296875 0.11438474870017332
2 0.384765625 0.08925476603119584 0.005859375 0.005199306759098787
2 0.537109375 0.08492201039861352 0.015625 0.02772963604852686
2 0.42724609375 0.08492201039861352 0.0146484375 0.02772963604852686
2 0.849609375 0.07019064124783363 0.025390625 0.043327556325823226
2 0.75244140625 0.07019064124783363 0.0244140625 0.043327556325823226
2 0.44189453125 0.05979202772963605 0.0146484375 0.025996533795493933
2 0.5224609375 0.058925476603119586 0.015625 0.02772963604852686
2 0.1328125 0.07712305025996534 0.0390625 0.08145580589254767
2 0.19482421875 0.07625649913344887 0.0400390625 0.0831889081455806
2 0.46044921875 0.04246100519930676 0.0146484375 0.022530329289428077
2 0.50390625 0.0415944540727903 0.013671875 0.024263431542461005
2 0.56787109375 0.03466204506065858 0.0107421875 0.01386481802426343
2 0.48193359375 0.036395147313691506 0.0126953125 0.02079722703639515
2 0.80078125 0.03552859618717504 0.025390625 0.043327556325823226
2 0.5595703125 0.019064124783362217 0.0078125 0.01386481802426343
2 0.55029296875 0.006932409012131715 0.0068359375 0.01386481802426343
2 0.53857421875 0.0008665511265164644 0.0009765625 0.0017331022530329288
2 0.24072265625 0.02079722703639515 0.0244140625 0.0415944540727903
2 0.5 0.5 1.0 1.0