2 0.45916666666666667 0.8108333333333333 0.008333333333333333 0.0016666666666666668
2 0.5041666666666667 0.8016666666666666 0.005 0.0033333333333333335
2 0.63 0.6325 0.02 0.011666666666666667
2 0.4766666666666667 0.6225 0.09666666666666666 0.12833333333333333
2 0.6375 0.5516666666666666 0.008333333333333333 0.006666666666666667
2 0.6525 0.5325 0.0016666666666666668 0.0016666666666666668
2 0.66 0.5291666666666667 0.01 0.008333333333333333
2 0.4041666666666667 0.5783333333333334 0.051666666666666666 0.16333333333333333
2 0.41083333333333333 0.4483333333333333 0.0016666666666666668 0.0033333333333333335
2 0.5558333333333333 0.4816666666666667 0.105 0.13666666666666666
2 0.41833333333333333 0.39 0.0033333333333333335 0.0033333333333333335
2 0.7575 0.4608333333333333 0.03833333333333333 0.14833333333333334
2 0.42333333333333334 0.3825 0.013333333333333334 0.011666666666666667
2 0.4091666666666667 0.3725 0.011666666666666667 0.005
2 0.29333333333333333 0.335 0.006666666666666667 0.04666666666666667
2 0.3541666666666667 0.5616666666666666 0.195 0.5033333333333333
2 0.2841666666666667 0.2425 0.005 0.005
2 0.2808333333333333 0.23166666666666666 0.005 0.0033333333333333335
2 0.40166666666666667 0.2025 0.0033333333333333335 0.0016666666666666668
2 0.31583333333333335 0.19833333333333333 0.005 0.0033333333333333335
2 0.365 0.22083333333333333 0.18 0.07833333333333334
2 0.3016666666666667 0.18666666666666668 0.04 0.02