2 0.518 0.847 0.004 0.002
2 0.487 0.842 0.01 0.008
2 0.502 0.833 0.016 0.006
2 0.462 0.83 0.008 0.004
2 0.665 0.807 0.002 0.002
2 0.693 0.791 0.01 0.018
2 0.512 0.775 0.004 0.006
2 0.48 0.775 0.008 0.006
2 0.403 0.747 0.002 0.002
2 0.326 0.694 0.004 0.004
2 0.722 0.684 0.004 0.004
2 0.306 0.672 0.004 0.004
2 0.29 0.648 0.008 0.004
2 0.254 0.565 0.004 0.002
2 0.25 0.538 0.008 0.008
2 0.783 0.521 0.006 0.006
2 0.815 0.518 0.002 0.004
2 0.841 0.502 0.002 0.004
2 0.829 0.497 0.014 0.014
2 0.838 0.47 0.004 0.008
2 0.827 0.466 0.002 0.004
2 0.287 0.38 0.002 0.004
2 0.286 0.369 0.004 0.01
2 0.218 0.367 0.008 0.01
2 0.302 0.346 0.008 0.012
2 0.32 0.325 0.008 0.014
2 0.517 0.509 0.514 0.51
2 0.552 0.241 0.008 0.006
2 0.521 0.24 0.01 0.008