2 0.35977859778597787 0.945 0.01107011070110701 0.005
2 0.3118081180811808 0.93375 0.007380073800738007 0.0075
2 0.6946494464944649 0.91125 0.02029520295202952 0.0075
2 0.6854243542435424 0.895 0.016605166051660517 0.015
2 0.3016605166051661 0.9325 0.18265682656826568 0.115
2 0.6494464944649446 0.88125 0.02214022140221402 0.0325
2 0.25830258302583026 0.87875 0.01845018450184502 0.0275
2 0.3477859778597786 0.8675 0.005535055350553505 0.01
2 0.7343173431734318 0.86625 0.02214022140221402 0.0175
2 0.3339483394833948 0.86625 0.014760147601476014 0.0175
2 0.26383763837638374 0.855 0.0036900369003690036 0.005
2 0.6549815498154982 0.855 0.0036900369003690036 0.01
2 0.32564575645756455 0.83875 0.0018450184501845018 0.0025
2 0.7149446494464945 0.82125 0.00922509225092251 0.0075
2 0.32287822878228783 0.82 0.007380073800738007 0.01
2 0.6845018450184502 0.84375 0.055350553505535055 0.0675
2 0.2924354243542435 0.84 0.04981549815498155 0.07
2 0.6881918819188192 0.8025 0.01845018450184502 0.015
2 0.6568265682656826 0.79625 0.0036900369003690036 0.0025
2 0.2988929889298893 0.80125 0.01845018450184502 0.0175
2 0.2666051660516605 0.7925 0.0018450184501845018 0.005
2 0.690959409594096 0.78375 0.0018450184501845018 0.0025
2 0.7398523985239852 0.7925 0.01845018450184502 0.03
2 0.34870848708487084 0.7925 0.01845018450184502 0.03
2 0.3007380073800738 0.78 0.0036900369003690036 0.005
2 0.6383763837638377 0.765 0.014760147601476014 0.025
2 0.2481549815498155 0.76375 0.012915129151291513 0.0225
2 0.6937269372693727 0.86 0.2029520295202952 0.26
2 0.6946494464944649 0.7525 0.03505535055350553 0.055
2 0.28136531365313655 0.74375 0.00922509225092251 0.0425
2 0.3053505535055351 0.745 0.03874538745387454 0.065
2 0.6743542435424354 0.735 0.012915129151291513 0.06
2 0.7140221402214022 0.64125 0.04428044280442804 0.0275
2 0.6808118081180812 0.635 0.01845018450184502 0.02
2 0.34317343173431736 0.61 0.0036900369003690036 0.01
2 0.32656826568265684 0.61875 0.02214022140221402 0.0275
2 0.30904059040590404 0.6125 0.00922509225092251 0.015
2 0.2915129151291513 0.61375 0.01845018450184502 0.0175
2 0.25276752767527677 0.60625 0.0036900369003690036 0.0025
2 0.6632841328413284 0.62 0.05350553505535055 0.04
2 0.6577490774907749 0.5975 0.00922509225092251 0.015
2 0.26845018450184505 0.6025 0.023985239852398525 0.03
2 0.257380073800738 0.58625 0.005535055350553505 0.0075
2 0.28505535055350556 0.5825 0.005535055350553505 0.01
2 0.2693726937269373 0.57625 0.007380073800738007 0.0125
2 0.6743542435424354 0.56875 0.0018450184501845018 0.0025
2 0.6872693726937269 0.5675 0.0018450184501845018 0.005
2 0.22509225092250923 0.59625 0.007380073800738007 0.0875
2 0.7749077490774908 0.5925 0.007380073800738007 0.11
2 0.3865313653136531 0.5825 0.00922509225092251 0.12
2 0.3219557195571956 0.52375 0.0018450184501845018 0.0025
2 0.6088560885608856 0.58 0.01107011070110701 0.15
2 0.4418819188191882 0.47625 0.0018450184501845018 0.0025
2 0.6918819188191881 0.56125 0.3505535055350554 0.2475
2 0.6863468634686347 0.42625 0.05166051660516605 0.0225
2 0.6466789667896679 0.425 0.023985239852398525 0.02
2 0.7269372693726938 0.40125 0.04059040590405904 0.0225
2 0.6817343173431735 0.4 0.042435424354243544 0.02
2 0.6309963099630996 0.3975 0.05166051660516605 0.02
2 0.8007380073800738 0.38875 0.0036900369003690036 0.0075
2 0.7979704797047971 0.3625 0.0018450184501845018 0.005
2 0.6881918819188192 0.32625 0.02214022140221402 0.0075
2 0.2370848708487085 0.2525 0.00922509225092251 0.025
2 0.3210332103321033 0.23375 0.0036900369003690036 0.0075
2 0.7785977859778598 0.23875 0.007380073800738007 0.0225
2 0.3053505535055351 0.46 0.34870848708487084 0.465
2 0.7795202952029521 0.22 0.005535055350553505 0.01
2 0.6743542435424354 0.22375 0.005535055350553505 0.0225
2 0.8007380073800738 0.26375 0.007380073800738007 0.1625
2 0.3053505535055351 0.2025 0.07564575645756458 0.04
2 0.7804428044280443 0.1875 0.007380073800738007 0.035
2 0.6033210332103321 0.1975 0.04059040590405904 0.055
2 0.6817343173431735 0.2625 0.11254612546125461 0.22
2 0.6309963099630996 0.12625 0.0036900369003690036 0.0025
2 0.709409594095941 0.12 0.005535055350553505 0.01
2 0.6845018450184502 0.12375 0.03690036900369004 0.0225
2 0.6531365313653137 0.12 0.01845018450184502 0.015
2 0.6014760147601476 0.11375 0.007380073800738007 0.0075
2 0.6485239852398524 0.08875 0.00922509225092251 0.0125
2 0.6245387453874539 0.1 0.042435424354243544 0.055
2 0.7075645756457565 0.07375 0.17896678966789667 0.1025