2 0.80078125 0.91953125 0.0203125 0.0140625
2 0.54296875 0.859375 0.0015625 0.003125
2 0.784375 0.84453125 0.003125 0.0046875
2 0.85 0.8046875 0.003125 0.003125
2 0.1140625 0.7390625 0.00625 0.00625
2 0.721875 0.8265625 0.134375 0.203125
2 0.37421875 0.77265625 0.2703125 0.3203125
2 0.74375 0.65859375 0.10625 0.1203125
2 0.140625 0.75625 0.140625 0.359375
2 0.16796875 0.58203125 0.0046875 0.0234375
2 0.57734375 0.74765625 0.1921875 0.3609375
2 0.9015625 0.74375 0.184375 0.3625
2 0.85625 0.57109375 0.00625 0.0234375
2 0.409375 0.559375 0.028125 0.0125
2 0.871875 0.53515625 0.040625 0.0296875
2 0.790625 0.53515625 0.040625 0.0328125
2 0.55 0.51171875 0.009375 0.0109375
2 0.32421875 0.490625 0.0078125 0.00625
2 0.09453125 0.48515625 0.0015625 0.0015625
2 0.41875 0.4890625 0.003125 0.0125
2 0.5453125 0.4828125 0.0125 0.0125
2 0.4390625 0.49296875 0.0125 0.0484375
2 0.41484375 0.47265625 0.0109375 0.0109375
2 0.55078125 0.46171875 0.0078125 0.0078125
2 0.55234375 0.45234375 0.0046875 0.0046875
2 0.31953125 0.45234375 0.0046875 0.0046875
2 0.42109375 0.446875 0.0078125 0.00625
2 0.54765625 0.44375 0.0046875 0.003125
2 0.31953125 0.440625 0.0078125 0.009375
2 0.4203125 0.434375 0.003125 0.003125
2 0.33125 0.41171875 0.028125 0.0453125
2 0.79296875 0.37734375 0.0109375 0.0140625
2 0.3453125 0.3390625 0.00625 0.015625
2 0.4953125 0.428125 0.128125 0.271875
2 0.37890625 0.4203125 0.1421875 0.284375
2 0.178125 0.4203125 0.221875 0.29375
2 0.83515625 0.40234375 0.1234375 0.2921875
2 0.65703125 0.40546875 0.1734375 0.3046875
2 0.5109375 0.265625 0.028125 0.040625
2 0.27421875 0.2015625 0.0328125 0.028125
2 0.2421875 0.20234375 0.021875 0.0296875
2 0.21796875 0.20234375 0.0203125 0.0296875
2 0.19296875 0.2015625 0.0234375 0.028125
2 0.16015625 0.2015625 0.0328125 0.028125
2 0.128125 0.20234375 0.021875 0.0296875
2 0.103125 0.2015625 0.01875 0.028125
2 0.07734375 0.2015625 0.0140625 0.028125