2 0.6914893617021277 0.2713270142180095 0.002364066193853428 0.004739336492890996
2 0.5573286052009456 0.25770142180094785 0.0035460992907801418 0.0035545023696682463
2 0.30200945626477543 0.2553317535545024 0.001182033096926714 0.001184834123222749
2 0.6885342789598109 0.259478672985782 0.0035460992907801418 0.011848341232227487
2 0.6861702127659575 0.25118483412322273 0.001182033096926714 0.002369668246445498
2 0.5567375886524822 0.24466824644549762 0.002364066193853428 0.0035545023696682463
2 0.5490543735224587 0.2387440758293839 0.0035460992907801418 0.005924170616113744
2 0.5531914893617021 0.23222748815165878 0.002364066193853428 0.002369668246445498
2 0.557919621749409 0.22808056872037916 0.002364066193853428 0.001184834123222749
2 0.5460992907801419 0.2268957345971564 0.01182033096926714 0.0035545023696682463
2 0.6778959810874704 0.22393364928909953 0.001182033096926714 0.002369668246445498
2 0.5555555555555556 0.22274881516587677 0.004728132387706856 0.0071090047393364926
2 0.5750591016548463 0.20734597156398105 0.024822695035460994 0.014218009478672985
2 0.425531914893617 0.19609004739336494 0.002364066193853428 0.001184834123222749
2 0.5656028368794326 0.18898104265402843 0.001182033096926714 0.001184834123222749
2 0.4698581560283688 0.16528436018957346 0.010638297872340425 0.008293838862559242
2 0.49940898345153667 0.1593601895734597 0.013002364066193853 0.005924170616113744
2 0.4958628841607565 0.14869668246445497 0.001182033096926714 0.001184834123222749
2 0.47458628841607564 0.14988151658767773 0.015366430260047281 0.01066350710900474
2 0.47044917257683216 0.13803317535545023 0.0070921985815602835 0.008293838862559242
2 0.5289598108747045 0.139218009478673 0.013002364066193853 0.015402843601895734
2 0.5319148936170213 0.13033175355450238 0.004728132387706856 0.002369668246445498
2 0.5319148936170213 0.12026066350710901 0.009456264775413711 0.01066350710900474
2 0.4739952718676123 0.125 0.018912529550827423 0.02014218009478673
2 0.5218676122931442 0.11433649289099526 0.008274231678486997 0.0035545023696682463
2 0.5336879432624113 0.11196682464454977 0.001182033096926714 0.001184834123222749
2 0.4722222222222222 0.11018957345971564 0.015366430260047281 0.011848341232227487
2 0.6578014184397163 0.17180094786729858 0.06973995271867613 0.14454976303317535
2 0.5260047281323877 0.09597156398104266 0.002364066193853428 0.002369668246445498
2 0.4988179669030733 0.4040284360189573 0.6619385342789598 0.6232227488151659
2 0.5348699763593381 0.09893364928909952 0.008274231678486997 0.015402843601895734
2 0.4988179669030733 0.07464454976303317 0.09456264775413711 0.05687203791469194
2 0.5106382978723404 0.04206161137440758 0.002364066193853428 0.001184834123222749
2 0.49763593380614657 0.04265402843601896 0.014184397163120567 0.002369668246445498