2 0.48125 0.6944444444444444 0.001388888888888889 0.005555555555555556
2 0.4986111111111111 0.59375 0.002777777777777778 0.001388888888888889
2 0.5034722222222222 0.5888888888888889 0.004166666666666667 0.005555555555555556
2 0.4951388888888889 0.5819444444444445 0.001388888888888889 0.002777777777777778
2 0.5159722222222223 0.63125 0.07361111111111111 0.10416666666666667
2 0.5125 0.5770833333333333 0.008333333333333333 0.009722222222222222
2 0.47708333333333336 0.5729166666666666 0.001388888888888889 0.001388888888888889
2 0.49444444444444446 0.5708333333333333 0.002777777777777778 0.002777777777777778
2 0.5020833333333333 0.5638888888888889 0.009722222222222222 0.008333333333333333
2 0.6770833333333334 0.5493055555555556 0.001388888888888889 0.001388888888888889
2 0.4965277777777778 0.5506944444444445 0.006944444444444444 0.004166666666666667
2 0.4756944444444444 0.5479166666666667 0.001388888888888889 0.001388888888888889
2 0.65 0.5527777777777778 0.027777777777777776 0.027777777777777776
2 0.6729166666666667 0.5402777777777777 0.009722222222222222 0.019444444444444445
2 0.6277777777777778 0.5277777777777778 0.04722222222222222 0.05555555555555555
2 0.5722222222222222 0.46805555555555556 0.005555555555555556 0.002777777777777778
2 0.5951388888888889 0.45069444444444445 0.006944444444444444 0.004166666666666667
2 0.5791666666666667 0.45694444444444443 0.016666666666666666 0.016666666666666666
2 0.74375 0.44513888888888886 0.004166666666666667 0.004166666666666667
2 0.73125 0.43680555555555556 0.001388888888888889 0.001388888888888889
2 0.7208333333333333 0.425 0.002777777777777778 0.002777777777777778
2 0.4965277777777778 0.4270833333333333 0.02638888888888889 0.0125
2 0.7111111111111111 0.4166666666666667 0.013888888888888888 0.008333333333333333
2 0.5951388888888889 0.425 0.02361111111111111 0.03333333333333333
2 0.5694444444444444 0.46111111111111114 0.11388888888888889 0.10555555555555556
2 0.6069444444444444 0.41041666666666665 0.016666666666666666 0.018055555555555554
2 0.6138888888888889 0.40694444444444444 0.027777777777777776 0.022222222222222223
2 0.40347222222222223 0.6083333333333333 0.4097222222222222 0.45555555555555555
2 0.5784722222222223 0.38263888888888886 0.020833333333333332 0.018055555555555554
2 0.5395833333333333 0.38333333333333336 0.04027777777777778 0.030555555555555555
2 0.5583333333333333 0.36666666666666664 0.025 0.016666666666666666
2 0.6590277777777778 0.3715277777777778 0.03194444444444444 0.029166666666666667
2 0.6277777777777778 0.4388888888888889 0.13055555555555556 0.19444444444444445
2 0.6416666666666667 0.3506944444444444 0.019444444444444445 0.020833333333333332
2 0.7458333333333333 0.36666666666666664 0.5083333333333333 0.44166666666666665