2 0.5439453125 0.814453125 0.001953125 0.001953125
2 0.53857421875 0.81201171875 0.0087890625 0.0068359375
2 0.5576171875 0.8056640625 0.0078125 0.009765625
2 0.583984375 0.79931640625 0.00390625 0.0048828125
2 0.5927734375 0.7978515625 0.00390625 0.005859375
2 0.57421875 0.80078125 0.01171875 0.013671875
2 0.48583984375 0.798828125 0.0048828125 0.009765625
2 0.6044921875 0.79296875 0.005859375 0.005859375
2 0.48876953125 0.79345703125 0.0048828125 0.0068359375
2 0.59228515625 0.78955078125 0.0009765625 0.0009765625
2 0.55419921875 0.78857421875 0.0009765625 0.0009765625
2 0.54541015625 0.77978515625 0.0498046875 0.0244140625
2 0.58740234375 0.76708984375 0.0302734375 0.0146484375
2 0.55078125 0.75341796875 0.060546875 0.0302734375
2 0.59375 0.73876953125 0.021484375 0.0341796875
2 0.50146484375 0.64990234375 0.0009765625 0.0009765625
2 0.23828125 0.64306640625 0.03515625 0.0302734375
2 0.236328125 0.60205078125 0.03515625 0.0302734375
2 0.23486328125 0.5615234375 0.0361328125 0.03125
2 0.29345703125 0.68310546875 0.3681640625 0.3056640625
2 0.19677734375 0.5224609375 0.0029296875 0.001953125
2 0.556640625 0.53564453125 0.150390625 0.0302734375
2 0.2158203125 0.51416015625 0.00390625 0.0029296875
2 0.2314453125 0.51611328125 0.03515625 0.0087890625
2 0.4287109375 0.51220703125 0.12109375 0.0146484375
2 0.8212890625 0.44873046875 0.009765625 0.0068359375
2 0.814453125 0.4453125 0.001953125 0.001953125
2 0.8271484375 0.44384765625 0.001953125 0.0029296875
2 0.83837890625 0.443359375 0.0087890625 0.009765625
2 0.86376953125 0.4365234375 0.0048828125 0.00390625
2 0.87353515625 0.4345703125 0.0029296875 0.00390625
2 0.85400390625 0.43798828125 0.0126953125 0.0107421875
2 0.88623046875 0.43115234375 0.0068359375 0.0068359375
2 0.83447265625 0.427734375 0.0009765625 0.001953125
2 0.7685546875 0.43359375 0.0078125 0.013671875
2 0.85986328125 0.42333984375 0.0029296875 0.0029296875
2 0.84130859375 0.41259765625 0.0830078125 0.0322265625
2 0.8310546875 0.39013671875 0.060546875 0.0302734375
2 0.8740234375 0.3759765625 0.021484375 0.03515625
2 0.6640625 0.236328125 0.01953125 0.01953125
2 0.6416015625 0.2236328125 0.013671875 0.0078125
2 0.66552734375 0.2197265625 0.0068359375 0.005859375
2 0.6826171875 0.20703125 0.00390625 0.00390625
2 0.84228515625 0.20263671875 0.0009765625 0.0009765625
2 0.6787109375 0.201171875 0.009765625 0.00390625
2 0.63720703125 0.19921875 0.0048828125 0.00390625
2 0.73974609375 0.19384765625 0.0029296875 0.0029296875
2 0.61083984375 0.19091796875 0.0029296875 0.0029296875
2 0.54296875 0.17822265625 0.009765625 0.0048828125
2 0.52001953125 0.1689453125 0.0146484375 0.00390625
2 0.53759765625 0.16455078125 0.0009765625 0.0009765625
2 0.533203125 0.1640625 0.005859375 0.00390625
2 0.57373046875 0.31689453125 0.3681640625 0.3115234375
2 0.501953125 0.1611328125 0.009765625 0.00390625
2 0.83642578125 0.17236328125 0.1494140625 0.0302734375
2 0.66796875 0.15478515625 0.00390625 0.0029296875
2 0.58251953125 0.1484375 0.0029296875 0.001953125
2 0.5400390625 0.1494140625 0.00390625 0.00390625
2 0.65283203125 0.14892578125 0.2353515625 0.0185546875