2 0.23596491228070177 0.6566666666666666 0.01929824561403509 0.013333333333333334
2 0.1570175438596491 0.655 0.015789473684210527 0.01
2 0.27631578947368424 0.645 0.01929824561403509 0.03
2 0.27456140350877195 0.6133333333333333 0.005263157894736842 0.02666666666666667
2 0.24298245614035088 0.6316666666666667 0.01929824561403509 0.06333333333333334
2 0.16578947368421051 0.6333333333333333 0.01929824561403509 0.06666666666666667
2 0.20964912280701756 0.6316666666666667 0.008771929824561403 0.07
2 0.24210526315789474 0.5933333333333334 0.021052631578947368 0.013333333333333334
2 0.19649122807017544 0.6116666666666667 0.010526315789473684 0.05
2 0.16578947368421051 0.5933333333333334 0.01929824561403509 0.013333333333333334
2 0.22631578947368422 0.415 0.10877192982456141 0.15666666666666668
2 0.3587719298245614 0.18666666666666668 0.043859649122807015 0.09333333333333334
2 0.3087719298245614 0.18666666666666668 0.0456140350877193 0.09333333333333334
2 0.2578947368421053 0.18833333333333332 0.04912280701754386 0.09666666666666666
2 0.1850877192982456 0.18833333333333332 0.06842105263157895 0.13
2 0.5043859649122807 0.5 0.8263157894736842 1.0