2 0.3951388888888889 0.8892361111111111 0.001388888888888889 0.0020833333333333333
2 0.49722222222222223 0.8697916666666666 0.004166666666666667 0.0020833333333333333
2 0.5579861111111111 0.8229166666666666 0.0020833333333333333 0.001388888888888889
2 0.3815972222222222 0.8149305555555556 0.00625 0.0020833333333333333
2 0.3885416666666667 0.8128472222222223 0.0006944444444444445 0.0006944444444444445
2 0.35659722222222223 0.8121527777777777 0.0006944444444444445 0.0006944444444444445
2 0.36180555555555555 0.8072916666666666 0.002777777777777778 0.003472222222222222
2 0.39340277777777777 0.7621527777777778 0.004861111111111111 0.004861111111111111
2 0.38506944444444446 0.7510416666666667 0.013194444444444444 0.013194444444444444
2 0.37256944444444445 0.7427083333333333 0.004861111111111111 0.004861111111111111
2 0.38125 0.7413194444444444 0.002777777777777778 0.003472222222222222
2 0.3697916666666667 0.7086805555555555 0.0020833333333333333 0.0020833333333333333
2 0.3638888888888889 0.6621527777777778 0.002777777777777778 0.0020833333333333333
2 0.3559027777777778 0.6454861111111111 0.0006944444444444445 0.0006944444444444445
2 0.5378472222222223 0.6413194444444444 0.0020833333333333333 0.003472222222222222
2 0.5385416666666667 0.6295138888888889 0.003472222222222222 0.007638888888888889
2 0.4822916666666667 0.6225694444444444 0.0020833333333333333 0.003472222222222222
2 0.48125 0.6184027777777777 0.002777777777777778 0.0020833333333333333
2 0.4840277777777778 0.6145833333333334 0.001388888888888889 0.001388888888888889
2 0.5420138888888889 0.6180555555555556 0.003472222222222222 0.0125
2 0.4829861111111111 0.6059027777777778 0.0006944444444444445 0.0006944444444444445
2 0.36319444444444443 0.6052083333333333 0.001388888888888889 0.0020833333333333333
2 0.359375 0.5822916666666667 0.003472222222222222 0.003472222222222222
2 0.36006944444444444 0.5763888888888888 0.003472222222222222 0.004166666666666667
2 0.7777777777777778 0.5597222222222222 0.001388888888888889 0.001388888888888889
2 0.3736111111111111 0.553125 0.004166666666666667 0.009027777777777777
2 0.5975694444444445 0.5368055555555555 0.004861111111111111 0.004166666666666667
2 0.35104166666666664 0.5315972222222223 0.0020833333333333333 0.0020833333333333333
2 0.6020833333333333 0.5305555555555556 0.001388888888888889 0.002777777777777778
2 0.37881944444444443 0.5291666666666667 0.004861111111111111 0.005555555555555556
2 0.8142361111111112 0.5239583333333333 0.0006944444444444445 0.0006944444444444445
2 0.8142361111111112 0.521875 0.0006944444444444445 0.0020833333333333333
2 0.5840277777777778 0.5194444444444445 0.001388888888888889 0.001388888888888889
2 0.8100694444444444 0.5100694444444445 0.0006944444444444445 0.0006944444444444445
2 0.4826388888888889 0.503125 0.001388888888888889 0.0006944444444444445
2 0.3607638888888889 0.5034722222222222 0.0020833333333333333 0.004166666666666667
2 0.36319444444444443 0.5006944444444444 0.001388888888888889 0.001388888888888889
2 0.3541666666666667 0.5006944444444444 0.004166666666666667 0.005555555555555556
2 0.8149305555555556 0.49722222222222223 0.0006944444444444445 0.001388888888888889
2 0.8142361111111112 0.47638888888888886 0.0006944444444444445 0.004166666666666667
2 0.8118055555555556 0.48680555555555555 0.006944444444444444 0.03333333333333333
2 0.8138888888888889 0.4638888888888889 0.001388888888888889 0.004166666666666667
2 0.8107638888888888 0.4642361111111111 0.003472222222222222 0.004861111111111111
2 0.37395833333333334 0.4618055555555556 0.003472222222222222 0.004166666666666667
2 0.3541666666666667 0.4440972222222222 0.002777777777777778 0.004861111111111111
2 0.35208333333333336 0.43680555555555556 0.001388888888888889 0.001388888888888889
2 0.8100694444444444 0.4326388888888889 0.003472222222222222 0.006944444444444444
2 0.8097222222222222 0.4222222222222222 0.004166666666666667 0.008333333333333333
2 0.8079861111111111 0.41354166666666664 0.0006944444444444445 0.0020833333333333333
2 0.8083333333333333 0.409375 0.001388888888888889 0.0020833333333333333
2 0.8079861111111111 0.3972222222222222 0.0020833333333333333 0.002777777777777778
2 0.8065972222222222 0.38333333333333336 0.0020833333333333333 0.002777777777777778
2 0.8048611111111111 0.37256944444444445 0.002777777777777778 0.003472222222222222
2 0.8041666666666667 0.36527777777777776 0.002777777777777778 0.005555555555555556
2 0.3451388888888889 0.33055555555555555 0.001388888888888889 0.004166666666666667
2 0.7972222222222223 0.31875 0.001388888888888889 0.001388888888888889
2 0.35173611111111114 0.24965277777777778 0.003472222222222222 0.003472222222222222
2 0.3763888888888889 0.16909722222222223 0.002777777777777778 0.004861111111111111
2 0.3888888888888889 0.16666666666666666 0.001388888888888889 0.001388888888888889
2 0.515625 0.12291666666666666 0.01597222222222222 0.002777777777777778
2 0.4888888888888889 0.12118055555555556 0.002777777777777778 0.0020833333333333333
2 0.48368055555555556 0.12048611111111111 0.0006944444444444445 0.0006944444444444445
2 0.4798611111111111 0.12048611111111111 0.004166666666666667 0.0020833333333333333
2 0.471875 0.11909722222222222 0.0006944444444444445 0.0006944444444444445
2 0.4326388888888889 0.11944444444444445 0.001388888888888889 0.001388888888888889
2 0.4583333333333333 0.11875 0.004166666666666667 0.001388888888888889
2 0.4513888888888889 0.11840277777777777 0.004166666666666667 0.0006944444444444445
2 0.43819444444444444 0.11805555555555555 0.005555555555555556 0.002777777777777778
2 0.36354166666666665 0.11631944444444445 0.0020833333333333333 0.0006944444444444445
2 0.5107638888888889 0.5180555555555556 0.6090277777777777 0.8041666666666667