2 0.53 0.6872727272727273 0.005454545454545455 0.0036363636363636364
2 0.41545454545454547 0.2990909090909091 0.0018181818181818182 0.005454545454545455
2 0.41818181818181815 0.28454545454545455 0.0036363636363636364 0.00909090909090909
2 0.4409090909090909 0.2672727272727273 0.0018181818181818182 0.0036363636363636364
2 0.5163636363636364 0.5590909090909091 0.44363636363636366 0.5909090909090909
2 0.48818181818181816 0.23545454545454544 0.0018181818181818182 0.0018181818181818182
2 0.44272727272727275 0.23 0.00909090909090909 0.02727272727272727
2 0.5827272727272728 0.2390909090909091 0.023636363636363636 0.056363636363636366
2 0.4918181818181818 0.21818181818181817 0.005454545454545455 0.014545454545454545
2 0.44272727272727275 0.20454545454545456 0.0018181818181818182 0.00909090909090909
2 0.5254545454545455 0.1918181818181818 0.0036363636363636364 0.012727272727272728