2 0.001 0.687 0.002 0.004
2 0.316 0.545 0.0013333333333333333 0.004
2 0.31266666666666665 0.543 0.0013333333333333333 0.002
2 0.32066666666666666 0.531 0.0013333333333333333 0.002
2 0.31766666666666665 0.5275 0.0006666666666666666 0.001
2 0.3263333333333333 0.508 0.0006666666666666666 0.002
2 0.3333333333333333 0.4865 0.0013333333333333333 0.001
2 0.4796666666666667 0.4815 0.002 0.011
2 0.4776666666666667 0.4735 0.0006666666666666666 0.001
2 0.341 0.471 0.0006666666666666666 0.002
2 0.3463333333333333 0.4655 0.0006666666666666666 0.001
2 0.4806666666666667 0.467 0.004 0.012
2 0.479 0.447 0.0006666666666666666 0.002
2 0.473 0.4415 0.0006666666666666666 0.001
2 0.4156666666666667 0.4015 0.0006666666666666666 0.001
2 0.6236666666666667 0.3085 0.002 0.003
2 0.17933333333333334 0.258 0.0013333333333333333 0.002
2 0.17266666666666666 0.2505 0.004 0.005
2 0.16666666666666666 0.244 0.005333333333333333 0.006
2 0.16133333333333333 0.238 0.0013333333333333333 0.002
2 0.08 0.1405 0.16 0.193
2 0.9986666666666667 0.0335 0.0026666666666666666 0.003
2 0.9826666666666667 0.026 0.009333333333333334 0.006
2 0.967 0.0185 0.008666666666666666 0.005
2 0.9486666666666667 0.0125 0.0026666666666666666 0.003
2 0.9276666666666666 0.003 0.002 0.002
2 0.9416666666666667 0.027 0.11666666666666667 0.054
2 0.5 0.5 1.0 1.0