2 0.44033333333333335 0.9268867924528302 0.004666666666666667 0.0033692722371967657
2 0.46266666666666667 0.8645552560646901 0.004 0.0026954177897574125
2 0.5436666666666666 0.862533692722372 0.0033333333333333335 0.0026954177897574125
2 0.5763333333333334 0.8581536388140162 0.002 0.0020215633423180594
2 0.5323333333333333 0.8365902964959568 0.0006666666666666666 0.0006738544474393531
2 0.8783333333333333 0.8180592991913747 0.002 0.0013477088948787063
2 0.8963333333333333 0.8076145552560647 0.0006666666666666666 0.0006738544474393531
2 0.7533333333333333 0.5363881401617251 0.0013333333333333333 0.0013477088948787063
2 0.7566666666666667 0.5303234501347709 0.005333333333333333 0.004043126684636119
2 0.8296666666666667 0.48921832884097033 0.01 0.01078167115902965
2 0.7756666666666666 0.48214285714285715 0.006 0.006064690026954178
2 0.844 0.4720350404312669 0.005333333333333333 0.0047169811320754715
2 0.8546666666666667 0.466644204851752 0.008 0.006064690026954178
2 0.9246666666666666 0.4568733153638814 0.004 0.0026954177897574125
2 0.2663333333333333 0.45451482479784366 0.0033333333333333335 0.0047169811320754715
2 0.30666666666666664 0.4494609164420485 0.0013333333333333333 0.0013477088948787063
2 0.9033333333333333 0.44272237196765496 0.009333333333333334 0.006738544474393531
2 0.9283333333333333 0.4380053908355795 0.0033333333333333335 0.004043126684636119
2 0.9033333333333333 0.4356469002695418 0.004 0.0020215633423180594
2 0.242 0.4356469002695418 0.0026666666666666666 0.0020215633423180594
2 0.937 0.433288409703504 0.0033333333333333335 0.005390835579514825
2 0.065 0.4326145552560647 0.006 0.006738544474393531
2 0.02 0.4275606469002695 0.0013333333333333333 0.0020215633423180594
2 0.012666666666666666 0.4194743935309973 0.004 0.0020215633423180594
2 0.9473333333333334 0.4167789757412399 0.006666666666666667 0.0047169811320754715
2 0.09433333333333334 0.4113881401617251 0.0006666666666666666 0.0006738544474393531
2 0.037333333333333336 0.4123989218328841 0.005333333333333333 0.005390835579514825
2 0.12633333333333333 0.4026280323450135 0.008666666666666666 0.00876010781671159
2 0.9603333333333334 0.38207547169811323 0.01 0.009433962264150943
2 0.9333333333333333 0.3793800539083558 0.010666666666666666 0.004043126684636119
2 0.5 0.4855121293800539 1.0 0.9710242587601078