2 0.6680244399185336 0.7445 0.002036659877800407 0.005
2 0.6685336048879837 0.728 0.003054989816700611 0.004
2 0.6705702647657841 0.724 0.0010183299389002036 0.002
2 0.6629327902240326 0.693 0.004073319755600814 0.006
2 0.6532586558044806 0.6775 0.003054989816700611 0.003
2 0.6563136456211812 0.673 0.0010183299389002036 0.002
2 0.6461303462321792 0.6395 0.0010183299389002036 0.001
2 0.37474541751527496 0.3425 0.06313645621181263 0.035
2 0.15733197556008147 0.325 0.003054989816700611 0.004
2 0.14765784114052954 0.31 0.004073319755600814 0.008
2 0.1430753564154786 0.3035 0.0010183299389002036 0.001
2 0.14613034623217921 0.3005 0.0010183299389002036 0.001
2 0.4709775967413442 0.593 0.5977596741344195 0.596
2 0.36914460285132383 0.2665 0.0010183299389002036 0.001
2 0.26476578411405294 0.2675 0.004073319755600814 0.003
2 0.1446028513238289 0.2445 0.002036659877800407 0.003
2 0.38238289205702647 0.2275 0.0010183299389002036 0.001
2 0.37830957230142565 0.2265 0.0010183299389002036 0.001
2 0.40478615071283097 0.167 0.003054989816700611 0.002
2 0.365071283095723 0.1295 0.0050916496945010185 0.005
2 0.5677189409368636 0.2275 0.3981670061099796 0.313