2 0.36133333333333334 0.6280373831775701 0.013333333333333334 0.007476635514018692
2 0.38133333333333336 0.5813084112149532 0.08533333333333333 0.007476635514018692
2 0.456 0.5738317757009346 0.042666666666666665 0.018691588785046728
2 0.5013333333333333 0.6878504672897197 0.5493333333333333 0.35514018691588783
2 0.6693333333333333 0.491588785046729 0.13333333333333333 0.08971962616822429
2 0.6733333333333333 0.44018691588785047 0.0026666666666666666 0.001869158878504673
2 0.6586666666666666 0.4383177570093458 0.005333333333333333 0.001869158878504673
2 0.6333333333333333 0.4383177570093458 0.0026666666666666666 0.001869158878504673
2 0.6093333333333333 0.4383177570093458 0.008 0.005607476635514018
2 0.7693333333333333 0.40186915887850466 0.0026666666666666666 0.011214953271028037
2 0.3506666666666667 0.4663551401869159 0.248 0.2635514018691589
2 0.5506666666666666 0.1485981308411215 0.0026666666666666666 0.001869158878504673
2 0.5573333333333333 0.14018691588785046 0.010666666666666666 0.011214953271028037
2 0.564 0.13177570093457944 0.0026666666666666666 0.001869158878504673
2 0.632 0.24766355140186916 0.272 0.2822429906542056