2 0.4777777777777778 0.58 0.5377777777777778 0.6266666666666667
2 0.21777777777777776 0.20222222222222222 0.05333333333333334 0.03111111111111111
2 0.11777777777777777 0.20444444444444446 0.04888888888888889 0.035555555555555556
2 0.24888888888888888 0.16666666666666666 0.008888888888888889 0.0044444444444444444
2 0.12 0.1711111111111111 0.02666666666666667 0.013333333333333334
2 0.21555555555555556 0.16666666666666666 0.022222222222222223 0.013333333333333334
2 0.18888888888888888 0.16666666666666666 0.013333333333333334 0.013333333333333334
2 0.14222222222222222 0.16444444444444445 0.008888888888888889 0.008888888888888889
2 0.09333333333333334 0.16666666666666666 0.008888888888888889 0.013333333333333334
2 0.16666666666666666 0.12 0.2 0.05333333333333334
2 0.24222222222222223 0.08222222222222222 0.03111111111111111 0.03111111111111111