2 0.1962890625 0.7890625 0.001953125 0.005208333333333333
2 0.3876953125 0.421875 0.005859375 0.010416666666666666
2 0.646484375 0.2109375 0.00390625 0.005208333333333333
2 0.2890625 0.20052083333333334 0.0078125 0.010416666666666666
2 0.3076171875 0.17057291666666666 0.005859375 0.0078125
2 0.001953125 0.0546875 0.00390625 0.005208333333333333
2 0.013671875 0.061197916666666664 0.02734375 0.044270833333333336
2 0.0341796875 0.03125 0.009765625 0.010416666666666666
2 0.58203125 0.03125 0.00390625 0.015625
2 0.5 0.5 1.0 1.0
2 0.3369140625 0.19270833333333334 0.142578125 0.3854166666666667
2 0.2001953125 0.006510416666666667 0.013671875 0.013020833333333334
2 0.0546875 0.036458333333333336 0.02734375 0.07291666666666667