2 0.7266666666666667 0.964 0.018666666666666668 0.008
2 0.8653333333333333 0.9626666666666667 0.024 0.016
2 0.768 0.96 0.037333333333333336 0.021333333333333333
2 0.7453333333333333 0.9346666666666666 0.018666666666666668 0.024
2 0.8493333333333334 0.872 0.0026666666666666666 0.005333333333333333
2 0.8453333333333334 0.86 0.005333333333333333 0.008
2 0.8386666666666667 0.8293333333333334 0.013333333333333334 0.042666666666666665
2 0.7906666666666666 0.8266666666666667 0.008 0.037333333333333336
2 0.5786666666666667 0.8013333333333333 0.010666666666666666 0.013333333333333334
2 0.7293333333333333 0.796 0.013333333333333334 0.013333333333333334
2 0.632 0.8 0.08 0.021333333333333333
2 0.6986666666666667 0.7946666666666666 0.037333333333333336 0.021333333333333333
2 0.5506666666666666 0.7933333333333333 0.024 0.024
2 0.7733333333333333 0.8066666666666666 0.005333333333333333 0.056
2 0.876 0.7053333333333334 0.15733333333333333 0.024
2 0.7826666666666666 0.704 0.013333333333333334 0.021333333333333333
2 0.7613333333333333 0.6866666666666666 0.0026666666666666666 0.029333333333333333
2 0.43466666666666665 0.5546666666666666 0.005333333333333333 0.005333333333333333
2 0.4013333333333333 0.5573333333333333 0.050666666666666665 0.016
2 0.348 0.5586666666666666 0.018666666666666668 0.018666666666666668
2 0.248 0.5613333333333334 0.005333333333333333 0.029333333333333333
2 0.452 0.5493333333333333 0.013333333333333334 0.010666666666666666
2 0.5093333333333333 0.544 0.005333333333333333 0.005333333333333333
2 0.49066666666666664 0.5386666666666666 0.016 0.016
2 0.668 0.5186666666666667 0.0026666666666666666 0.0026666666666666666
2 0.6373333333333333 0.5533333333333333 0.256 0.136
2 0.672 0.448 0.005333333333333333 0.005333333333333333
2 0.6 0.44533333333333336 0.005333333333333333 0.010666666666666666
2 0.8466666666666667 0.37866666666666665 0.28 0.13333333333333333
2 0.8946666666666667 0.27466666666666667 0.029333333333333333 0.05333333333333334
2 0.58 0.23866666666666667 0.018666666666666668 0.029333333333333333
2 0.30933333333333335 0.44666666666666666 0.6186666666666667 0.8346666666666667