2 0.9044444444444445 0.68 0.03111111111111111 0.13333333333333333
2 0.14666666666666667 0.6488888888888888 0.017777777777777778 0.09777777777777778
2 0.8866666666666667 0.5888888888888889 0.013333333333333334 0.022222222222222223
2 0.8688888888888889 0.38 0.0044444444444444444 0.0044444444444444444
2 0.37777777777777777 0.3111111111111111 0.05333333333333334 0.017777777777777778
2 0.4488888888888889 0.26222222222222225 0.017777777777777778 0.008888888888888889
2 0.44666666666666666 0.24444444444444444 0.013333333333333334 0.008888888888888889
2 0.45111111111111113 0.22666666666666666 0.0044444444444444444 0.008888888888888889
2 0.41333333333333333 0.22444444444444445 0.008888888888888889 0.013333333333333334
2 0.43333333333333335 0.18888888888888888 0.013333333333333334 0.0044444444444444444
2 0.5088888888888888 0.5133333333333333 0.7422222222222222 0.9022222222222223