2 0.21549479166666666 0.77734375 0.00390625 0.0026041666666666665
2 0.16731770833333334 0.640625 0.00390625 0.005208333333333333
2 0.15950520833333334 0.6139322916666666 0.0013020833333333333 0.0013020833333333333
2 0.14778645833333334 0.6438802083333334 0.01953125 0.13151041666666666
2 0.14973958333333334 0.5826822916666666 0.005208333333333333 0.01171875
2 0.17252604166666666 0.5494791666666666 0.006510416666666667 0.013020833333333334
2 0.16276041666666666 0.57421875 0.018229166666666668 0.09895833333333333
2 0.259765625 0.376953125 0.00390625 0.006510416666666667
2 0.4055989583333333 0.2734375 0.00390625 0.005208333333333333
2 0.4420572916666667 0.28125 0.06901041666666667 0.026041666666666668
2 0.404296875 0.2649739583333333 0.00390625 0.00390625
2 0.4205729166666667 0.2669270833333333 0.0234375 0.015625
2 0.4244791666666667 0.2610677083333333 0.0026041666666666665 0.00390625
2 0.4485677083333333 0.2604166666666667 0.029947916666666668 0.015625
2 0.3359375 0.2688802083333333 0.026041666666666668 0.045572916666666664
2 0.3600260416666667 0.23763020833333334 0.0013020833333333333 0.0013020833333333333
2 0.3515625 0.23697916666666666 0.0026041666666666665 0.0026041666666666665
2 0.4296875 0.24479166666666666 0.0625 0.0234375
2 0.3430989583333333 0.23828125 0.006510416666666667 0.013020833333333334
2 0.3489583333333333 0.23046875 0.0026041666666666665 0.0026041666666666665
2 0.369140625 0.22526041666666666 0.01171875 0.010416666666666666
2 0.36328125 0.21940104166666666 0.0078125 0.009114583333333334
2 0.6653645833333334 0.21484375 0.0026041666666666665 0.0026041666666666665
2 0.41796875 0.20768229166666666 0.0026041666666666665 0.0013020833333333333
2 0.4368489583333333 0.20963541666666666 0.02734375 0.015625
2 0.4557291666666667 0.205078125 0.0078125 0.009114583333333334
2 0.458984375 0.19856770833333334 0.0013020833333333333 0.0013020833333333333
2 0.416015625 0.19856770833333334 0.0013020833333333333 0.0013020833333333333
2 0.439453125 0.189453125 0.040364583333333336 0.01953125
2 0.3684895833333333 0.14583333333333334 0.005208333333333333 0.005208333333333333
2 0.4173177083333333 0.12239583333333333 0.0013020833333333333 0.0026041666666666665
2 0.4231770833333333 0.11848958333333333 0.0026041666666666665 0.005208333333333333
2 0.4283854166666667 0.111328125 0.005208333333333333 0.009114583333333334
2 0.4466145833333333 0.09830729166666667 0.0026041666666666665 0.0013020833333333333
2 0.41015625 0.099609375 0.0078125 0.006510416666666667
2 0.4069010416666667 0.09440104166666667 0.0013020833333333333 0.0013020833333333333
2 0.4641927083333333 0.08984375 0.00390625 0.0026041666666666665
2 0.4596354166666667 0.083984375 0.0026041666666666665 0.0013020833333333333
2 0.4264322916666667 0.083984375 0.0013020833333333333 0.0013020833333333333
2 0.431640625 0.07682291666666667 0.0013020833333333333 0.0026041666666666665
2 0.4388020833333333 0.07552083333333333 0.0026041666666666665 0.0026041666666666665
2 0.5305989583333334 0.5130208333333334 0.7825520833333334 0.9088541666666666