2 0.459375 0.6855 0.00125 0.001
2 0.458125 0.6715 0.00125 0.007
2 0.4275 0.6685 0.005 0.007
2 0.285 0.67 0.005 0.012
2 0.396875 0.6595 0.00875 0.005
2 0.39125 0.6635 0.025 0.021
2 0.25 0.6375 0.03 0.045
2 0.44 0.6105 0.0025 0.003
2 0.434375 0.607 0.00375 0.004
2 0.224375 0.606 0.00125 0.002
2 0.44125 0.6055 0.0025 0.003
2 0.42375 0.612 0.0225 0.022
2 0.223125 0.5955 0.00125 0.003
2 0.433125 0.5945 0.00125 0.005
2 0.280625 0.59 0.00875 0.01
2 0.445625 0.606 0.02375 0.09
2 0.32875 0.5715 0.045 0.037
2 0.425 0.551 0.005 0.004
2 0.431875 0.547 0.00375 0.004
2 0.4075 0.55 0.0275 0.01
2 0.458125 0.547 0.00375 0.006
2 0.436875 0.5405 0.00375 0.005
2 0.393125 0.541 0.00375 0.006
2 0.21375 0.5385 0.005 0.005
2 0.439375 0.533 0.00375 0.004
2 0.393125 0.5335 0.00375 0.005
2 0.45375 0.5405 0.0175 0.021
2 0.44 0.526 0.0025 0.004
2 0.395625 0.5265 0.00375 0.005
2 0.34875 0.5225 0.0025 0.001
2 0.41625 0.5325 0.0275 0.025
2 0.40125 0.52 0.005 0.004
2 0.436875 0.519 0.00375 0.004
2 0.43125 0.5155 0.005 0.003
2 0.40875 0.516 0.005 0.004
2 0.20875 0.5195 0.0025 0.011
2 0.424375 0.5135 0.00625 0.003
2 0.416875 0.5135 0.00625 0.003
2 0.27125 0.5225 0.095 0.041
2 0.208125 0.5005 0.00625 0.005
2 0.4175 0.4615 0.0025 0.001
2 0.3975 0.4615 0.005 0.001
2 0.3425 0.43 0.2775 0.068
2 0.251875 0.393 0.00875 0.006
2 0.433125 0.392 0.00625 0.006
2 0.40625 0.391 0.0225 0.01
2 0.34375 0.3915 0.0425 0.013
2 0.28 0.3915 0.025 0.013
2 0.4075 0.384 0.0025 0.002
2 0.27625 0.3775 0.0025 0.003
2 0.411875 0.3805 0.01375 0.011
2 0.325625 0.327 0.00125 0.002