2 0.129375 0.753125 0.00375 0.00375
2 0.129375 0.74125 0.00125 0.0025
2 0.946875 0.744375 0.02875 0.02375
2 0.940625 0.731875 0.00375 0.00125
2 0.959375 0.73125 0.00125 0.005
2 0.098125 0.726875 0.00125 0.00125
2 0.95875 0.71375 0.005 0.0025
2 0.1025 0.701875 0.0075 0.00875
2 0.185625 0.68875 0.00375 0.0025
2 0.093125 0.68875 0.00375 0.0025
2 0.085625 0.689375 0.00375 0.00375
2 0.10625 0.663125 0.0025 0.00375
2 0.08875 0.658125 0.005 0.00375
2 0.090625 0.6525 0.00125 0.0025
2 0.085 0.651875 0.0025 0.00125
2 0.115625 0.61625 0.00625 0.005
2 0.189375 0.566875 0.00125 0.00125
2 0.951875 0.556875 0.00125 0.00125
2 0.09125 0.55 0.0025 0.0025
2 0.8725 0.52875 0.0025 0.0025
2 0.083125 0.524375 0.00125 0.00125
2 0.085 0.51625 0.0025 0.0025
2 0.12125 0.510625 0.0075 0.00375
2 0.114375 0.509375 0.00375 0.00125
2 0.089375 0.509375 0.00375 0.00125
2 0.101875 0.50375 0.00875 0.005
2 0.088125 0.49125 0.00875 0.0025
2 0.95875 0.486875 0.005 0.00875
2 0.079375 0.475 0.00625 0.005
2 0.088125 0.470625 0.00625 0.00375
2 0.958125 0.449375 0.00125 0.00125
2 0.950625 0.433125 0.00125 0.00125
2 0.956875 0.42875 0.00625 0.0275
2 0.070625 0.415 0.00125 0.0025
2 0.071875 0.4075 0.00375 0.0025
2 0.098125 0.38 0.00375 0.0025
2 0.530625 0.536875 0.70625 0.35125
2 0.084375 0.34125 0.00625 0.005
2 0.9025 0.30125 0.0025 0.0025
2 0.9 0.28625 0.0025 0.0025
2 0.891875 0.27 0.00375 0.0025
2 0.880625 0.261875 0.00375 0.00125
2 0.126875 0.263125 0.00625 0.00625
2 0.925 0.335625 0.0725 0.15375
2 0.075 0.5075 0.0925 0.4975
2 0.065 0.10125 0.09 0.0175
2 0.064375 0.055625 0.05875 0.04375
2 0.035 0.055625 0.045 0.06875
2 0.094375 0.055625 0.04625 0.07125
2 0.00125 0.5 0.0025 1.0