2 0.27875 0.995 0.0075 0.01
2 0.47 0.9933333333333333 0.01 0.013333333333333334
2 0.64125 0.98 0.1225 0.04
2 0.27625 0.97 0.0125 0.03333333333333333
2 0.4575 0.9033333333333333 0.005 0.013333333333333334
2 0.5025 0.9466666666666667 0.035 0.10666666666666667
2 0.86375 0.89 0.0575 0.04
2 0.49 0.8583333333333333 0.005 0.03
2 0.48875 0.8283333333333334 0.0075 0.023333333333333334
2 0.59125 0.8233333333333334 0.0275 0.04666666666666667
2 0.13875 0.64 0.0075 0.05333333333333334
2 0.13625 0.6 0.0025 0.006666666666666667
2 0.5925 0.5816666666666667 0.015 0.01
2 0.21625 0.5266666666666666 0.0025 0.006666666666666667
2 0.63375 0.5166666666666667 0.0025 0.006666666666666667
2 0.86125 0.5116666666666667 0.0125 0.016666666666666666
2 0.67 0.40166666666666667 0.005 0.016666666666666666
2 0.60125 0.4583333333333333 0.0325 0.19
2 0.6375 0.37 0.055 0.02
2 0.415 0.35833333333333334 0.055 0.016666666666666666
2 0.4575 0.6716666666666666 0.8 0.6566666666666666
2 0.5025 0.3516666666666667 0.075 0.023333333333333334
2 0.895 0.37833333333333335 0.065 0.09666666666666666
2 0.92125 0.3516666666666667 0.0525 0.08333333333333333
2 0.4175 0.3233333333333333 0.005 0.03333333333333333
2 0.32125 0.4216666666666667 0.0175 0.2633333333333333
2 0.83375 0.4 0.0775 0.24666666666666667
2 0.495 0.27 0.005 0.006666666666666667
2 0.49625 0.255 0.0025 0.0033333333333333335
2 0.62375 0.2916666666666667 0.0175 0.11666666666666667
2 0.62125 0.225 0.0025 0.01
2 0.63375 0.21833333333333332 0.0075 0.01
2 0.42125 0.21666666666666667 0.0075 0.006666666666666667
2 0.49625 0.19333333333333333 0.0025 0.006666666666666667
2 0.62875 0.195 0.0075 0.023333333333333334
2 0.51625 0.25666666666666665 0.0125 0.15333333333333332
2 0.62375 0.17833333333333334 0.0025 0.0033333333333333335
2 0.67 0.16833333333333333 0.065 0.016666666666666666
2 0.2525 0.16833333333333333 0.075 0.016666666666666666
2 0.4525 0.165 0.07 0.016666666666666666
2 0.47 0.13666666666666666 0.01 0.02
2 0.495 0.11166666666666666 0.055 0.016666666666666666
2 0.21375 0.22166666666666668 0.0275 0.25
2 0.63 0.09333333333333334 0.015 0.013333333333333334
2 0.63 0.06333333333333334 0.005 0.006666666666666667
2 0.525 0.06 0.01 0.006666666666666667
2 0.67875 0.04 0.0675 0.006666666666666667
2 0.5225 0.03 0.01 0.006666666666666667
2 0.2075 0.056666666666666664 0.025 0.06
2 0.2625 0.021666666666666667 0.065 0.01
2 0.57375 0.005 0.0475 0.01
2 0.11375 0.17333333333333334 0.0175 0.3466666666666667