2 0.31985294117647056 0.8544117647058823 0.022058823529411766 0.12352941176470589
2 0.5007352941176471 0.7897058823529411 0.004411764705882353 0.0029411764705882353
2 0.31691176470588234 0.7845588235294118 0.01911764705882353 0.013235294117647059
2 0.4713235294117647 0.6919117647058823 0.004411764705882353 0.004411764705882353
2 0.32794117647058824 0.7154411764705882 0.05588235294117647 0.09264705882352942
2 0.4727941176470588 0.6602941176470588 0.004411764705882353 0.0029411764705882353
2 0.47573529411764703 0.6544117647058824 0.004411764705882353 0.0058823529411764705
2 0.47058823529411764 0.5485294117647059 0.0029411764705882353 0.0029411764705882353
2 0.46397058823529413 0.5169117647058824 0.0014705882352941176 0.0014705882352941176
2 0.4389705882352941 0.44191176470588234 0.0014705882352941176 0.0014705882352941176
2 0.46691176470588236 0.40147058823529413 0.010294117647058823 0.0058823529411764705
2 0.4676470588235294 0.3926470588235294 0.0029411764705882353 0.0029411764705882353
2 0.47058823529411764 0.38529411764705884 0.0029411764705882353 0.0029411764705882353
2 0.45808823529411763 0.3426470588235294 0.004411764705882353 0.0029411764705882353
2 0.4522058823529412 0.3360294117647059 0.0014705882352941176 0.0014705882352941176
2 0.4588235294117647 0.31470588235294117 0.0058823529411764705 0.0029411764705882353
2 0.4573529411764706 0.29558823529411765 0.0029411764705882353 0.0029411764705882353
2 0.46838235294117647 0.2823529411764706 0.0014705882352941176 0.0029411764705882353
2 0.5882352941176471 0.2235294117647059 0.0029411764705882353 0.0058823529411764705
2 0.31029411764705883 0.15588235294117647 0.0058823529411764705 0.0058823529411764705
2 0.29705882352941176 0.15661764705882353 0.008823529411764706 0.007352941176470588
2 0.3029411764705882 0.14779411764705883 0.0058823529411764705 0.004411764705882353
2 0.29558823529411765 0.1411764705882353 0.0029411764705882353 0.0029411764705882353
2 0.2889705882352941 0.13529411764705881 0.004411764705882353 0.0029411764705882353
2 0.5485294117647059 0.5375 0.4470588235294118 0.8602941176470589
2 0.25220588235294117 0.10294117647058823 0.004411764705882353 0.0029411764705882353
2 0.5367647058823529 0.0661764705882353 0.0029411764705882353 0.0029411764705882353
2 0.5014705882352941 0.12720588235294117 0.3911764705882353 0.1426470588235294