2 0.415 0.6855 0.005 0.003
2 0.46875 0.6885 0.02 0.017
2 0.53875 0.691 0.065 0.036
2 0.520625 0.6645 0.00125 0.001
2 0.585 0.668 0.01 0.014
2 0.45375 0.6605 0.0025 0.005
2 0.460625 0.6585 0.00875 0.007
2 0.430625 0.6605 0.02125 0.011
2 0.5425 0.662 0.0425 0.024
2 0.416875 0.6445 0.00375 0.005
2 0.605 0.632 0.0025 0.002
2 0.4575 0.6465 0.0375 0.045
2 0.583125 0.623 0.00875 0.004
2 0.43125 0.6265 0.0075 0.011
2 0.405625 0.6585 0.02375 0.077
2 0.385625 0.6195 0.00125 0.001
2 0.39375 0.6175 0.0025 0.003
2 0.4425 0.6175 0.0025 0.005
2 0.465625 0.6215 0.02625 0.021
2 0.56625 0.6135 0.065 0.015
2 0.500625 0.613 0.02625 0.014
2 0.600625 0.6055 0.00125 0.001
2 0.391875 0.6095 0.00375 0.009
2 0.560625 0.6135 0.06625 0.023
2 0.81 0.6035 0.0075 0.007
2 0.328125 0.612 0.02125 0.026
2 0.8375 0.6015 0.0025 0.007
2 0.28125 0.6 0.0025 0.004
2 0.1725 0.5975 0.0025 0.011
2 0.753125 0.588 0.00375 0.002
2 0.203125 0.586 0.00125 0.002
2 0.2475 0.6 0.0625 0.032
2 0.215 0.5805 0.005 0.005
2 0.648125 0.5835 0.01875 0.015
2 0.744375 0.577 0.00125 0.004
2 0.83625 0.581 0.005 0.018
2 0.738125 0.5825 0.01125 0.025
2 0.83 0.569 0.005 0.006
2 0.7425 0.567 0.0025 0.002
2 0.619375 0.631 0.04125 0.13
2 0.21625 0.568 0.01 0.012
2 0.378125 0.582 0.02125 0.042
2 0.274375 0.5775 0.01875 0.035
2 0.6975 0.5725 0.05 0.027
2 0.334375 0.563 0.00625 0.012
2 0.30875 0.56 0.05 0.014
2 0.1075 0.5635 0.0125 0.021
2 0.290625 0.5515 0.00125 0.001
2 0.249375 0.5515 0.00125 0.001
2 0.185 0.555 0.0075 0.008
2 0.256875 0.551 0.00625 0.002
2 0.243125 0.5505 0.00125 0.001
2 0.76625 0.55 0.005 0.002
2 0.778125 0.5485 0.00125 0.001
2 0.759375 0.549 0.00125 0.002
2 0.8025 0.554 0.02 0.018
2 0.1175 0.5455 0.005 0.003
2 0.244375 0.5445 0.03875 0.013
2 0.233125 0.538 0.00375 0.002
2 0.775625 0.537 0.00375 0.002
2 0.764375 0.5425 0.03125 0.013
2 0.254375 0.5365 0.00375 0.001
2 0.243125 0.5365 0.00375 0.001
2 0.761875 0.535 0.01875 0.004
2 0.17125 0.5575 0.02 0.053
2 0.10125 0.534 0.0075 0.012
2 0.128125 0.5215 0.00375 0.001
2 0.11875 0.5215 0.005 0.001
2 0.75 0.5205 0.01 0.015
2 0.283125 0.514 0.00875 0.006
2 0.13 0.517 0.05 0.016
2 0.110625 0.5075 0.00125 0.001
2 0.85125 0.4975 0.0025 0.001
2 0.83375 0.4955 0.005 0.003
2 0.366875 0.4935 0.03875 0.015
2 0.524375 0.4685 0.00125 0.001
2 0.28375 0.485 0.045 0.044
2 0.4275 0.465 0.0175 0.006
2 0.473125 0.463 0.00625 0.004
2 0.55 0.4545 0.01 0.005
2 0.4025 0.4515 0.0025 0.003
2 0.358125 0.456 0.02375 0.012
2 0.223125 0.4505 0.00375 0.003
2 0.61875 0.448 0.0025 0.002
2 0.609375 0.448 0.00625 0.004
2 0.47875 0.449 0.01 0.006
2 0.255625 0.4665 0.05375 0.045
2 0.420625 0.452 0.03125 0.018
2 0.27375 0.4435 0.0025 0.001
2 0.656875 0.4425 0.00375 0.003
2 0.60125 0.4445 0.02 0.009
2 0.29375 0.4455 0.03 0.011
2 0.508125 0.438 0.00625 0.002
2 0.618125 0.4925 0.48625 0.119
2 0.753125 0.4375 0.03625 0.011
2 0.711875 0.4355 0.00875 0.007
2 0.705 0.432 0.0025 0.002
2 0.185 0.459 0.065 0.056
2 0.49 0.4355 0.0125 0.017
2 0.676875 0.4285 0.00875 0.005
2 0.630625 0.428 0.00625 0.004
2 0.531875 0.438 0.01875 0.024
2 0.393125 0.4325 0.02625 0.015
2 0.321875 0.443 0.05625 0.036
2 0.704375 0.4255 0.00375 0.003
2 0.805 0.4265 0.01 0.009
2 0.723125 0.4225 0.00125 0.001
2 0.669375 0.4235 0.00375 0.003
2 0.636875 0.423 0.00375 0.002
2 0.205625 0.423 0.00625 0.004
2 0.104375 0.4395 0.04875 0.043
2 0.30375 0.4215 0.015 0.011
2 0.666875 0.4155 0.00125 0.001
2 0.528125 0.417 0.00625 0.006
2 0.378125 0.416 0.00375 0.004
2 0.350625 0.4165 0.00375 0.005
2 0.49125 0.4175 0.0075 0.011
2 0.66875 0.4105 0.0025 0.003
2 0.218125 0.406 0.00375 0.004
2 0.37875 0.4045 0.005 0.005
2 0.35 0.405 0.005 0.006
2 0.12875 0.405 0.015 0.006
2 0.665625 0.402 0.00125 0.002
2 0.529375 0.4035 0.00125 0.007
2 0.22625 0.4015 0.005 0.003
2 0.241875 0.397 0.00125 0.002
2 0.27 0.3965 0.0025 0.003
2 0.739375 0.3945 0.00125 0.001
2 0.771875 0.3945 0.00125 0.003
2 0.49125 0.3995 0.0075 0.019
2 0.379375 0.3915 0.00125 0.003
2 0.741875 0.39 0.00125 0.002
2 0.76875 0.3895 0.0025 0.003
2 0.34875 0.392 0.0025 0.008
2 0.205 0.3895 0.0125 0.007
2 0.156875 0.3865 0.00375 0.003
2 0.2425 0.385 0.0025 0.002
2 0.27 0.3845 0.0025 0.005
2 0.769375 0.382 0.00625 0.01
2 0.191875 0.3745 0.00125 0.001
2 0.240625 0.374 0.00125 0.002
2 0.165 0.374 0.0025 0.002
2 0.74 0.3765 0.0025 0.009
2 0.76875 0.3685 0.0025 0.005
2 0.27125 0.3705 0.005 0.013
2 0.191875 0.363 0.00375 0.004
2 0.164375 0.363 0.00375 0.004