2 0.9207547169811321 0.94529262086514 0.03773584905660377 0.09923664122137404
2 0.880188679245283 0.94529262086514 0.05471698113207547 0.09923664122137404
2 0.8415094339622642 0.94529262086514 0.03773584905660377 0.09923664122137404
2 0.8047169811320755 0.94529262086514 0.03962264150943396 0.09923664122137404
2 0.769811320754717 0.94529262086514 0.03773584905660377 0.09923664122137404
2 0.7132075471698113 0.94529262086514 0.03773584905660377 0.09923664122137404
2 0.680188679245283 0.94529262086514 0.03962264150943396 0.09923664122137404
2 0.6528301886792452 0.94529262086514 0.022641509433962263 0.09923664122137404
2 0.6254716981132076 0.94529262086514 0.03962264150943396 0.09923664122137404
2 0.5849056603773585 0.94529262086514 0.03773584905660377 0.09923664122137404
2 0.5518867924528302 0.94529262086514 0.04339622641509434 0.09923664122137404
2 0.5 0.94529262086514 0.03773584905660377 0.09923664122137404
2 0.4641509433962264 0.94529262086514 0.03773584905660377 0.09923664122137404
2 0.42735849056603775 0.94529262086514 0.03962264150943396 0.09923664122137404
2 0.3867924528301887 0.94529262086514 0.03773584905660377 0.09923664122137404
2 0.35471698113207545 0.94529262086514 0.04150943396226415 0.09923664122137404
2 0.30566037735849055 0.94529262086514 0.04150943396226415 0.09923664122137404
2 0.280188679245283 0.94529262086514 0.024528301886792454 0.09923664122137404
2 0.2537735849056604 0.94529262086514 0.03962264150943396 0.09923664122137404
2 0.22641509433962265 0.94529262086514 0.033962264150943396 0.09923664122137404
2 0.19056603773584907 0.94529262086514 0.03773584905660377 0.09923664122137404
2 0.15566037735849056 0.94529262086514 0.03962264150943396 0.09923664122137404
2 0.12075471698113208 0.94529262086514 0.03773584905660377 0.09923664122137404
2 0.08584905660377358 0.94529262086514 0.03962264150943396 0.09923664122137404
2 0.7877358490566038 0.8791348600508906 0.009433962264150943 0.01272264631043257
2 0.7735849056603774 0.8791348600508906 0.007547169811320755 0.01272264631043257
2 0.10283018867924529 0.8791348600508906 0.009433962264150943 0.01272264631043257
2 0.08773584905660377 0.8791348600508906 0.009433962264150943 0.01272264631043257
2 0.29150943396226414 0.8765903307888041 0.009433962264150943 0.01272264631043257
2 0.1339622641509434 0.7086513994910941 0.05660377358490566 0.07888040712468193
2 0.41320754716981134 0.7099236641221374 0.10943396226415095 0.08651399491094147
2 0.25849056603773585 0.7086513994910941 0.19622641509433963 0.08396946564885496
2 0.06415094339622641 0.7010178117048346 0.07924528301886792 0.09923664122137404
2 0.4339622641509434 0.5139949109414759 0.052830188679245285 0.08651399491094147
2 0.1169811320754717 0.5114503816793893 0.06037735849056604 0.08142493638676845
2 0.27735849056603773 0.5127226463104325 0.25660377358490566 0.089058524173028
2 0.07264150943396226 0.5038167938931297 0.07735849056603773 0.10178117048346055
2 0.18584905660377357 0.36895674300254455 0.03207547169811321 0.07633587786259542
2 0.3462264150943396 0.3638676844783715 0.0509433962264151 0.07124681933842239
2 0.280188679245283 0.3651399491094148 0.07735849056603773 0.07888040712468193
2 0.22547169811320755 0.3638676844783715 0.04339622641509434 0.07633587786259542
2 0.2009433962264151 0.30661577608142493 0.016981132075471698 0.017811704834605598
2 0.15566037735849056 0.3460559796437659 0.05849056603773585 0.11195928753180662
2 0.38207547169811323 0.15776081424936386 0.03207547169811321 0.07633587786259542
2 0.30566037735849055 0.15776081424936386 0.033962264150943396 0.07633587786259542
2 0.3471698113207547 0.15394402035623408 0.045283018867924525 0.0737913486005089
2 0.22264150943396227 0.15394402035623408 0.04905660377358491 0.0737913486005089
2 0.180188679245283 0.15394402035623408 0.04339622641509434 0.07888040712468193
2 0.39716981132075474 0.09541984732824428 0.016981132075471698 0.017811704834605598
2 0.31981132075471697 0.09541984732824428 0.016981132075471698 0.017811704834605598
2 0.1339622641509434 0.13486005089058525 0.07169811320754717 0.11195928753180662
2 0.27358490566037735 0.13358778625954199 0.04905660377358491 0.11959287531806616
2 0.13584905660377358 0.06361323155216285 0.018867924528301886 0.020356234096692113
2 0.15754716981132075 0.05979643765903308 0.016981132075471698 0.022900763358778626
2 0.7028301886792453 0.4351145038167939 0.49245283018867925 0.8702290076335878