2 0.449 0.9328817733990148 0.002 0.003694581280788177
2 0.4475 0.9027093596059114 0.015 0.012315270935960592
2 0.4685 0.8897783251231527 0.013 0.011083743842364532
2 0.4685 0.9070197044334976 0.057 0.0480295566502463
2 0.5075 0.8620689655172413 0.003 0.0049261083743842365
2 0.506 0.8048029556650246 0.002 0.003694581280788177
2 0.52 0.8140394088669951 0.02 0.024630541871921183
2 0.451 0.8054187192118226 0.052 0.03694581280788178
2 0.503 0.7887931034482759 0.002 0.006157635467980296
2 0.547 0.7949507389162561 0.024 0.0332512315270936
2 0.428 0.770935960591133 0.004 0.0049261083743842365
2 0.437 0.7672413793103449 0.002 0.0024630541871921183
2 0.4405 0.7783251231527094 0.057 0.03940886699507389
2 0.43 0.7567733990147784 0.004 0.003694581280788177
2 0.5755 0.7684729064039408 0.023 0.03201970443349754
2 0.437 0.750615763546798 0.006 0.003694581280788177
2 0.4855 0.7450738916256158 0.005 0.007389162561576354
2 0.465 0.7364532019704434 0.008 0.012315270935960592
2 0.6045 0.7413793103448276 0.019 0.027093596059113302
2 0.632 0.7185960591133005 0.02 0.023399014778325122
2 0.489 0.7050492610837439 0.004 0.003694581280788177
2 0.657 0.6945812807881774 0.018 0.024630541871921183
2 0.684 0.6717980295566502 0.018 0.02586206896551724
2 0.7065 0.6551724137931034 0.009 0.007389162561576354
2 0.7135 0.6422413793103449 0.017 0.013546798029556651
2 0.731 0.6336206896551724 0.006 0.006157635467980296
2 0.7555 0.6120689655172413 0.003 0.0049261083743842365
2 0.738 0.6182266009852216 0.016 0.019704433497536946
2 0.7645 0.5966748768472906 0.013 0.020935960591133004
2 0.785 0.583743842364532 0.006 0.007389162561576354
2 0.1315 0.5812807881773399 0.005 0.0049261083743842365
2 0.1395 0.5745073891625616 0.005 0.003694581280788177
2 0.6495 0.5720443349753694 0.003 0.003694581280788177
2 0.79 0.5708128078817734 0.014 0.01600985221674877
2 0.153 0.5597290640394089 0.028 0.023399014778325122
2 0.833 0.5400246305418719 0.006 0.006157635467980296
2 0.8235 0.5449507389162561 0.043 0.050492610837438424
2 0.858 0.5153940886699507 0.006 0.008620689655172414
2 0.864 0.5024630541871922 0.01 0.007389162561576354
2 0.0305 0.49692118226600984 0.001 0.0012315270935960591
2 0.8835 0.4907635467980296 0.001 0.0012315270935960591
2 0.889 0.48091133004926107 0.004 0.003694581280788177
2 0.2495 0.49938423645320196 0.051 0.05788177339901478
2 0.8945 0.4685960591133005 0.001 0.0012315270935960591
2 0.9105 0.46120689655172414 0.003 0.003694581280788177
2 0.289 0.4624384236453202 0.026 0.02832512315270936
2 0.919 0.44396551724137934 0.002 0.003694581280788177
2 0.935 0.42610837438423643 0.002 0.0024630541871921183
2 0.9375 0.41748768472906406 0.005 0.0049261083743842365
2 0.371 0.35344827586206895 0.002 0.0024630541871921183
2 0.8935 0.33620689655172414 0.003 0.0024630541871921183
2 0.34 0.3374384236453202 0.004 0.009852216748768473
2 0.2845 0.333128078817734 0.001 0.0012315270935960591
2 0.394 0.333128078817734 0.004 0.003694581280788177
2 0.338 0.3288177339901478 0.002 0.0024630541871921183
2 0.36 0.37438423645320196 0.104 0.10591133004926108
2 0.289 0.32573891625615764 0.006 0.011083743842364532
2 0.9855 0.31527093596059114 0.003 0.007389162561576354
2 0.4265 0.3294334975369458 0.025 0.05788177339901478
2 0.983 0.29495073891625617 0.002 0.006157635467980296
2 0.4535 0.3146551724137931 0.025 0.04556650246305419
2 0.427 0.29002463054187194 0.002 0.003694581280788177
2 0.482 0.30295566502463056 0.024 0.03694581280788178
2 0.489 0.27586206896551724 0.006 0.019704433497536946
2 0.991 0.270935960591133 0.004 0.012315270935960592
2 0.4855 0.2561576354679803 0.001 0.0024630541871921183
2 0.9855 0.2518472906403941 0.005 0.008620689655172414
2 0.377 0.24753694581280788 0.004 0.0049261083743842365
2 0.9745 0.24322660098522167 0.003 0.003694581280788177
2 0.51 0.2684729064039409 0.024 0.0665024630541872
2 0.977 0.23399014778325122 0.006 0.007389162561576354
2 0.9915 0.23029556650246305 0.001 0.0049261083743842365
2 0.5395 0.2567733990147783 0.027 0.05788177339901478
2 0.4785 0.22660098522167488 0.001 0.0024630541871921183
2 0.947 0.22660098522167488 0.012 0.0049261083743842365
2 0.9665 0.2019704433497537 0.005 0.0024630541871921183
2 0.4465 0.2001231527093596 0.003 0.003694581280788177
2 0.9555 0.19704433497536947 0.011 0.0049261083743842365
2 0.975 0.20504926108374386 0.018 0.02832512315270936
2 0.5655 0.22229064039408866 0.023 0.08990147783251232
2 0.605 0.19889162561576354 0.048 0.1022167487684729
2 0.9685 0.1440886699507389 0.003 0.0024630541871921183
2 0.641 0.1748768472906404 0.02 0.08374384236453201
2 0.877 0.0708128078817734 0.002 0.003694581280788177
2 0.4925 0.4987684729064039 0.977 0.9876847290640394