2 0.4888888888888889 0.9872340425531915 0.022222222222222223 0.02553191489361702
2 0.2111111111111111 0.9276595744680851 0.005555555555555556 0.14468085106382977
2 0.20972222222222223 0.8148936170212766 0.002777777777777778 0.00425531914893617
2 0.2375 0.7297872340425532 0.008333333333333333 0.02127659574468085
2 0.5986111111111111 0.8553191489361702 0.04722222222222222 0.28936170212765955
2 0.39861111111111114 0.8553191489361702 0.041666666666666664 0.28936170212765955
2 0.24444444444444444 0.7085106382978723 0.005555555555555556 0.01276595744680851
2 0.24166666666666667 0.8127659574468085 0.03888888888888889 0.37446808510638296
2 0.4625 0.5957446808510638 0.013888888888888888 0.01702127659574468
2 0.22777777777777777 0.5851063829787234 0.022222222222222223 0.05531914893617021
2 0.8541666666666666 0.18723404255319148 0.008333333333333333 0.06808510638297872
2 0.5027777777777778 0.3617021276595745 0.2388888888888889 0.49361702127659574
2 0.8680555555555556 0.5361702127659574 0.2638888888888889 0.9276595744680851
2 0.11805555555555555 0.5361702127659574 0.2361111111111111 0.9276595744680851