2 0.18984375 0.98984375 0.0015625 0.0015625
2 0.9203125 0.89453125 0.003125 0.0234375
2 0.91484375 0.878125 0.0078125 0.028125
2 0.96640625 0.8828125 0.0109375 0.04375
2 0.825 0.896875 0.078125 0.178125
2 0.07734375 0.89140625 0.1453125 0.1671875
2 0.70078125 0.89375 0.1671875 0.1875
2 0.5671875 0.8890625 0.1 0.196875
2 0.32421875 0.89140625 0.1296875 0.2015625
2 0.44453125 0.88515625 0.1265625 0.1921875
2 0.20078125 0.884375 0.0953125 0.2
2 0.9421875 0.88046875 0.075 0.2078125
2 0.9234375 0.70859375 0.134375 0.0984375
2 0.20234375 0.67421875 0.1390625 0.1984375
2 0.30703125 0.678125 0.1015625 0.209375
2 0.41484375 0.67421875 0.0984375 0.2046875
2 0.07109375 0.6734375 0.1265625 0.203125
2 0.63203125 0.67421875 0.1078125 0.2234375
2 0.7640625 0.6703125 0.1125 0.225
2 0.3875 0.45625 0.021875 0.015625
2 0.5703125 0.453125 0.025 0.025
2 0.73046875 0.4546875 0.2453125 0.165625
2 0.2703125 0.453125 0.134375 0.175
2 0.50625 0.5734375 0.134375 0.425
2 0.28515625 0.184375 0.3984375 0.303125
2 0.71640625 0.1765625 0.3265625 0.34375