2 0.28 0.7766666666666666 0.013333333333333334 0.013333333333333334
2 0.2866666666666667 0.7566666666666667 0.013333333333333334 0.02
2 0.27166666666666667 0.7533333333333333 0.01 0.013333333333333334
2 0.2833333333333333 0.6733333333333333 0.013333333333333334 0.013333333333333334
2 0.30666666666666664 0.6133333333333333 0.02 0.03333333333333333
2 0.25166666666666665 0.6066666666666667 0.043333333333333335 0.05333333333333334
2 0.25833333333333336 0.5666666666666667 0.03 0.013333333333333334
2 0.5016666666666667 0.53 0.0033333333333333335 0.006666666666666667
2 0.7883333333333333 0.7 0.27666666666666667 0.5066666666666667
2 0.5333333333333333 0.49166666666666664 0.04 0.11
2 0.18833333333333332 0.6983333333333334 0.27666666666666667 0.5233333333333333
2 0.5766666666666667 0.4066666666666667 0.03333333333333333 0.04666666666666667
2 0.55 0.3566666666666667 0.02 0.02
2 0.5233333333333333 0.3516666666666667 0.013333333333333334 0.016666666666666666
2 0.5583333333333333 0.33166666666666667 0.0033333333333333335 0.0033333333333333335
2 0.5416666666666666 0.305 0.03 0.03
2 0.5333333333333333 0.27166666666666667 0.006666666666666667 0.0033333333333333335
2 0.505 0.2733333333333333 0.03 0.02
2 0.49833333333333335 0.245 0.01 0.016666666666666666
2 0.6016666666666667 0.24666666666666667 0.03 0.04666666666666667
2 0.5566666666666666 0.20666666666666667 0.05333333333333334 0.05333333333333334
2 0.5066666666666667 0.29 0.24 0.5133333333333333