2 0.216 0.7093333333333334 0.010666666666666666 0.005333333333333333
2 0.9693333333333334 0.6893333333333334 0.018666666666666668 0.008
2 0.9226666666666666 0.652 0.010666666666666666 0.008
2 0.48533333333333334 0.7253333333333334 0.512 0.208
2 0.13066666666666665 0.736 0.224 0.256
2 0.852 0.7093333333333334 0.25333333333333335 0.24
2 0.112 0.488 0.18666666666666668 0.176
2 0.88 0.484 0.18666666666666668 0.2
2 0.6226666666666667 0.47333333333333333 0.25866666666666666 0.22133333333333333
2 0.344 0.476 0.21866666666666668 0.232
2 0.88 0.268 0.24 0.20533333333333334
2 0.37066666666666664 0.252 0.21866666666666668 0.19466666666666665
2 0.6386666666666667 0.252 0.25333333333333335 0.22133333333333333
2 0.11733333333333333 0.252 0.23466666666666666 0.22666666666666666