2 0.2076388888888889 0.6916666666666667 0.22083333333333333 0.1638888888888889
2 0.9409722222222222 0.6034722222222222 0.02361111111111111 0.02638888888888889
2 0.5444444444444444 0.5729166666666666 0.022222222222222223 0.0125
2 0.5291666666666667 0.6777777777777778 0.15555555555555556 0.23333333333333334
2 0.8423611111111111 0.6409722222222223 0.22361111111111112 0.20416666666666666
2 0.7958333333333333 0.3861111111111111 0.12222222222222222 0.21388888888888888
2 0.5263888888888889 0.2625 0.005555555555555556 0.008333333333333333
2 0.6638888888888889 0.24513888888888888 0.11388888888888889 0.14583333333333334
2 0.28680555555555554 0.16875 0.02638888888888889 0.015277777777777777
2 0.4513888888888889 0.16666666666666666 0.016666666666666666 0.022222222222222223
2 0.4798611111111111 0.14583333333333334 0.001388888888888889 0.002777777777777778
2 0.4270833333333333 0.13402777777777777 0.001388888888888889 0.001388888888888889
2 0.42291666666666666 0.13333333333333333 0.006944444444444444 0.005555555555555556
2 0.4534722222222222 0.13472222222222222 0.04861111111111111 0.019444444444444445
2 0.36666666666666664 0.2875 0.41944444444444445 0.3277777777777778