2 0.1402439024390244 0.925609756097561 0.05365853658536585 0.004878048780487805
2 0.16097560975609757 0.9170731707317074 0.012195121951219513 0.004878048780487805
2 0.14634146341463414 0.9170731707317074 0.014634146341463415 0.007317073170731708
2 0.11463414634146342 0.9030487804878049 0.1073170731707317 0.03536585365853658
2 0.1048780487804878 0.8774390243902439 0.00975609756097561 0.01097560975609756
2 0.09146341463414634 0.876219512195122 0.007317073170731708 0.013414634146341463
2 0.08048780487804878 0.876219512195122 0.004878048780487805 0.013414634146341463
2 0.06707317073170732 0.876219512195122 0.012195121951219513 0.013414634146341463
2 0.31341463414634146 0.8347560975609756 0.007317073170731708 0.018292682926829267
2 0.4548780487804878 0.7993902439024391 0.007317073170731708 0.023170731707317073
2 0.5378048780487805 0.7725609756097561 0.007317073170731708 0.003658536585365854
2 0.5201219512195122 0.7713414634146342 0.0012195121951219512 0.0012195121951219512
2 0.5042682926829268 0.774390243902439 0.025609756097560974 0.01951219512195122
2 0.5341463414634147 0.7615853658536585 0.0024390243902439024 0.0012195121951219512
2 0.5317073170731708 0.7573170731707317 0.0024390243902439024 0.004878048780487805
2 0.5292682926829269 0.748780487804878 0.004878048780487805 0.0024390243902439024
2 0.5829268292682926 0.7634146341463415 0.04878048780487805 0.036585365853658534
2 0.5579268292682927 0.7329268292682927 0.0012195121951219512 0.0024390243902439024
2 0.551829268292683 0.7091463414634146 0.0012195121951219512 0.0012195121951219512
2 0.6109756097560975 0.698170731707317 0.0024390243902439024 0.0012195121951219512
2 0.5963414634146341 0.676219512195122 0.01951219512195122 0.018292682926829267
2 0.5853658536585366 0.6487804878048781 0.004878048780487805 0.004878048780487805
2 0.6146341463414634 0.6969512195121951 0.14390243902439023 0.15
2 0.5018292682926829 0.7060975609756097 0.10121951219512196 0.17804878048780487
2 0.5670731707317073 0.6182926829268293 0.007317073170731708 0.007317073170731708
2 0.5890243902439024 0.6164634146341463 0.004878048780487805 0.006097560975609756
2 0.6079268292682927 0.6146341463414634 0.006097560975609756 0.007317073170731708
2 0.6298780487804878 0.6121951219512195 0.006097560975609756 0.007317073170731708
2 0.4774390243902439 0.6146341463414634 0.00853658536585366 0.012195121951219513
2 0.6481707317073171 0.6103658536585366 0.006097560975609756 0.006097560975609756
2 0.4969512195121951 0.6128048780487805 0.00853658536585366 0.013414634146341463
2 0.6701219512195122 0.6085365853658536 0.006097560975609756 0.007317073170731708
2 0.5176829268292683 0.6109756097560975 0.00853658536585366 0.012195121951219513
2 0.6884146341463414 0.6067073170731707 0.006097560975609756 0.006097560975609756
2 0.5371951219512195 0.6085365853658536 0.00853658536585366 0.012195121951219513
2 0.7097560975609756 0.6030487804878049 0.004878048780487805 0.003658536585365854
2 0.5579268292682927 0.6073170731707317 0.00853658536585366 0.012195121951219513
2 0.5786585365853658 0.6048780487804878 0.00853658536585366 0.012195121951219513
2 0.598170731707317 0.6024390243902439 0.00853658536585366 0.012195121951219513
2 0.6189024390243902 0.6012195121951219 0.00853658536585366 0.012195121951219513
2 0.5073170731707317 0.598780487804878 0.007317073170731708 0.007317073170731708
2 0.4871951219512195 0.6 0.00853658536585366 0.00975609756097561
2 0.46646341463414637 0.600609756097561 0.00853658536585366 0.01097560975609756
2 0.5274390243902439 0.5975609756097561 0.00853658536585366 0.007317073170731708
2 0.6384146341463415 0.598780487804878 0.00853658536585366 0.012195121951219513
2 0.5481707317073171 0.5957317073170731 0.006097560975609756 0.006097560975609756
2 0.5676829268292682 0.5939024390243902 0.006097560975609756 0.004878048780487805
2 0.6591463414634147 0.5969512195121951 0.00853658536585366 0.013414634146341463
2 0.6798780487804879 0.5951219512195122 0.00853658536585366 0.012195121951219513
2 0.5884146341463414 0.5920731707317073 0.006097560975609756 0.006097560975609756
2 0.699390243902439 0.5926829268292683 0.00853658536585366 0.012195121951219513
2 0.6085365853658536 0.5896341463414634 0.007317073170731708 0.006097560975609756
2 0.6292682926829268 0.5871951219512195 0.007317073170731708 0.006097560975609756
2 0.6487804878048781 0.5853658536585366 0.007317073170731708 0.007317073170731708
2 0.6689024390243903 0.5823170731707317 0.00853658536585366 0.00853658536585366
2 0.6896341463414634 0.5792682926829268 0.00853658536585366 0.00975609756097561
2 0.7097560975609756 0.5774390243902439 0.007317073170731708 0.01097560975609756
2 0.5286585365853659 0.751219512195122 0.4378048780487805 0.3878048780487805
2 0.37865853658536586 0.5091463414634146 0.06219512195121951 0.018292682926829267
2 0.38170731707317074 0.4951219512195122 0.00975609756097561 0.007317073170731708
2 0.4201219512195122 0.49085365853658536 0.00853658536585366 0.003658536585365854
2 0.3542682926829268 0.4896341463414634 0.0012195121951219512 0.0012195121951219512
2 0.3725609756097561 0.4902439024390244 0.015853658536585366 0.012195121951219513
2 0.39695121951219514 0.4871951219512195 0.015853658536585366 0.015853658536585366
2 0.42621951219512194 0.45426829268292684 0.020731707317073172 0.020731707317073172
2 0.37378048780487805 0.36585365853658536 0.015853658536585366 0.014634146341463415
2 0.5689024390243902 0.3573170731707317 0.0012195121951219512 0.0024390243902439024
2 0.572560975609756 0.35121951219512193 0.006097560975609756 0.0024390243902439024
2 0.3621951219512195 0.33719512195121953 0.012195121951219513 0.003658536585365854
2 0.33658536585365856 0.4189024390243902 0.13414634146341464 0.16951219512195123
2 0.34817073170731705 0.33475609756097563 0.01097560975609756 0.003658536585365854
2 0.32926829268292684 0.3323170731707317 0.004878048780487805 0.003658536585365854
2 0.3225609756097561 0.33170731707317075 0.003658536585365854 0.0024390243902439024
2 0.375 0.21341463414634146 0.006097560975609756 0.0024390243902439024
2 0.5914634146341463 0.349390243902439 0.3780487804878049 0.2817073170731707
2 0.3804878048780488 0.2073170731707317 0.007317073170731708 0.0024390243902439024
2 0.47012195121951217 0.19329268292682927 0.01097560975609756 0.00853658536585366
2 0.4682926829268293 0.18414634146341463 0.0024390243902439024 0.0024390243902439024
2 0.4920731707317073 0.1878048780487805 0.013414634146341463 0.012195121951219513
2 0.4432926829268293 0.19451219512195123 0.025609756097560974 0.02804878048780488
2 0.3621951219512195 0.2 0.10975609756097561 0.03902439024390244
2 0.5378048780487805 0.1847560975609756 0.014634146341463415 0.015853658536585366
2 0.5609756097560976 0.18353658536585366 0.012195121951219513 0.015853658536585366
2 0.5932926829268292 0.1878048780487805 0.03780487804878049 0.03902439024390244
2 0.6926829268292682 0.17804878048780487 0.01951219512195122 0.036585365853658534
2 0.48597560975609755 0.16219512195121952 0.006097560975609756 0.004878048780487805
2 0.5036585365853659 0.16097560975609757 0.007317073170731708 0.004878048780487805
2 0.5365853658536586 0.15914634146341464 0.004878048780487805 0.003658536585365854
2 0.5201219512195122 0.1597560975609756 0.006097560975609756 0.004878048780487805
2 0.3518292682926829 0.16219512195121952 0.07682926829268293 0.012195121951219513
2 0.4774390243902439 0.1548780487804878 0.006097560975609756 0.004878048780487805
2 0.49390243902439024 0.15365853658536585 0.007317073170731708 0.004878048780487805
2 0.5103658536585366 0.15304878048780488 0.006097560975609756 0.006097560975609756
2 0.37317073170731707 0.1628048780487805 0.12439024390243902 0.025609756097560974
2 0.5439024390243903 0.15182926829268292 0.007317073170731708 0.006097560975609756
2 0.5274390243902439 0.15182926829268292 0.006097560975609756 0.006097560975609756
2 0.626219512195122 0.14939024390243902 0.006097560975609756 0.003658536585365854
2 0.5640243902439024 0.14817073170731707 0.0012195121951219512 0.0012195121951219512
2 0.6646341463414634 0.1475609756097561 0.0024390243902439024 0.0024390243902439024
2 0.4676829268292683 0.14817073170731707 0.006097560975609756 0.006097560975609756
2 0.6359756097560976 0.1445121951219512 0.003658536585365854 0.003658536585365854
2 0.500609756097561 0.14512195121951219 0.006097560975609756 0.004878048780487805
2 0.48353658536585364 0.14573170731707316 0.006097560975609756 0.006097560975609756
2 0.6585365853658537 0.14268292682926828 0.0024390243902439024 0.0024390243902439024
2 0.551829268292683 0.14329268292682926 0.006097560975609756 0.006097560975609756
2 0.5347560975609756 0.14329268292682926 0.006097560975609756 0.006097560975609756
2 0.6640243902439025 0.12804878048780488 0.0012195121951219512 0.0024390243902439024
2 0.6731707317073171 0.13414634146341464 0.014634146341463415 0.02926829268292683
2 0.5567073170731708 0.1329268292682927 0.00853658536585366 0.036585365853658534
2 0.3603658536585366 0.1323170731707317 0.12317073170731707 0.03536585365853658
2 0.5457317073170732 0.11036585365853659 0.006097560975609756 0.006097560975609756
2 0.48353658536585364 0.10426829268292682 0.006097560975609756 0.006097560975609756
2 0.5048780487804878 0.12439024390243902 0.0951219512195122 0.046341463414634146
2 0.5182926829268293 0.10304878048780487 0.007317073170731708 0.006097560975609756
2 0.500609756097561 0.10365853658536585 0.006097560975609756 0.007317073170731708
2 0.5634146341463414 0.13597560975609757 0.24390243902439024 0.07439024390243902
2 0.5353658536585366 0.1024390243902439 0.007317073170731708 0.007317073170731708
2 0.3926829268292683 0.1024390243902439 0.00975609756097561 0.007317073170731708
2 0.3871951219512195 0.10121951219512196 0.006097560975609756 0.004878048780487805
2 0.4896341463414634 0.09573170731707317 0.006097560975609756 0.006097560975609756
2 0.4719512195121951 0.09573170731707317 0.007317073170731708 0.006097560975609756
2 0.525 0.09451219512195122 0.006097560975609756 0.006097560975609756
2 0.5073170731707317 0.0951219512195122 0.007317073170731708 0.007317073170731708
2 0.5420731707317074 0.09390243902439024 0.006097560975609756 0.007317073170731708
2 0.4823170731707317 0.08902439024390243 0.01097560975609756 0.0024390243902439024
2 0.4548780487804878 0.09268292682926829 0.014634146341463415 0.014634146341463415
2 0.526829268292683 0.08597560975609755 0.026829268292682926 0.006097560975609756
2 0.4871951219512195 0.07621951219512195 0.054878048780487805 0.006097560975609756