2 0.599375 0.921875 0.00125 0.00125
2 0.619375 0.91875 0.00375 0.0025
2 0.6125 0.911875 0.005 0.00625
2 0.651875 0.909375 0.00375 0.00375
2 0.606875 0.906875 0.00125 0.00125
2 0.644375 0.90375 0.01125 0.025
2 0.6825 0.890625 0.005 0.00375
2 0.67375 0.888125 0.0075 0.01125
2 0.63125 0.881875 0.0025 0.00375
2 0.639375 0.885 0.00875 0.0175
2 0.690625 0.875 0.00125 0.0025
2 0.77875 0.86875 0.0025 0.0025
2 0.763125 0.86875 0.00375 0.005
2 0.7175 0.88625 0.12 0.055
2 0.73625 0.858125 0.0025 0.00125
2 0.61625 0.834375 0.0025 0.00375
2 0.610625 0.83125 0.00375 0.005
2 0.714375 0.816875 0.00125 0.00125
2 0.605625 0.81125 0.00125 0.0025
2 0.616875 0.80125 0.00375 0.0075
2 0.616875 0.789375 0.00125 0.00125
2 0.674375 0.81375 0.11625 0.055
2 0.680625 0.789375 0.00625 0.00625
2 0.6775 0.783125 0.0025 0.00375
2 0.6825 0.77875 0.0025 0.0025
2 0.70625 0.776875 0.0025 0.00375
2 0.69875 0.766875 0.0025 0.00375
2 0.754375 0.794375 0.03875 0.06125
2 0.6525 0.76125 0.0025 0.0025
2 0.646875 0.760625 0.00125 0.00125
2 0.69375 0.745 0.0075 0.0075
2 0.609375 0.741875 0.00875 0.00625
2 0.63125 0.7375 0.0025 0.0025
2 0.631875 0.73125 0.00125 0.0025
2 0.621875 0.726875 0.00625 0.00625
2 0.605 0.725 0.005 0.005
2 0.674375 0.719375 0.00125 0.00375
2 0.673125 0.69125 0.00125 0.0025
2 0.694375 0.683125 0.00125 0.00375
2 0.694375 0.676875 0.00125 0.00125
2 0.606875 0.613125 0.00875 0.00625
2 0.60875 0.603125 0.005 0.00375
2 0.63625 0.586875 0.0025 0.00375
2 0.6225 0.5875 0.0125 0.0075
2 0.6375 0.57875 0.0025 0.0025
2 0.605 0.570625 0.005 0.00625
2 0.638125 0.56375 0.00125 0.0025
2 0.615625 0.563125 0.01375 0.02625
2 0.631875 0.54875 0.00125 0.0025
2 0.664375 0.54375 0.00625 0.0175
2 0.71375 0.534375 0.0025 0.00125
2 0.660625 0.52875 0.00375 0.005
2 0.655625 0.523125 0.00375 0.00625
2 0.605625 0.513125 0.00375 0.00375
2 0.6425 0.510625 0.015 0.01875
2 0.66875 0.506875 0.015 0.02375
2 0.605 0.498125 0.0025 0.00625
2 0.6575 0.495625 0.0025 0.00375
2 0.6475 0.5 0.0075 0.0125
2 0.64125 0.494375 0.005 0.00875
2 0.743125 0.489375 0.00125 0.00125
2 0.655 0.486875 0.0025 0.00125
2 0.745 0.48 0.005 0.0025
2 0.721875 0.48125 0.00375 0.005
2 0.643125 0.480625 0.00375 0.00625
2 0.6125 0.4775 0.0025 0.0025
2 0.773125 0.475625 0.00125 0.00125
2 0.789375 0.465 0.00125 0.0025
2 0.741875 0.449375 0.00375 0.00625
2 0.3875 0.448125 0.0075 0.00875
2 0.39875 0.433125 0.0025 0.00375
2 0.60625 0.431875 0.005 0.00375
2 0.615625 0.429375 0.00125 0.00125
2 0.38125 0.421875 0.005 0.00375
2 0.679375 0.416875 0.00125 0.00125
2 0.770625 0.41125 0.00625 0.0075
2 0.758125 0.39875 0.00625 0.005
2 0.4 0.403125 0.005 0.01375
2 0.691875 0.396875 0.00375 0.00375
2 0.750625 0.386875 0.00125 0.00125
2 0.38875 0.40875 0.01 0.05
2 0.37375 0.384375 0.005 0.00875
2 0.76625 0.376875 0.0025 0.00375
2 0.62 0.37125 0.005 0.0075
2 0.42625 0.36875 0.0025 0.0025
2 0.681875 0.37 0.00625 0.0075
2 0.31625 0.39375 0.07 0.055
2 0.6175 0.36 0.0025 0.005
2 0.788125 0.35875 0.00625 0.005
2 0.779375 0.353125 0.00375 0.00375
2 0.6325 0.348125 0.0375 0.02625
2 0.741875 0.331875 0.00375 0.00625
2 0.6175 0.3275 0.0025 0.0025
2 0.795625 0.324375 0.00125 0.00375
2 0.695 0.32375 0.0025 0.0025
2 0.780625 0.32125 0.00125 0.0025
2 0.614375 0.320625 0.00125 0.00125
2 0.6625 0.32 0.005 0.0025
2 0.786875 0.320625 0.00625 0.00625
2 0.265 0.314375 0.0025 0.00125
2 0.785625 0.314375 0.00375 0.00375
2 0.660625 0.313125 0.00125 0.00125
2 0.75125 0.3125 0.0025 0.0025
2 0.77625 0.316875 0.01 0.01375
2 0.775625 0.288125 0.00125 0.00375
2 0.6625 0.2925 0.005 0.0125
2 0.68625 0.285625 0.0075 0.00625
2 0.769375 0.27875 0.00125 0.0025
2 0.723125 0.276875 0.00375 0.00625
2 0.748125 0.273125 0.00375 0.00625
2 0.79625 0.268125 0.0025 0.00375
2 0.674375 0.2675 0.00375 0.005
2 0.745625 0.264375 0.00125 0.00375
2 0.795 0.254375 0.005 0.00875
2 0.671875 0.2525 0.00875 0.0075
2 0.77875 0.24875 0.0025 0.0025
2 0.775 0.2425 0.0075 0.005
2 0.784375 0.239375 0.00375 0.00375
2 0.76125 0.23125 0.005 0.005
2 0.77375 0.22875 0.005 0.0025
2 0.79625 0.230625 0.005 0.01375
2 0.75375 0.221875 0.0075 0.00875
2 0.74125 0.216875 0.005 0.00625
2 0.795625 0.2125 0.00125 0.0025
2 0.75625 0.210625 0.005 0.00625
2 0.76375 0.205625 0.0025 0.00375
2 0.78625 0.20125 0.005 0.005
2 0.586875 0.179375 0.00125 0.00125
2 0.59125 0.17875 0.005 0.0025
2 0.774375 0.17625 0.00625 0.0075
2 0.799375 0.171875 0.00125 0.00125
2 0.798125 0.16375 0.00125 0.0025
2 0.48375 0.523125 0.58 0.82125
2 0.705625 0.1925 0.18625 0.2125