2 0.09375 0.773125 0.0025 0.00125
2 0.103125 0.77125 0.00625 0.005
2 0.08375 0.770625 0.005 0.00375
2 0.094375 0.77625 0.10125 0.0275
2 0.1075 0.764375 0.005 0.00375
2 0.079375 0.76375 0.00625 0.005
2 0.13875 0.72625 0.055 0.0725
2 0.356875 0.68625 0.00375 0.0025
2 0.895625 0.733125 0.14375 0.11625
2 0.498125 0.733125 0.14625 0.11875
2 0.69625 0.731875 0.145 0.12125
2 0.219375 0.6625 0.00125 0.0025
2 0.1625 0.634375 0.005 0.08625
2 0.62875 0.618125 0.0125 0.09875
2 0.764375 0.60125 0.01125 0.1375
2 0.764375 0.524375 0.00125 0.00625
2 0.361875 0.6 0.00875 0.165
2 0.2925 0.636875 0.1425 0.31125
2 0.048125 0.620625 0.04875 0.28375
2 0.43 0.57125 0.01 0.19
2 0.63 0.520625 0.01 0.09125
2 0.96625 0.569375 0.0175 0.19125
2 0.77 0.490625 0.01 0.03625
2 0.029375 0.473125 0.00125 0.00125
2 0.5675 0.5725 0.0125 0.2025
2 0.828125 0.57 0.01375 0.2075
2 0.42625 0.463125 0.0025 0.00625
2 0.16875 0.459375 0.01 0.00875
2 0.3625 0.481875 0.0225 0.05875
2 0.775625 0.440625 0.00125 0.00125
2 0.22375 0.456875 0.0075 0.04625
2 0.623125 0.44125 0.00375 0.0225
2 0.175625 0.42875 0.00625 0.005
2 0.62375 0.42625 0.0025 0.0025
2 0.77875 0.41875 0.0025 0.0025
2 0.75125 0.421875 0.055 0.02125
2 0.76875 0.411875 0.0225 0.00625
2 0.656875 0.41125 0.00875 0.005
2 0.640625 0.415 0.04125 0.0175
2 0.774375 0.37875 0.01375 0.0525
2 0.765 0.325625 0.0175 0.04375
2 0.63875 0.315625 0.025 0.05875
2 0.9 0.27 0.165 0.345
2 0.50125 0.271875 0.165 0.35125
2 0.1 0.28125 0.165 0.37
2 0.298125 0.2625 0.16625 0.3375