2 0.23 0.7833333333333333 0.006666666666666667 0.006666666666666667
2 0.23 0.7616666666666667 0.006666666666666667 0.01
2 0.7433333333333333 0.75 0.05333333333333334 0.04666666666666667
2 0.6566666666666666 0.76 0.06 0.08
2 0.8166666666666667 0.725 0.04666666666666667 0.03
2 0.21333333333333335 0.7283333333333334 0.06 0.06333333333333334
2 0.8766666666666667 0.6916666666666667 0.03333333333333333 0.016666666666666666
2 0.14833333333333334 0.705 0.043333333333333335 0.043333333333333335
2 0.565 0.7416666666666667 0.056666666666666664 0.14333333333333334
2 0.10833333333333334 0.6783333333333333 0.016666666666666666 0.016666666666666666
2 0.47333333333333333 0.7366666666666667 0.06 0.15333333333333332
2 0.38166666666666665 0.7283333333333334 0.07 0.15
2 0.29333333333333333 0.715 0.07333333333333333 0.13666666666666666
2 0.44666666666666666 0.45 0.006666666666666667 0.006666666666666667
2 0.43166666666666664 0.435 0.016666666666666666 0.016666666666666666
2 0.485 0.325 0.12333333333333334 0.07