2 0.331 0.893 0.002 0.002
2 0.339 0.73 0.014 0.044
2 0.343 0.694 0.014 0.016
2 0.531 0.591 0.022 0.006
2 0.332 0.696 0.056 0.324
2 0.583 0.421 0.002 0.002
2 0.498 0.583 0.624 0.678
2 0.383 0.238 0.058 0.012
2 0.343 0.231 0.006 0.002
2 0.667 0.231 0.05 0.018
2 0.321 0.224 0.006 0.004
2 0.381 0.22 0.01 0.004
2 0.365 0.213 0.002 0.002
2 0.695 0.199 0.03 0.038
2 0.177 0.182 0.002 0.004
2 0.827 0.185 0.014 0.014
2 0.838 0.171 0.004 0.002
2 0.161 0.148 0.002 0.004
2 0.841 0.133 0.01 0.026
2 0.176 0.116 0.004 0.004
2 0.264 0.073 0.016 0.006
2 0.306 0.061 0.064 0.018
2 0.602 0.051 0.008 0.002
2 0.357 0.05 0.034 0.008
2 0.502 0.044 0.156 0.008