2 0.5433562071116657 0.6535003211303789 0.023705552089831567 0.017341040462427744
2 0.5608234560199625 0.6412973667308928 0.031191515907673113 0.012202954399486191
2 0.6313162819713038 0.6297366730892743 0.009981285090455396 0.005780346820809248
2 0.20024953212726138 0.6188182402055235 0.05489706799750468 0.03275529865125241
2 0.654398003742982 0.5889531149646756 0.03368683718028696 0.07450224791265253
2 0.8533998752339363 0.49068721901091844 0.0012476606363069245 0.0012845215157353885
2 0.8655645664379289 0.45375722543352603 0.0006238303181534623 0.0006422607578676942
2 0.7323767935121647 0.4627488760436737 0.024953212726138492 0.025048169556840076
2 0.8337492202121023 0.44540783558124597 0.0018714909544603868 0.0006422607578676942
2 0.8106674984404242 0.43705844572896596 0.0006238303181534623 0.0006422607578676942
2 0.42763568309419836 0.4332048811817598 0.0006238303181534623 0.0006422607578676942
2 0.42514036182158454 0.43159922928709055 0.0031191515907673115 0.002569043031470777
2 0.3593262632563943 0.4046242774566474 0.0012476606363069245 0.0012845215157353885
2 0.3895820336868372 0.41490044958253053 0.05801621958827199 0.047527296082209375
2 0.8365564566437929 0.37636480411046885 0.047411104179663134 0.11817597944765575
2 0.4940736119775421 0.49967886962106617 0.7623206487835309 0.5407835581245986