2 0.9935163996948894 0.6075 0.002288329519450801 0.005
2 0.996186117467582 0.5928125 0.004576659038901602 0.005625
2 0.9977116704805492 0.5728125 0.004576659038901602 0.004375
2 0.9977116704805492 0.5659375 0.004576659038901602 0.001875
2 0.9977116704805492 0.5590625 0.004576659038901602 0.001875
2 0.9977116704805492 0.54375 0.004576659038901602 0.00625
2 0.4252479023646072 0.1546875 0.0038138825324180014 0.003125
2 0.021739130434782608 0.1465625 0.006864988558352402 0.005625
2 0.35583524027459956 0.1290625 0.005339435545385202 0.003125
2 0.389397406559878 0.1284375 0.005339435545385202 0.004375
2 0.4225781845919146 0.126875 0.004576659038901602 0.00375
2 0.45652173913043476 0.125 0.002288329519450801 0.0025
2 0.31960335621662855 0.103125 0.007627765064836003 0.005
2 0.35430968726163237 0.101875 0.005339435545385202 0.005
2 0.38672768878718533 0.1 0.006102212051868803 0.00375
2 0.42067124332570555 0.0990625 0.005339435545385202 0.004375
2 0.014492753623188406 0.0915625 0.007627765064836003 0.005625
2 0.04881769641495042 0.0890625 0.007627765064836003 0.005625
2 0.08237986270022883 0.0875 0.006102212051868803 0.005
2 0.11594202898550725 0.0859375 0.009153318077803204 0.006875
2 0.2501906941266209 0.079375 0.0030511060259344014 0.00375
2 0.2841342486651411 0.0775 0.005339435545385202 0.005
2 0.3173150266971777 0.07625 0.007627765064836003 0.00625
2 0.3512585812356979 0.07375 0.006864988558352402 0.005
2 0.38482074752097634 0.0728125 0.006864988558352402 0.004375
2 0.41723874904652936 0.0703125 0.006102212051868803 0.003125
2 0.45156369183829137 0.069375 0.004576659038901602 0.00375
2 0.5183066361556065 0.0665625 0.0038138825324180014 0.003125
2 0.4843630816170862 0.0671875 0.006102212051868803 0.004375
2 0.5511060259344012 0.064375 0.0038138825324180014 0.0025
2 0.5842868039664378 0.063125 0.0030511060259344014 0.0025
2 0.011823035850495805 0.0628125 0.008390541571319604 0.006875
2 0.046147978642257816 0.06125 0.009916094584286803 0.0075
2 0.7154843630816171 0.0575 0.0030511060259344014 0.0025
2 0.07780320366132723 0.06 0.009153318077803204 0.0075
2 0.11403508771929824 0.0575 0.009916094584286803 0.00875
2 0.2143401983218917 0.0525 0.007627765064836003 0.005
2 0.2486651411136537 0.05125 0.006102212051868803 0.00625
2 0.2795575896262395 0.0496875 0.008390541571319604 0.005625
2 0.3154080854309687 0.0475 0.008390541571319604 0.0075
2 0.3485888634630053 0.04625 0.007627765064836003 0.0075
2 0.38253241800152554 0.0446875 0.008390541571319604 0.006875
2 0.41533180778032036 0.043125 0.008390541571319604 0.00625
2 0.4496567505720824 0.04125 0.0038138825324180014 0.00375
2 0.4824561403508772 0.0403125 0.006864988558352402 0.005625
2 0.515255530129672 0.038125 0.006864988558352402 0.005
2 0.5484363081617086 0.0375 0.006102212051868803 0.005
2 0.5823798627002288 0.0359375 0.005339435545385202 0.004375
2 0.6819221967963387 0.0321875 0.0015255530129672007 0.000625
2 0.6151792524790236 0.03375 0.005339435545385202 0.005
2 0.006864988558352402 0.035 0.013729977116704805 0.0075
2 0.6479786422578184 0.033125 0.005339435545385202 0.005
2 0.04271548436308162 0.033125 0.012204424103737605 0.00875
2 0.7139588100686499 0.0303125 0.004576659038901602 0.004375
2 0.7463768115942029 0.0284375 0.0038138825324180014 0.003125
2 0.07589626239511824 0.0309375 0.012967200610221205 0.008125
2 0.14378337147215867 0.0284375 0.009916094584286803 0.006875
2 0.11022120518688025 0.0296875 0.009916094584286803 0.009375
2 0.8436308161708619 0.025625 0.0030511060259344014 0.0025
2 0.5 0.5115625 1.0 0.976875
2 0.876048817696415 0.023125 0.0038138825324180014 0.0025
2 0.5488176964149504 0.0240625 0.006864988558352402 0.005625
2 0.2116704805491991 0.024375 0.009916094584286803 0.0075
2 0.2448512585812357 0.02375 0.009153318077803204 0.0075
2 0.3123569794050343 0.0203125 0.008390541571319604 0.006875
2 0.2784134248665141 0.02125 0.009153318077803204 0.00875
2 0.34630053394355453 0.0190625 0.007627765064836003 0.008125
2 0.37948131197559115 0.0165625 0.008390541571319604 0.006875
2 0.41266209000762777 0.0153125 0.007627765064836003 0.006875
2 0.446605644546148 0.0134375 0.008390541571319604 0.006875
2 0.4794050343249428 0.0121875 0.006864988558352402 0.005625
2 0.5129672006102212 0.010625 0.005339435545385202 0.005
2 0.545766590389016 0.009375 0.006864988558352402 0.005
2 0.580091533180778 0.0078125 0.005339435545385202 0.004375
2 0.6788710907704043 0.0034375 0.0015255530129672007 0.001875
2 0.004958047292143402 0.00625 0.009916094584286803 0.00875
2 0.7444698703279939 0.0015625 0.0015255530129672007 0.001875
2 0.7768878718535469 0.000625 0.002288329519450801 0.00125
2 0.7120518688024409 0.001875 0.0038138825324180014 0.00375
2 0.20671243325705568 0.000625 0.0015255530129672007 0.00125
2 0.17467581998474446 0.00125 0.006102212051868803 0.0025
2 0.14073226544622425 0.0021875 0.011441647597254004 0.004375
2 0.10640732265446225 0.0028125 0.011441647597254004 0.005625
2 0.07246376811594203 0.0040625 0.010678871090770405 0.008125
2 0.03775743707093822 0.0046875 0.012967200610221205 0.009375