2 0.18 0.8153846153846154 0.006153846153846154 0.012307692307692308
2 0.1976923076923077 0.8107692307692308 0.004615384615384616 0.009230769230769232
2 0.18615384615384614 0.8046153846153846 0.003076923076923077 0.003076923076923077
2 0.17692307692307693 0.796923076923077 0.003076923076923077 0.006153846153846154
2 0.19076923076923077 0.7815384615384615 0.003076923076923077 0.006153846153846154
2 0.1723076923076923 0.7815384615384615 0.003076923076923077 0.006153846153846154
2 0.20153846153846153 0.7753846153846153 0.003076923076923077 0.006153846153846154
2 0.21 0.7707692307692308 0.0015384615384615385 0.003076923076923077
2 0.16153846153846155 0.7723076923076924 0.006153846153846154 0.012307692307692308
2 0.18923076923076923 0.7661538461538462 0.003076923076923077 0.006153846153846154
2 0.17 0.7646153846153846 0.004615384615384616 0.009230769230769232
2 0.2123076923076923 0.7507692307692307 0.003076923076923077 0.006153846153846154
2 0.1476923076923077 0.7476923076923077 0.003076923076923077 0.006153846153846154
2 0.1753846153846154 0.7430769230769231 0.003076923076923077 0.003076923076923077
2 0.15692307692307692 0.7461538461538462 0.006153846153846154 0.021538461538461538
2 0.17076923076923076 0.7323076923076923 0.003076923076923077 0.006153846153846154
2 0.14461538461538462 0.7338461538461538 0.003076923076923077 0.009230769230769232
2 0.19153846153846155 0.7323076923076923 0.004615384615384616 0.012307692307692308
2 0.2 0.7246153846153847 0.003076923076923077 0.009230769230769232
2 0.14076923076923076 0.7184615384615385 0.004615384615384616 0.009230769230769232
2 0.1476923076923077 0.7092307692307692 0.003076923076923077 0.009230769230769232
2 0.13 0.7092307692307692 0.004615384615384616 0.009230769230769232
2 0.18615384615384614 0.703076923076923 0.003076923076923077 0.003076923076923077
2 0.1376923076923077 0.7015384615384616 0.004615384615384616 0.006153846153846154
2 0.14692307692307693 0.6953846153846154 0.0015384615384615385 0.006153846153846154
2 0.12384615384615384 0.6784615384615384 0.004615384615384616 0.009230769230769232
2 0.1423076923076923 0.6738461538461539 0.004615384615384616 0.006153846153846154
2 0.11153846153846154 0.6692307692307692 0.0015384615384615385 0.003076923076923077
2 0.1676923076923077 0.6630769230769231 0.003076923076923077 0.003076923076923077
2 0.10153846153846154 0.66 0.003076923076923077 0.003076923076923077
2 0.15692307692307692 0.6507692307692308 0.003076923076923077 0.003076923076923077
2 0.10923076923076923 0.6523076923076923 0.003076923076923077 0.006153846153846154
2 0.16307692307692306 0.6461538461538462 0.003076923076923077 0.006153846153846154
2 0.09923076923076923 0.6446153846153846 0.0015384615384615385 0.003076923076923077
2 0.08846153846153847 0.6369230769230769 0.004615384615384616 0.006153846153846154
2 0.07769230769230769 0.6276923076923077 0.004615384615384616 0.006153846153846154
2 0.08461538461538462 0.6215384615384615 0.003076923076923077 0.006153846153846154
2 0.13692307692307693 0.6169230769230769 0.003076923076923077 0.003076923076923077
2 0.15384615384615385 0.6184615384615385 0.009230769230769232 0.012307692307692308
2 0.1523076923076923 0.6046153846153847 0.003076923076923077 0.009230769230769232
2 0.09 0.5969230769230769 0.0015384615384615385 0.006153846153846154
2 0.11461538461538462 0.5892307692307692 0.0015384615384615385 0.003076923076923077
2 0.07769230769230769 0.5892307692307692 0.0015384615384615385 0.003076923076923077
2 0.06846153846153846 0.5815384615384616 0.004615384615384616 0.006153846153846154
2 0.057692307692307696 0.5738461538461539 0.0015384615384615385 0.003076923076923077
2 0.13615384615384615 0.5646153846153846 0.004615384615384616 0.009230769230769232
2 0.038461538461538464 0.56 0.003076923076923077 0.006153846153846154
2 0.04384615384615385 0.5507692307692308 0.0015384615384615385 0.006153846153846154
2 0.05153846153846154 0.5430769230769231 0.004615384615384616 0.009230769230769232
2 0.10923076923076923 0.5338461538461539 0.003076923076923077 0.003076923076923077
2 0.03769230769230769 0.5384615384615384 0.010769230769230769 0.012307692307692308
2 0.036923076923076927 0.5184615384615384 0.003076923076923077 0.003076923076923077
2 0.05615384615384615 0.5184615384615384 0.004615384615384616 0.009230769230769232
2 0.045384615384615384 0.5092307692307693 0.0015384615384615385 0.003076923076923077
2 0.02846153846153846 0.5107692307692308 0.004615384615384616 0.012307692307692308
2 0.11153846153846154 0.4969230769230769 0.0015384615384615385 0.003076923076923077
2 0.024615384615384615 0.4969230769230769 0.003076923076923077 0.003076923076923077
2 0.05923076923076923 0.4938461538461538 0.0015384615384615385 0.003076923076923077
2 0.043076923076923075 0.4938461538461538 0.003076923076923077 0.003076923076923077
2 0.040769230769230766 0.47846153846153844 0.0015384615384615385 0.003076923076923077
2 0.0038461538461538464 0.48307692307692307 0.007692307692307693 0.012307692307692308
2 0.05692307692307692 0.47692307692307695 0.003076923076923077 0.006153846153846154
2 0.010769230769230769 0.4723076923076923 0.003076923076923077 0.003076923076923077
2 0.026153846153846153 0.46923076923076923 0.003076923076923077 0.003076923076923077
2 0.019230769230769232 0.46307692307692305 0.0015384615384615385 0.003076923076923077
2 0.002307692307692308 0.4646153846153846 0.004615384615384616 0.012307692307692308
2 0.009230769230769232 0.4553846153846154 0.003076923076923077 0.006153846153846154
2 0.0015384615384615385 0.40923076923076923 0.003076923076923077 0.006153846153846154
2 0.033846153846153845 0.31076923076923074 0.009230769230769232 0.018461538461538463
2 0.0007692307692307692 0.26 0.0015384615384615385 0.003076923076923077
2 0.9992307692307693 0.06615384615384616 0.0015384615384615385 0.003076923076923077
2 0.9984615384615385 0.05384615384615385 0.003076923076923077 0.003076923076923077
2 0.9892307692307692 0.03076923076923077 0.009230769230769232 0.012307692307692308
2 0.9976923076923077 0.021538461538461538 0.004615384615384616 0.006153846153846154
2 0.9946153846153846 0.004615384615384616 0.010769230769230769 0.009230769230769232
2 0.5 0.5 1.0 1.0