2 0.2325 0.7855 0.162 0.425
2 0.182 0.565 0.001 0.003
2 0.184 0.56125 0.001 0.0025
2 0.186 0.55775 0.001 0.0025
2 0.47 0.18575 0.018 0.0065
2 0.485 0.182 0.004 0.002
2 0.31025 0.1815 0.0025 0.003
2 0.31575 0.17475 0.0005 0.0015
2 0.46125 0.16075 0.0205 0.0075
2 0.481 0.15525 0.003 0.0015
2 0.48475 0.15425 0.0015 0.0005
2 0.378 0.15025 0.001 0.0005
2 0.37375 0.148 0.0015 0.001
2 0.5235 0.14375 0.002 0.0005
2 0.44925 0.1305 0.0035 0.001
2 0.456 0.1285 0.002 0.001
2 0.471 0.09025 0.002 0.0005
2 0.507 0.53875 0.64 0.9225