2 0.16 0.6433333333333333 0.002962962962962963 0.0022222222222222222
2 0.22148148148148147 0.6411111111111111 0.01037037037037037 0.013333333333333334
2 0.19037037037037038 0.6316666666666667 0.0044444444444444444 0.005555555555555556
2 0.5081481481481481 0.5977777777777777 0.008888888888888889 0.011111111111111112
2 0.5 0.5883333333333334 0.0014814814814814814 0.0011111111111111111
2 0.17555555555555555 0.6211111111111111 0.022222222222222223 0.08222222222222222
2 0.8192592592592592 0.5983333333333334 0.12444444444444444 0.2388888888888889
2 0.49925925925925924 0.5733333333333334 0.11259259259259259 0.22666666666666666
2 0.1962962962962963 0.4861111111111111 0.11703703703703704 0.17666666666666667
2 0.5311111111111111 0.38555555555555554 0.13777777777777778 0.14222222222222222
2 0.794074074074074 0.3838888888888889 0.13037037037037036 0.18777777777777777
2 0.2325925925925926 0.34055555555555556 0.1688888888888889 0.13666666666666666
2 0.5037037037037037 0.2922222222222222 0.047407407407407405 0.044444444444444446