2 0.91015625 0.5416178194607268 0.0078125 0.004689331770222743
2 0.9921875 0.5234466588511137 0.015625 0.0035169988276670576
2 0.29453125 0.5181711606096131 0.0046875 0.0023446658851113715
2 0.28125 0.5175849941383353 0.00625 0.0035169988276670576
2 0.28984375 0.5140679953106683 0.0015625 0.0011723329425556857
2 0.28203125 0.5128956623681126 0.0015625 0.0011723329425556857
2 0.31875 0.5158264947245017 0.00625 0.009378663540445486
2 0.2640625 0.5140679953106683 0.0125 0.008206330597889801
2 0.28671875 0.5105509964830012 0.0046875 0.0035169988276670576
2 0.2734375 0.5093786635404455 0.003125 0.0011723329425556857
2 0.22734375 0.5128956623681126 0.0046875 0.008206330597889801
2 0.21953125 0.5099648300117233 0.0015625 0.0023446658851113715
2 0.2359375 0.5128956623681126 0.009375 0.010550996483001172
2 0.20703125 0.5146541617819461 0.0203125 0.01406799531066823
2 0.17109375 0.5140679953106683 0.0140625 0.012895662368112544
2 0.1875 0.5134818288393904 0.01875 0.01406799531066823
2 0.1625 0.5076201641266119 0.003125 0.0023446658851113715
2 0.14296875 0.5117233294255569 0.0140625 0.012895662368112544
2 0.12578125 0.5099648300117233 0.0203125 0.009378663540445486
2 0.10625 0.5087924970691676 0.0125 0.009378663540445486
2 0.0609375 0.5082063305978898 0.01875 0.008206330597889801
2 0.03984375 0.5064478311840562 0.0078125 0.009378663540445486
2 0.02578125 0.5058616647127784 0.0140625 0.008206330597889801
2 0.04921875 0.5029308323563892 0.0078125 0.007033997655334115
2 0.00390625 0.5041031652989449 0.0078125 0.011723329425556858
2 0.05078125 0.47479484173505276 0.0046875 0.0023446658851113715
2 0.04375 0.46365767878077374 0.003125 0.0011723329425556857
2 0.21328125 0.4425556858147714 0.0078125 0.005861664712778429
2 0.3265625 0.38335287221570924 0.00625 0.021101992966002344
2 0.325 0.35873388042203985 0.003125 0.004689331770222743
2 0.2328125 0.2954279015240328 0.003125 0.004689331770222743
2 0.5 0.5 1.0 1.0