2 0.7137777777777777 0.9996666666666667 0.0017777777777777779 0.0006666666666666666
2 0.6982222222222222 0.9993333333333333 0.0008888888888888889 0.0013333333333333333
2 0.452 0.9993333333333333 0.0026666666666666666 0.0013333333333333333
2 0.23066666666666666 0.9993333333333333 0.0026666666666666666 0.0013333333333333333
2 0.708 0.9983333333333333 0.0044444444444444444 0.0033333333333333335
2 0.7066666666666667 0.9963333333333333 0.0017777777777777779 0.0006666666666666666
2 0.4484444444444444 0.9783333333333334 0.0008888888888888889 0.0006666666666666666
2 0.45466666666666666 0.973 0.009777777777777778 0.0033333333333333335
2 0.45066666666666666 0.9703333333333334 0.0017777777777777779 0.0006666666666666666
2 0.44044444444444447 0.9696666666666667 0.0008888888888888889 0.0006666666666666666
2 0.43644444444444447 0.9686666666666667 0.0017777777777777779 0.0013333333333333333
2 0.45111111111111113 0.967 0.0008888888888888889 0.0006666666666666666
2 0.4408888888888889 0.9653333333333334 0.0035555555555555557 0.0013333333333333333
2 0.44533333333333336 0.965 0.0035555555555555557 0.002
2 0.44266666666666665 0.963 0.0017777777777777779 0.0006666666666666666
2 0.44622222222222224 0.956 0.0017777777777777779 0.0013333333333333333
2 0.4488888888888889 0.952 0.0017777777777777779 0.0013333333333333333
2 0.4488888888888889 0.942 0.0071111111111111115 0.004
2 0.44266666666666665 0.9396666666666667 0.0017777777777777779 0.0006666666666666666
2 0.9982222222222222 0.7716666666666666 0.0035555555555555557 0.002
2 0.9902222222222222 0.7676666666666667 0.0017777777777777779 0.0006666666666666666
2 0.984 0.766 0.0017777777777777779 0.0013333333333333333
2 0.9942222222222222 0.7636666666666667 0.0008888888888888889 0.0006666666666666666
2 0.9928888888888889 0.7603333333333333 0.014222222222222223 0.004666666666666667
2 0.9791111111111112 0.759 0.0044444444444444444 0.002
2 0.9933333333333333 0.755 0.0008888888888888889 0.0006666666666666666
2 0.9853333333333333 0.7553333333333333 0.011555555555555555 0.005333333333333333
2 0.5008888888888889 0.6453333333333333 0.0026666666666666666 0.0013333333333333333
2 0.4662222222222222 0.6293333333333333 0.0026666666666666666 0.0013333333333333333
2 0.9902222222222222 0.6286666666666667 0.0017777777777777779 0.0013333333333333333
2 0.4097777777777778 0.6283333333333333 0.0035555555555555557 0.002
2 0.9964444444444445 0.628 0.0071111111111111115 0.0026666666666666666
2 0.4315555555555556 0.6246666666666667 0.0026666666666666666 0.0013333333333333333
2 0.9488888888888889 0.6236666666666667 0.0008888888888888889 0.0006666666666666666
2 0.9391111111111111 0.6206666666666667 0.0026666666666666666 0.0013333333333333333
2 0.8942222222222223 0.619 0.0017777777777777779 0.0006666666666666666
2 0.9706666666666667 0.6176666666666667 0.0017777777777777779 0.0006666666666666666
2 0.8484444444444444 0.618 0.0044444444444444444 0.0013333333333333333
2 0.9351111111111111 0.617 0.0017777777777777779 0.0006666666666666666
2 0.9177777777777778 0.617 0.0008888888888888889 0.0006666666666666666
2 0.9106666666666666 0.6173333333333333 0.0026666666666666666 0.0013333333333333333
2 0.9004444444444445 0.6173333333333333 0.0017777777777777779 0.0013333333333333333
2 0.8862222222222222 0.6173333333333333 0.0017777777777777779 0.0013333333333333333
2 0.8586666666666667 0.6173333333333333 0.0017777777777777779 0.0013333333333333333
2 0.9622222222222222 0.6166666666666667 0.0026666666666666666 0.0013333333333333333
2 0.9457777777777778 0.6176666666666667 0.0071111111111111115 0.0033333333333333335
2 0.9222222222222223 0.6163333333333333 0.0008888888888888889 0.0006666666666666666
2 0.8942222222222223 0.6166666666666667 0.0017777777777777779 0.0013333333333333333
2 0.8715555555555555 0.617 0.0044444444444444444 0.0033333333333333335
2 0.836 0.616 0.0008888888888888889 0.0013333333333333333
2 0.8226666666666667 0.6156666666666667 0.0008888888888888889 0.0006666666666666666
2 0.7884444444444444 0.6163333333333333 0.0035555555555555557 0.002
2 0.9582222222222222 0.615 0.0017777777777777779 0.0006666666666666666
2 0.9133333333333333 0.6153333333333333 0.0026666666666666666 0.0013333333333333333
2 0.8631111111111112 0.6153333333333333 0.0035555555555555557 0.0013333333333333333
2 0.8097777777777778 0.6153333333333333 0.0017777777777777779 0.0013333333333333333
2 0.752 0.615 0.0017777777777777779 0.0006666666666666666
2 0.9053333333333333 0.615 0.0026666666666666666 0.002
2 0.8795555555555555 0.6153333333333333 0.0044444444444444444 0.0026666666666666666
2 0.7755555555555556 0.6143333333333333 0.0008888888888888889 0.0006666666666666666
2 0.716 0.6146666666666667 0.0026666666666666666 0.0013333333333333333
2 0.9488888888888889 0.6146666666666667 0.0044444444444444444 0.0026666666666666666
2 0.8537777777777777 0.614 0.0026666666666666666 0.0013333333333333333
2 0.9746666666666667 0.613 0.0008888888888888889 0.0006666666666666666
2 0.9528888888888889 0.613 0.0017777777777777779 0.0006666666666666666
2 0.9875555555555555 0.6123333333333333 0.0017777777777777779 0.0006666666666666666
2 0.9613333333333334 0.613 0.0026666666666666666 0.002
2 0.9213333333333333 0.613 0.0026666666666666666 0.002
2 0.8688888888888889 0.6133333333333333 0.006222222222222222 0.0026666666666666666
2 0.8093333333333333 0.6126666666666667 0.0008888888888888889 0.0013333333333333333
2 0.7346666666666667 0.6123333333333333 0.0008888888888888889 0.0006666666666666666
2 0.9182222222222223 0.612 0.0017777777777777779 0.0013333333333333333
2 0.8022222222222222 0.6116666666666667 0.0008888888888888889 0.0006666666666666666
2 0.7035555555555556 0.6116666666666667 0.0008888888888888889 0.0006666666666666666
2 0.8315555555555556 0.6123333333333333 0.006222222222222222 0.0033333333333333335
2 0.8226666666666667 0.6123333333333333 0.006222222222222222 0.0033333333333333335
2 0.8048888888888889 0.611 0.0008888888888888889 0.0006666666666666666
2 0.7448888888888889 0.6116666666666667 0.0035555555555555557 0.002
2 0.6577777777777778 0.6113333333333333 0.0017777777777777779 0.0013333333333333333
2 0.7626666666666667 0.6116666666666667 0.0035555555555555557 0.0033333333333333335
2 0.7995555555555556 0.61 0.0026666666666666666 0.0013333333333333333
2 0.5871111111111111 0.61 0.0026666666666666666 0.0013333333333333333
2 0.9573333333333334 0.6093333333333333 0.0035555555555555557 0.0013333333333333333
2 0.9124444444444444 0.61 0.006222222222222222 0.0026666666666666666
2 0.8711111111111111 0.61 0.0035555555555555557 0.0026666666666666666
2 0.8546666666666667 0.609 0.0008888888888888889 0.0006666666666666666
2 0.8404444444444444 0.6096666666666667 0.0044444444444444444 0.002
2 0.7951111111111111 0.6093333333333333 0.0026666666666666666 0.0013333333333333333
2 0.9933333333333333 0.609 0.0026666666666666666 0.002
2 0.9413333333333334 0.6093333333333333 0.0035555555555555557 0.0026666666666666666
2 0.9311111111111111 0.6116666666666667 0.015111111111111112 0.007333333333333333
2 0.8128888888888889 0.61 0.0044444444444444444 0.004
2 0.7351111111111112 0.6086666666666667 0.0035555555555555557 0.0013333333333333333
2 0.6493333333333333 0.6083333333333333 0.0008888888888888889 0.0006666666666666666
2 0.948 0.608 0.0026666666666666666 0.0013333333333333333
2 0.9 0.6106666666666667 0.018666666666666668 0.006666666666666667
2 0.8208888888888889 0.609 0.006222222222222222 0.0033333333333333335
2 0.7391111111111112 0.6076666666666667 0.0008888888888888889 0.0006666666666666666
2 0.7248888888888889 0.608 0.0026666666666666666 0.0013333333333333333
2 0.9875555555555555 0.6073333333333333 0.0017777777777777779 0.0013333333333333333
2 0.8666666666666667 0.607 0.0017777777777777779 0.0006666666666666666
2 0.8151111111111111 0.607 0.0017777777777777779 0.0006666666666666666
2 0.7208888888888889 0.6073333333333333 0.0017777777777777779 0.0013333333333333333
2 0.9422222222222222 0.6066666666666667 0.0017777777777777779 0.0013333333333333333
2 0.8328888888888889 0.606 0.0035555555555555557 0.0013333333333333333
2 0.9911111111111112 0.6053333333333333 0.0017777777777777779 0.0013333333333333333
2 0.9617777777777777 0.6053333333333333 0.0017777777777777779 0.0013333333333333333
2 0.9266666666666666 0.6063333333333333 0.006222222222222222 0.0033333333333333335
2 0.756 0.6053333333333333 0.0008888888888888889 0.0013333333333333333
2 0.9502222222222222 0.6043333333333333 0.0017777777777777779 0.0006666666666666666
2 0.8248888888888889 0.605 0.0017777777777777779 0.002
2 0.7528888888888889 0.605 0.0017777777777777779 0.002
2 0.7173333333333334 0.6043333333333333 0.0017777777777777779 0.0006666666666666666
2 0.9177777777777778 0.6043333333333333 0.0044444444444444444 0.002
2 0.8568888888888889 0.6043333333333333 0.005333333333333333 0.002
2 0.7746666666666666 0.607 0.009777777777777778 0.007333333333333333
2 0.7044444444444444 0.6056666666666667 0.0044444444444444444 0.004666666666666667
2 0.6768888888888889 0.604 0.0008888888888888889 0.0013333333333333333
2 0.644 0.6036666666666667 0.0008888888888888889 0.0006666666666666666
2 0.9048888888888889 0.603 0.0017777777777777779 0.0006666666666666666
2 0.8151111111111111 0.603 0.0017777777777777779 0.0006666666666666666
2 0.7115555555555556 0.6043333333333333 0.006222222222222222 0.0033333333333333335
2 0.6653333333333333 0.6036666666666667 0.0026666666666666666 0.002
2 0.5666666666666667 0.603 0.0008888888888888889 0.0006666666666666666
2 0.9742222222222222 0.6033333333333334 0.0035555555555555557 0.0026666666666666666
2 0.7924444444444444 0.6043333333333333 0.011555555555555555 0.004666666666666667
2 0.7497777777777778 0.6026666666666667 0.0008888888888888889 0.0013333333333333333
2 0.5755555555555556 0.6023333333333334 0.0026666666666666666 0.0006666666666666666
2 0.9946666666666667 0.6023333333333334 0.0017777777777777779 0.002
2 0.8351111111111111 0.6016666666666667 0.0008888888888888889 0.0006666666666666666
2 0.7617777777777778 0.602 0.0017777777777777779 0.0013333333333333333
2 0.6884444444444444 0.602 0.0026666666666666666 0.0013333333333333333
2 0.988 0.6013333333333334 0.0008888888888888889 0.0013333333333333333
2 0.9542222222222222 0.601 0.0026666666666666666 0.0006666666666666666
2 0.9248888888888889 0.6026666666666667 0.008 0.004
2 0.9124444444444444 0.601 0.0008888888888888889 0.0006666666666666666
2 0.8666666666666667 0.6016666666666667 0.005333333333333333 0.002
2 0.8466666666666667 0.601 0.0008888888888888889 0.0006666666666666666
2 0.828 0.6013333333333334 0.0026666666666666666 0.0013333333333333333
2 0.8044444444444444 0.6043333333333333 0.010666666666666666 0.007333333333333333
2 0.756 0.6016666666666667 0.0026666666666666666 0.002
2 0.7235555555555555 0.6013333333333334 0.0017777777777777779 0.0013333333333333333
2 0.5551111111111111 0.6016666666666667 0.0026666666666666666 0.002
2 0.9666666666666667 0.6006666666666667 0.0026666666666666666 0.0013333333333333333
2 0.8822222222222222 0.6006666666666667 0.0008888888888888889 0.0013333333333333333
2 0.8595555555555555 0.601 0.0035555555555555557 0.002
2 0.8502222222222222 0.6003333333333334 0.0008888888888888889 0.0006666666666666666
2 0.7662222222222222 0.6006666666666667 0.0017777777777777779 0.0013333333333333333
2 0.7155555555555555 0.6003333333333334 0.0017777777777777779 0.0006666666666666666
2 0.6515555555555556 0.6016666666666667 0.0071111111111111115 0.0033333333333333335
2 0.5311111111111111 0.601 0.0044444444444444444 0.002
2 0.7844444444444445 0.6006666666666667 0.0026666666666666666 0.0026666666666666666
2 0.7044444444444444 0.6003333333333334 0.0026666666666666666 0.002
2 0.9746666666666667 0.599 0.0008888888888888889 0.0006666666666666666
2 0.8817777777777778 0.605 0.019555555555555555 0.012666666666666666
2 0.7684444444444445 0.599 0.0008888888888888889 0.0006666666666666666
2 0.6644444444444444 0.5996666666666667 0.0026666666666666666 0.002
2 0.624 0.5996666666666667 0.005333333333333333 0.002
2 0.9057777777777778 0.5993333333333334 0.0035555555555555557 0.0026666666666666666
2 0.8351111111111111 0.599 0.0026666666666666666 0.002
2 0.8022222222222222 0.599 0.0026666666666666666 0.002
2 0.7506666666666667 0.5983333333333334 0.0008888888888888889 0.0006666666666666666
2 0.748 0.599 0.0026666666666666666 0.002
2 0.4128888888888889 0.5986666666666667 0.0026666666666666666 0.0013333333333333333
2 0.9475555555555556 0.5983333333333334 0.005333333333333333 0.002
2 0.5751111111111111 0.598 0.0017777777777777779 0.0013333333333333333
2 0.5657777777777778 0.598 0.0026666666666666666 0.0013333333333333333
2 0.5337777777777778 0.5983333333333334 0.0026666666666666666 0.002
2 0.9271111111111111 0.5976666666666667 0.005333333333333333 0.002
2 0.8964444444444445 0.6033333333333334 0.009777777777777778 0.013333333333333334
2 0.8382222222222222 0.597 0.0017777777777777779 0.0006666666666666666
2 0.7564444444444445 0.597 0.0017777777777777779 0.0006666666666666666
2 0.7471111111111111 0.597 0.0008888888888888889 0.0006666666666666666
2 0.7266666666666667 0.598 0.0026666666666666666 0.0026666666666666666
2 0.6182222222222222 0.5976666666666667 0.0044444444444444444 0.002
2 0.5151111111111111 0.598 0.0026666666666666666 0.0026666666666666666
2 0.9213333333333333 0.5963333333333334 0.0008888888888888889 0.0006666666666666666
2 0.8897777777777778 0.597 0.0035555555555555557 0.002
2 0.8706666666666667 0.5963333333333334 0.0008888888888888889 0.0006666666666666666
2 0.7946666666666666 0.5966666666666667 0.0017777777777777779 0.0013333333333333333
2 0.7711111111111111 0.5963333333333334 0.0008888888888888889 0.0006666666666666666
2 0.6337777777777778 0.5976666666666667 0.0071111111111111115 0.0033333333333333335
2 0.528 0.597 0.0071111111111111115 0.002
2 0.9826666666666667 0.596 0.0026666666666666666 0.0013333333333333333
2 0.8142222222222222 0.5956666666666667 0.0017777777777777779 0.0006666666666666666
2 0.6884444444444444 0.5966666666666667 0.0044444444444444444 0.0026666666666666666
2 0.648 0.5956666666666667 0.0017777777777777779 0.0006666666666666666
2 0.9053333333333333 0.595 0.0008888888888888889 0.0006666666666666666
2 0.8964444444444445 0.595 0.0026666666666666666 0.0006666666666666666
2 0.8528888888888889 0.5953333333333334 0.0008888888888888889 0.0013333333333333333
2 0.8413333333333334 0.596 0.0026666666666666666 0.0026666666666666666
2 0.552 0.5963333333333334 0.005333333333333333 0.0033333333333333335
2 0.9866666666666667 0.595 0.005333333333333333 0.002
2 0.9791111111111112 0.5943333333333334 0.0008888888888888889 0.0006666666666666666
2 0.9551111111111111 0.595 0.0026666666666666666 0.002
2 0.9288888888888889 0.5946666666666667 0.0035555555555555557 0.0013333333333333333
2 0.8653333333333333 0.595 0.0026666666666666666 0.002
2 0.8346666666666667 0.5946666666666667 0.0017777777777777779 0.0013333333333333333
2 0.6808888888888889 0.5946666666666667 0.0017777777777777779 0.0013333333333333333
2 0.41644444444444445 0.5953333333333334 0.0044444444444444444 0.0026666666666666666
2 0.9608888888888889 0.5943333333333334 0.0035555555555555557 0.002
2 0.9022222222222223 0.5936666666666667 0.0017777777777777779 0.0006666666666666666
2 0.0013333333333333333 0.5693333333333334 0.0026666666666666666 0.0013333333333333333
2 0.008 0.5683333333333334 0.0017777777777777779 0.002
2 0.00044444444444444447 0.5656666666666667 0.0008888888888888889 0.0006666666666666666
2 0.024 0.5663333333333334 0.005333333333333333 0.0033333333333333335
2 0.007555555555555556 0.5646666666666667 0.0044444444444444444 0.0013333333333333333
2 0.04044444444444444 0.564 0.0026666666666666666 0.0013333333333333333
2 0.018222222222222223 0.5636666666666666 0.006222222222222222 0.002
2 0.0008888888888888889 0.563 0.0017777777777777779 0.0006666666666666666
2 0.03155555555555556 0.5623333333333334 0.0044444444444444444 0.002
2 0.005333333333333333 0.5613333333333334 0.005333333333333333 0.0013333333333333333
2 0.021777777777777778 0.5603333333333333 0.0044444444444444444 0.002
2 0.04044444444444444 0.558 0.0026666666666666666 0.0013333333333333333
2 0.052444444444444446 0.5563333333333333 0.0035555555555555557 0.002
2 0.06711111111111111 0.555 0.0008888888888888889 0.0006666666666666666
2 0.08577777777777777 0.5563333333333333 0.011555555555555555 0.004666666666666667
2 0.006222222222222222 0.5546666666666666 0.005333333333333333 0.0026666666666666666
2 0.05288888888888889 0.5533333333333333 0.0026666666666666666 0.0013333333333333333
2 0.09422222222222222 0.5486666666666666 0.0017777777777777779 0.0013333333333333333
2 0.008888888888888889 0.5536666666666666 0.017777777777777778 0.012666666666666666
2 0.007555555555555556 0.5456666666666666 0.0026666666666666666 0.0006666666666666666
2 0.0022222222222222222 0.5456666666666666 0.0044444444444444444 0.002
2 0.006666666666666667 0.5423333333333333 0.0008888888888888889 0.0006666666666666666
2 0.0008888888888888889 0.542 0.0017777777777777779 0.0013333333333333333
2 0.07333333333333333 0.5436666666666666 0.011555555555555555 0.006
2 0.012 0.541 0.006222222222222222 0.002
2 0.06711111111111111 0.5396666666666666 0.0008888888888888889 0.0006666666666666666
2 0.06311111111111112 0.539 0.0017777777777777779 0.0006666666666666666
2 0.04088888888888889 0.54 0.0035555555555555557 0.0026666666666666666
2 0.011111111111111112 0.538 0.009777777777777778 0.0026666666666666666
2 0.003111111111111111 0.5366666666666666 0.006222222222222222 0.0026666666666666666
2 0.020888888888888887 0.5296666666666666 0.0008888888888888889 0.0006666666666666666
2 0.03155555555555556 0.5273333333333333 0.0026666666666666666 0.0026666666666666666
2 0.03288888888888889 0.5243333333333333 0.0035555555555555557 0.002
2 0.08 0.5226666666666666 0.0017777777777777779 0.0013333333333333333
2 0.08755555555555555 0.522 0.0026666666666666666 0.0013333333333333333
2 0.06177777777777778 0.5203333333333333 0.0026666666666666666 0.002
2 0.7813333333333333 0.5176666666666667 0.0017777777777777779 0.002
2 0.7777777777777778 0.517 0.0017777777777777779 0.0006666666666666666
2 0.07111111111111111 0.5153333333333333 0.0035555555555555557 0.0026666666666666666
2 0.8097777777777778 0.5143333333333333 0.005333333333333333 0.002
2 0.11511111111111111 0.515 0.0044444444444444444 0.0033333333333333335
2 0.10844444444444444 0.513 0.008888888888888889 0.004666666666666667
2 0.8288888888888889 0.5073333333333333 0.0008888888888888889 0.0013333333333333333
2 0.10755555555555556 0.5076666666666667 0.0035555555555555557 0.002
2 0.848 0.504 0.0017777777777777779 0.0013333333333333333
2 0.844 0.5043333333333333 0.0044444444444444444 0.002
2 0.8244444444444444 0.5036666666666667 0.0008888888888888889 0.0006666666666666666
2 0.8413333333333334 0.503 0.0008888888888888889 0.0006666666666666666
2 0.888 0.5023333333333333 0.0035555555555555557 0.002
2 0.8862222222222222 0.498 0.0035555555555555557 0.0026666666666666666
2 0.9124444444444444 0.494 0.0026666666666666666 0.0026666666666666666
2 0.8871111111111111 0.49366666666666664 0.005333333333333333 0.002
2 0.8813333333333333 0.494 0.0044444444444444444 0.005333333333333333
2 0.8991111111111111 0.49033333333333334 0.0026666666666666666 0.0006666666666666666
2 0.8902222222222222 0.48966666666666664 0.006222222222222222 0.002
2 0.9071111111111111 0.48933333333333334 0.008 0.005333333333333333
2 0.9226666666666666 0.488 0.0071111111111111115 0.006666666666666667
2 0.9115555555555556 0.485 0.0008888888888888889 0.0006666666666666666
2 0.9075555555555556 0.4846666666666667 0.0017777777777777779 0.0013333333333333333
2 0.9293333333333333 0.4816666666666667 0.006222222222222222 0.002
2 0.9555555555555556 0.479 0.0035555555555555557 0.002
2 0.9675555555555555 0.475 0.0008888888888888889 0.0006666666666666666
2 0.9333333333333333 0.475 0.0035555555555555557 0.0033333333333333335
2 0.9613333333333334 0.47333333333333333 0.0026666666666666666 0.0013333333333333333
2 0.9533333333333334 0.473 0.0044444444444444444 0.002
2 0.9724444444444444 0.4713333333333333 0.0017777777777777779 0.0013333333333333333
2 0.9746666666666667 0.4683333333333333 0.0008888888888888889 0.0006666666666666666
2 0.98 0.4666666666666667 0.0008888888888888889 0.0013333333333333333
2 0.9737777777777777 0.465 0.0008888888888888889 0.0006666666666666666
2 0.9973333333333333 0.4593333333333333 0.005333333333333333 0.0013333333333333333
2 0.8546666666666667 0.4503333333333333 0.0008888888888888889 0.0006666666666666666
2 0.9404444444444444 0.41333333333333333 0.005333333333333333 0.0026666666666666666
2 0.9657777777777777 0.405 0.0008888888888888889 0.0006666666666666666
2 0.9537777777777777 0.405 0.0035555555555555557 0.006
2 0.9893333333333333 0.39566666666666667 0.0035555555555555557 0.002
2 0.9817777777777777 0.3923333333333333 0.0008888888888888889 0.0006666666666666666
2 0.9711111111111111 0.392 0.0008888888888888889 0.0013333333333333333
2 0.9924444444444445 0.38866666666666666 0.0026666666666666666 0.0013333333333333333
2 0.9817777777777777 0.38866666666666666 0.0008888888888888889 0.0013333333333333333
2 0.9937777777777778 0.38466666666666666 0.0035555555555555557 0.0026666666666666666
2 0.5 0.5 1.0 1.0