2 0.9315018315018315 0.98974609375 0.005128205128205128 0.0048828125
2 0.10622710622710622 0.97265625 0.0014652014652014652 0.001953125
2 0.07802197802197802 0.927734375 0.002197802197802198 0.001953125
2 0.06776556776556776 0.919921875 0.002197802197802198 0.001953125
2 0.6666666666666666 0.9189453125 0.0014652014652014652 0.001953125
2 0.07435897435897436 0.9150390625 0.0007326007326007326 0.001953125
2 0.06886446886446887 0.91552734375 0.0014652014652014652 0.0029296875
2 0.5461538461538461 0.9033203125 0.006593406593406593 0.00390625
2 0.07875457875457875 0.9013671875 0.002197802197802198 0.00390625
2 0.06996336996336996 0.884765625 0.0007326007326007326 0.001953125
2 0.07106227106227106 0.86572265625 0.0014652014652014652 0.0009765625
2 0.8344322344322345 0.849609375 0.004395604395604396 0.005859375
2 0.6516483516483517 0.81103515625 0.002197802197802198 0.0029296875
2 0.21208791208791208 0.79833984375 0.0007326007326007326 0.0009765625
2 0.20512820512820512 0.78369140625 0.0014652014652014652 0.0009765625
2 0.20402930402930403 0.7802734375 0.0007326007326007326 0.001953125
2 0.6454212454212455 0.75927734375 0.0029304029304029304 0.0048828125
2 0.4816849816849817 0.75634765625 0.0007326007326007326 0.0009765625
2 0.6252747252747253 0.7578125 0.003663003663003663 0.005859375
2 0.09523809523809523 0.75146484375 0.0029304029304029304 0.0029296875
2 0.789010989010989 0.79345703125 0.09963369963369964 0.1044921875
2 0.08937728937728938 0.7265625 0.0014652014652014652 0.001953125
2 0.03736263736263736 0.85986328125 0.07472527472527472 0.2802734375
2 0.03296703296703297 0.71923828125 0.0014652014652014652 0.0009765625
2 0.11538461538461539 0.71142578125 0.0007326007326007326 0.0009765625
2 0.08791208791208792 0.7041015625 0.0014652014652014652 0.001953125
2 0.15018315018315018 0.703125 0.004395604395604396 0.005859375
2 0.10622710622710622 0.69775390625 0.004395604395604396 0.0048828125
2 0.6128205128205129 0.69482421875 0.0007326007326007326 0.0009765625
2 0.13882783882783883 0.69482421875 0.0007326007326007326 0.0009765625
2 0.13626373626373625 0.69091796875 0.0014652014652014652 0.0029296875
2 0.11794871794871795 0.68798828125 0.0014652014652014652 0.0048828125
2 0.9802197802197802 0.685546875 0.004395604395604396 0.005859375
2 0.09194139194139195 0.681640625 0.0007326007326007326 0.001953125
2 0.07875457875457875 0.677734375 0.002197802197802198 0.00390625
2 0.9798534798534798 0.67626953125 0.002197802197802198 0.0068359375
2 0.10842490842490843 0.67578125 0.005860805860805861 0.005859375
2 0.1498168498168498 0.671875 0.002197802197802198 0.00390625
2 0.1315018315018315 0.66259765625 0.002197802197802198 0.0029296875
2 0.1564102564102564 0.65966796875 0.002197802197802198 0.0029296875
2 0.11098901098901098 0.65771484375 0.0007326007326007326 0.0009765625
2 0.12307692307692308 0.65673828125 0.0014652014652014652 0.0029296875
2 0.04871794871794872 0.65625 0.0007326007326007326 0.001953125
2 0.11904761904761904 0.65283203125 0.0007326007326007326 0.0009765625
2 0.07655677655677656 0.650390625 0.002197802197802198 0.00390625
2 0.11135531135531136 0.6474609375 0.0014652014652014652 0.001953125
2 0.08754578754578754 0.64794921875 0.002197802197802198 0.0029296875
2 0.09706959706959707 0.64697265625 0.003663003663003663 0.0029296875
2 0.11648351648351649 0.64794921875 0.005860805860805861 0.0087890625
2 0.8208791208791208 0.64208984375 0.0007326007326007326 0.0009765625
2 0.08461538461538462 0.64404296875 0.003663003663003663 0.0048828125
2 0.10402930402930403 0.64208984375 0.0014652014652014652 0.0029296875
2 0.13113553113553114 0.638671875 0.0014652014652014652 0.001953125
2 0.0003663003663003663 0.63623046875 0.0007326007326007326 0.0009765625
2 0.04908424908424908 0.63525390625 0.0014652014652014652 0.0029296875
2 0.8322344322344323 0.6337890625 0.0014652014652014652 0.001953125
2 0.8018315018315019 0.6337890625 0.003663003663003663 0.001953125
2 0.1315018315018315 0.63330078125 0.0007326007326007326 0.0009765625
2 0.0673992673992674 0.63623046875 0.014652014652014652 0.0146484375
2 0.08681318681318681 0.6337890625 0.00805860805860806 0.01171875
2 0.13553113553113552 0.62890625 0.0029304029304029304 0.00390625
2 0.0912087912087912 0.62890625 0.002197802197802198 0.00390625
2 0.05934065934065934 0.62451171875 0.0014652014652014652 0.0029296875
2 0.054212454212454214 0.625 0.0014652014652014652 0.005859375
2 0.7970695970695971 0.62451171875 0.004395604395604396 0.0087890625
2 0.0652014652014652 0.62158203125 0.0014652014652014652 0.0029296875
2 0.8355311355311356 0.619140625 0.002197802197802198 0.00390625
2 0.06923076923076923 0.62109375 0.003663003663003663 0.0078125
2 0.7959706959706959 0.61669921875 0.0007326007326007326 0.0009765625
2 0.1010989010989011 0.609375 0.0014652014652014652 0.00390625
2 0.08937728937728938 0.60986328125 0.004395604395604396 0.0068359375
2 0.0695970695970696 0.60595703125 0.0029304029304029304 0.0048828125
2 0.07472527472527472 0.5947265625 0.0014652014652014652 0.001953125
2 0.07802197802197802 0.59326171875 0.0007326007326007326 0.0009765625
2 0.08791208791208792 0.59423828125 0.0029304029304029304 0.0048828125
2 0.0706959706959707 0.591796875 0.002197802197802198 0.00390625
2 0.08021978021978023 0.59033203125 0.002197802197802198 0.0029296875
2 0.08754578754578754 0.58349609375 0.0007326007326007326 0.0009765625
2 0.06190476190476191 0.5869140625 0.003663003663003663 0.009765625
2 0.987912087912088 0.63427734375 0.024175824175824177 0.1181640625
2 0.09010989010989011 0.57763671875 0.004395604395604396 0.0048828125
2 0.08388278388278388 0.57177734375 0.002197802197802198 0.0029296875
2 0.05238095238095238 0.5712890625 0.0007326007326007326 0.001953125
2 0.08681318681318681 0.5634765625 0.002197802197802198 0.001953125
2 0.09084249084249084 0.56201171875 0.0014652014652014652 0.0009765625
2 0.06483516483516484 0.564453125 0.009523809523809525 0.0078125
2 0.04981684981684982 0.560546875 0.0014652014652014652 0.001953125
2 0.0003663003663003663 0.56103515625 0.0007326007326007326 0.0029296875
2 0.001098901098901099 0.55322265625 0.002197802197802198 0.0048828125
2 0.7307692307692307 0.54833984375 0.0007326007326007326 0.0029296875
2 0.07655677655677656 0.5458984375 0.002197802197802198 0.00390625
2 0.007692307692307693 0.546875 0.005128205128205128 0.005859375
2 0.7355311355311356 0.53466796875 0.005860805860805861 0.0029296875
2 0.6054945054945055 0.5751953125 0.060805860805860805 0.09765625
2 0.8161172161172161 0.4873046875 0.0014652014652014652 0.001953125
2 0.4846153846153846 0.4765625 0.009523809523809525 0.0078125
2 0.4912087912087912 0.47119140625 0.0007326007326007326 0.0009765625
2 0.48315018315018315 0.47021484375 0.002197802197802198 0.0029296875
2 0.6765567765567766 0.45361328125 0.0007326007326007326 0.0009765625
2 0.6827838827838828 0.4580078125 0.005860805860805861 0.01171875
2 0.49743589743589745 0.453125 0.0029304029304029304 0.00390625
2 0.3553113553113553 0.45068359375 0.0014652014652014652 0.0009765625
2 0.6732600732600733 0.447265625 0.0014652014652014652 0.001953125
2 0.3311355311355311 0.455078125 0.04981684981684982 0.021484375
2 0.33516483516483514 0.44287109375 0.0007326007326007326 0.0009765625
2 0.7677655677655678 0.4423828125 0.0014652014652014652 0.001953125
2 0.676923076923077 0.44287109375 0.0014652014652014652 0.0029296875
2 0.673992673992674 0.43408203125 0.0029304029304029304 0.0068359375
2 0.6714285714285714 0.42724609375 0.0007326007326007326 0.0009765625
2 0.17362637362637362 0.4228515625 0.0014652014652014652 0.001953125
2 0.17655677655677657 0.41943359375 0.0014652014652014652 0.0029296875
2 0.6648351648351648 0.41650390625 0.003663003663003663 0.0048828125
2 0.23772893772893772 0.40283203125 0.0007326007326007326 0.0009765625
2 0.5732600732600732 0.3984375 0.0007326007326007326 0.001953125
2 0.5736263736263736 0.38427734375 0.0029304029304029304 0.0029296875
2 0.24945054945054945 0.3837890625 0.003663003663003663 0.00390625
2 0.24212454212454212 0.39013671875 0.00805860805860806 0.0205078125
2 0.152014652014652 0.38232421875 0.006593406593406593 0.0107421875
2 0.1564102564102564 0.375 0.0007326007326007326 0.001953125
2 0.4267399267399267 0.3779296875 0.009523809523809525 0.0234375
2 0.16446886446886447 0.369140625 0.005128205128205128 0.009765625
2 0.24212454212454212 0.35986328125 0.002197802197802198 0.0029296875
2 0.1772893772893773 0.36865234375 0.01611721611721612 0.0205078125
2 0.2553113553113553 0.37060546875 0.01978021978021978 0.0283203125
2 0.22490842490842491 0.35986328125 0.005860805860805861 0.0087890625
2 0.25824175824175827 0.35400390625 0.002197802197802198 0.0029296875
2 0.2032967032967033 0.35546875 0.00805860805860806 0.005859375
2 0.22527472527472528 0.35302734375 0.005128205128205128 0.0048828125
2 0.1912087912087912 0.35888671875 0.013186813186813187 0.0205078125
2 0.32857142857142857 0.34814453125 0.0007326007326007326 0.0009765625
2 0.3311355311355311 0.3466796875 0.0029304029304029304 0.00390625
2 0.18534798534798536 0.345703125 0.004395604395604396 0.00390625
2 0.3032967032967033 0.3505859375 0.01904761904761905 0.017578125
2 0.24358974358974358 0.34228515625 0.0007326007326007326 0.0009765625
2 0.2043956043956044 0.34521484375 0.005860805860805861 0.0068359375
2 0.22967032967032966 0.3388671875 0.002197802197802198 0.001953125
2 0.25860805860805863 0.3388671875 0.0029304029304029304 0.00390625
2 0.2553113553113553 0.33544921875 0.002197802197802198 0.0029296875
2 0.21355311355311354 0.328125 0.0007326007326007326 0.001953125
2 0.23113553113553115 0.330078125 0.012454212454212455 0.013671875
2 0.2164835164835165 0.32470703125 0.002197802197802198 0.0029296875
2 0.2575091575091575 0.3232421875 0.0007326007326007326 0.001953125
2 0.2358974358974359 0.318359375 0.004395604395604396 0.005859375
2 0.1915750915750916 0.322265625 0.009523809523809525 0.013671875
2 0.25347985347985347 0.3134765625 0.0029304029304029304 0.00390625
2 0.20183150183150184 0.3134765625 0.005128205128205128 0.0078125
2 0.18717948717948718 0.30322265625 0.0007326007326007326 0.0009765625
2 0.21318681318681318 0.306640625 0.008791208791208791 0.01171875
2 0.18021978021978022 0.30029296875 0.0014652014652014652 0.0009765625
2 0.34908424908424907 0.2978515625 0.002197802197802198 0.00390625
2 0.34908424908424907 0.27783203125 0.034432234432234435 0.0341796875
2 0.49230769230769234 0.2724609375 0.046886446886446886 0.05078125
2 0.6468864468864469 0.224609375 0.0014652014652014652 0.001953125
2 0.5732600732600732 0.18994140625 0.0007326007326007326 0.0009765625
2 0.4087912087912088 0.17626953125 0.04542124542124542 0.0556640625
2 0.24102564102564103 0.1484375 0.004395604395604396 0.005859375
2 0.2454212454212454 0.1474609375 0.0029304029304029304 0.005859375
2 0.37948717948717947 0.10595703125 0.0014652014652014652 0.0029296875
2 0.306959706959707 0.08984375 0.0014652014652014652 0.001953125
2 0.3021978021978022 0.0849609375 0.003663003663003663 0.001953125
2 0.5 0.5 1.0 1.0