2 0.23 0.7833333333333333 0.006666666666666667 0.006666666666666667
2 0.23 0.7616666666666667 0.006666666666666667 0.01
2 0.7433333333333333 0.75 0.05333333333333334 0.04666666666666667
2 0.6566666666666666 0.76 0.06 0.08
2 0.8166666666666667 0.725 0.04666666666666667 0.03
2 0.21333333333333335 0.7266666666666667 0.06 0.06666666666666667
2 0.14666666666666667 0.7066666666666667 0.04666666666666667 0.04
2 0.8766666666666667 0.6916666666666667 0.03333333333333333 0.016666666666666666
2 0.565 0.7433333333333333 0.056666666666666664 0.14
2 0.10833333333333334 0.6783333333333333 0.016666666666666666 0.016666666666666666
2 0.47333333333333333 0.735 0.06 0.15666666666666668
2 0.38166666666666665 0.7266666666666667 0.07 0.14666666666666667
2 0.29333333333333333 0.715 0.07333333333333333 0.13666666666666666
2 0.44666666666666666 0.45 0.006666666666666667 0.006666666666666667
2 0.43 0.435 0.02 0.016666666666666666
2 0.4866666666666667 0.325 0.12666666666666668 0.07