2 0.0016666666666666668 0.9988888888888889 0.0033333333333333335 0.0022222222222222222
2 0.007222222222222222 0.9333333333333333 0.014444444444444444 0.013333333333333334
2 0.018333333333333333 0.9255555555555556 0.0033333333333333335 0.0022222222222222222
2 0.3383333333333333 0.9183333333333333 0.0011111111111111111 0.0011111111111111111
2 0.028333333333333332 0.9177777777777778 0.0077777777777777776 0.006666666666666667
2 0.04111111111111111 0.9083333333333333 0.008888888888888889 0.0077777777777777776
2 0.05333333333333334 0.8988888888888888 0.0044444444444444444 0.0044444444444444444
2 0.06666666666666667 0.8888888888888888 0.017777777777777778 0.013333333333333334
2 0.08833333333333333 0.8733333333333333 0.016666666666666666 0.013333333333333334
2 0.11444444444444445 0.8527777777777777 0.03111111111111111 0.025555555555555557
2 0.14 0.835 0.015555555555555555 0.012222222222222223
2 0.17222222222222222 0.8116666666666666 0.04666666666666667 0.034444444444444444
2 0.215 0.78 0.03222222222222222 0.02666666666666667
2 0.24444444444444444 0.7583333333333333 0.022222222222222223 0.016666666666666666
2 0.38333333333333336 0.6516666666666666 0.0044444444444444444 0.005555555555555556
2 0.3888888888888889 0.6488888888888888 0.0044444444444444444 0.006666666666666667
2 0.5277777777777778 0.42833333333333334 0.0044444444444444444 0.005555555555555556
2 0.4861111111111111 0.34444444444444444 0.0011111111111111111 0.0022222222222222222
2 0.33611111111111114 0.6322222222222222 0.6722222222222223 0.7355555555555555