2 0.6982352941176471 0.8322916666666667 0.0035294117647058825 0.0020833333333333333
2 0.6976470588235294 0.8135416666666667 0.03294117647058824 0.022916666666666665
2 0.3711764705882353 0.8197916666666667 0.16588235294117648 0.03958333333333333
2 0.8 0.8 0.004705882352941176 0.008333333333333333
2 0.5617647058823529 0.7989583333333333 0.010588235294117647 0.00625
2 0.36705882352941177 0.796875 0.011764705882352941 0.00625
2 0.2488235294117647 0.7947916666666667 0.001176470588235294 0.0020833333333333333
2 0.1688235294117647 0.8177083333333334 0.16117647058823528 0.04791666666666667
2 0.1676470588235294 0.7947916666666667 0.010588235294117647 0.00625
2 0.8205882352941176 0.8 0.015294117647058824 0.025
2 0.6847058823529412 0.7833333333333333 0.002352941176470588 0.004166666666666667
2 0.7058823529411765 0.7854166666666667 0.02588235294117647 0.016666666666666666
2 0.6741176470588235 0.7875 0.007058823529411765 0.020833333333333332
2 0.831764705882353 0.778125 0.009411764705882352 0.014583333333333334
2 0.8029411764705883 0.78125 0.024705882352941175 0.025
2 0.7088235294117647 0.7614583333333333 0.0058823529411764705 0.010416666666666666
2 0.83 0.746875 0.001176470588235294 0.00625
2 0.8229411764705883 0.7541666666666667 0.00823529411764706 0.03333333333333333
2 0.8011764705882353 0.7385416666666667 0.007058823529411765 0.027083333333333334
2 0.841764705882353 0.7416666666666667 0.02235294117647059 0.0375
2 0.7041176470588235 0.7270833333333333 0.01764705882352941 0.05416666666666667
2 0.8235294117647058 0.6989583333333333 0.002352941176470588 0.00625
2 0.37058823529411766 0.740625 0.17411764705882352 0.10625
2 0.8247058823529412 0.6885416666666667 0.002352941176470588 0.00625
2 0.38823529411764707 0.6822916666666666 0.002352941176470588 0.0020833333333333333
2 0.36764705882352944 0.6791666666666667 0.010588235294117647 0.004166666666666667
2 0.3876470588235294 0.6760416666666667 0.001176470588235294 0.0020833333333333333
2 0.3547058823529412 0.6791666666666667 0.0035294117647058825 0.008333333333333333
2 0.38176470588235295 0.6791666666666667 0.00823529411764706 0.0125
2 0.768235294117647 0.678125 0.007058823529411765 0.022916666666666665
2 0.89 0.6885416666666667 0.027058823529411764 0.052083333333333336
2 0.7311764705882353 0.678125 0.02 0.04375
2 0.5611764705882353 0.6510416666666666 0.011764705882352941 0.00625
2 0.16647058823529412 0.6520833333333333 0.012941176470588235 0.008333333333333333
2 0.8211764705882353 0.66875 0.021176470588235293 0.05
2 0.8547058823529412 0.6416666666666667 0.0035294117647058825 0.004166666666666667
2 0.8464705882352941 0.63125 0.0035294117647058825 0.004166666666666667
2 0.8311764705882353 0.6354166666666666 0.012941176470588235 0.0125
2 0.7664705882352941 0.6322916666666667 0.001176470588235294 0.00625
2 0.7370588235294118 0.6291666666666667 0.0058823529411764705 0.025
2 0.8535294117647059 0.621875 0.010588235294117647 0.014583333333333334
2 0.8447058823529412 0.6145833333333334 0.002352941176470588 0.004166666666666667
2 0.16647058823529412 0.6125 0.010588235294117647 0.004166666666666667
2 0.5811764705882353 0.6083333333333333 0.002352941176470588 0.004166666666666667
2 0.5611764705882353 0.609375 0.011764705882352941 0.00625
2 0.18058823529411766 0.6104166666666667 0.0058823529411764705 0.008333333333333333
2 0.18764705882352942 0.609375 0.0035294117647058825 0.010416666666666666
2 0.15411764705882353 0.6104166666666667 0.004705882352941176 0.0125
2 0.8164705882352942 0.6072916666666667 0.004705882352941176 0.010416666666666666
2 0.7664705882352941 0.6041666666666666 0.0035294117647058825 0.008333333333333333
2 0.5752941176470588 0.60625 0.007058823529411765 0.0125
2 0.5476470588235294 0.60625 0.0058823529411764705 0.0125
2 0.7388235294117647 0.6020833333333333 0.007058823529411765 0.016666666666666666
2 0.8558823529411764 0.5916666666666667 0.0035294117647058825 0.008333333333333333
2 0.16588235294117648 0.5739583333333333 0.009411764705882352 0.00625
2 0.56 0.5677083333333334 0.009411764705882352 0.00625
2 0.1535294117647059 0.5385416666666667 0.0035294117647058825 0.010416666666666666
2 0.18294117647058825 0.5364583333333334 0.012941176470588235 0.010416666666666666
2 0.5611764705882353 0.53125 0.009411764705882352 0.004166666666666667
2 0.5770588235294117 0.5291666666666667 0.012941176470588235 0.0125
2 0.548235294117647 0.5291666666666667 0.004705882352941176 0.0125
2 0.17352941176470588 0.5239583333333333 0.0035294117647058825 0.0020833333333333333
2 0.16470588235294117 0.525 0.011764705882352941 0.004166666666666667
2 0.14588235294117646 0.525 0.01411764705882353 0.004166666666666667
2 0.5529411764705883 0.5166666666666667 0.004705882352941176 0.004166666666666667
2 0.5411764705882353 0.5166666666666667 0.011764705882352941 0.004166666666666667
2 0.3811764705882353 0.4583333333333333 0.002352941176470588 0.004166666666666667
2 0.3411764705882353 0.4510416666666667 0.002352941176470588 0.0020833333333333333
2 0.37 0.553125 0.17294117647058824 0.20625
2 0.3635294117647059 0.4375 0.007058823529411765 0.008333333333333333
2 0.38588235294117645 0.42083333333333334 0.009411764705882352 0.041666666666666664
2 0.0888235294117647 0.3875 0.001176470588235294 0.008333333333333333
2 0.6282352941176471 0.3802083333333333 0.009411764705882352 0.00625
2 0.3847058823529412 0.375 0.004705882352941176 0.04583333333333333
2 0.35411764705882354 0.39895833333333336 0.01411764705882353 0.09375
2 0.16823529411764707 0.5677083333333334 0.17411764705882352 0.4479166666666667
2 0.5623529411764706 0.5875 0.17411764705882352 0.525
2 0.17705882352941177 0.32395833333333335 0.001176470588235294 0.0020833333333333333
2 0.5529411764705883 0.30416666666666664 0.007058823529411765 0.004166666666666667
2 0.18411764705882352 0.30520833333333336 0.00823529411764706 0.04375
2 0.18235294117647058 0.26145833333333335 0.004705882352941176 0.03125
2 0.15294117647058825 0.2864583333333333 0.011764705882352941 0.08541666666666667
2 0.5758823529411765 0.2635416666666667 0.015294117647058824 0.08958333333333333
2 0.5470588235294118 0.26458333333333334 0.011764705882352941 0.09166666666666666