2 0.585 0.9224952741020794 0.008333333333333333 0.003780718336483932
2 0.5879166666666666 0.917296786389414 0.0008333333333333334 0.000945179584120983
2 0.5595833333333333 0.9087901701323251 0.0008333333333333334 0.002835538752362949
2 0.54 0.6899810964083176 0.13833333333333334 0.19092627599243855
2 0.7066666666666667 0.697069943289225 0.45166666666666666 0.43761814744801514
2 0.7516666666666667 0.47495274102079393 0.005 0.004725897920604915
2 0.8358333333333333 0.5500945179584121 0.15 0.1833648393194707
2 0.69875 0.3827977315689981 0.13916666666666666 0.14744801512287334
2 0.6204166666666666 0.3000945179584121 0.015833333333333335 0.01606805293005671
2 0.6104166666666667 0.2896975425330813 0.0008333333333333334 0.000945179584120983
2 0.59375 0.2717391304347826 0.029166666666666667 0.031190926275992438
2 0.5720833333333334 0.2485822306238185 0.009166666666666667 0.00945179584120983
2 0.56375 0.2396030245746692 0.005833333333333334 0.006616257088846881
2 0.55875 0.23440453686200377 0.0025 0.001890359168241966
2 0.5529166666666666 0.22826086956521738 0.0075 0.008506616257088847
2 0.5466666666666666 0.22164461247637052 0.0016666666666666668 0.000945179584120983
2 0.5429166666666667 0.21786389413988658 0.0025 0.002835538752362949
2 0.5341666666666667 0.20793950850661624 0.0033333333333333335 0.003780718336483932
2 0.5279166666666667 0.20179584120982988 0.0008333333333333334 0.000945179584120983
2 0.5254166666666666 0.19896030245746693 0.0008333333333333334 0.000945179584120983
2 0.5225 0.1956521739130435 0.0016666666666666668 0.001890359168241966
2 0.5154166666666666 0.1885633270321361 0.0008333333333333334 0.000945179584120983
2 0.5120833333333333 0.18478260869565216 0.0008333333333333334 0.000945179584120983
2 0.49541666666666667 0.1668241965973535 0.0008333333333333334 0.000945179584120983
2 0.3075 0.5491493383742911 0.49333333333333335 0.7958412098298677
2 0.48041666666666666 0.15075614366729678 0.0008333333333333334 0.000945179584120983
2 0.46708333333333335 0.13657844990548204 0.0008333333333333334 0.000945179584120983
2 0.45958333333333334 0.1290170132325142 0.0008333333333333334 0.000945179584120983