2 0.37125 0.75625 0.0025 0.0025
2 0.4575 0.76125 0.14 0.0275
2 0.68875 0.70375 0.0025 0.0025
2 0.2875 0.70375 0.005 0.0025
2 0.69375 0.70125 0.0025 0.0025
2 0.69875 0.69875 0.0025 0.0025
2 0.30625 0.695 0.0075 0.005
2 0.58125 0.69625 0.0325 0.0175
2 0.4075 0.6875 0.01 0.005
2 0.38625 0.68875 0.0075 0.0075
2 0.90125 0.68375 0.0075 0.0075
2 0.4025 0.67625 0.005 0.0025
2 0.58375 0.65875 0.0075 0.0025
2 0.39625 0.65625 0.0325 0.0125
2 0.84375 0.67875 0.2425 0.0725
2 0.635 0.6475 0.01 0.01
2 0.4 0.64125 0.01 0.0025
2 0.44 0.6425 0.01 0.01
2 0.2925 0.63125 0.01 0.0075
2 0.6075 0.635 0.02 0.025
2 0.6675 0.63375 0.03 0.0275
2 0.20125 0.62625 0.0225 0.0175
2 0.6125 0.61 0.01 0.01
2 0.42125 0.60625 0.0025 0.0025
2 0.4775 0.65375 0.105 0.1025
2 0.4425 0.605 0.005 0.005
2 0.63625 0.62 0.0325 0.04
2 0.635 0.595 0.005 0.005
2 0.25 0.62375 0.07 0.0675
2 0.39125 0.59125 0.0075 0.0075
2 0.665 0.5975 0.025 0.03
2 0.28125 0.5825 0.0125 0.02
2 0.60375 0.575 0.0125 0.015
2 0.44375 0.56875 0.0025 0.0025
2 0.62625 0.5575 0.0025 0.005
2 0.61375 0.555 0.0075 0.005
2 0.62875 0.55125 0.0025 0.0025
2 0.6425 0.56625 0.035 0.0375
2 0.40625 0.54875 0.0025 0.0025
2 0.39 0.55125 0.01 0.0075
2 0.2075 0.5675 0.045 0.045
2 0.275 0.54375 0.025 0.0125
2 0.44375 0.5325 0.0025 0.005
2 0.61375 0.52125 0.0075 0.0075
2 0.6675 0.51125 0.005 0.0075
2 0.2925 0.47375 0.005 0.0025
2 0.20625 0.46875 0.0175 0.0075
2 0.685 0.475 0.095 0.025
2 0.605 0.47125 0.045 0.0175
2 0.2725 0.4675 0.025 0.01
2 0.8925 0.51875 0.215 0.1375
2 0.58375 0.44375 0.0075 0.0125
2 0.2125 0.43875 0.005 0.0025
2 0.6525 0.44125 0.12 0.0175
2 0.16625 0.43375 0.0025 0.0075
2 0.26125 0.43625 0.0825 0.0175
2 0.1875 0.43375 0.025 0.0125
2 0.44625 0.40875 0.0025 0.0025
2 0.405 0.37 0.01 0.02
2 0.6475 0.38 0.105 0.09
2 0.595 0.35125 0.015 0.0475
2 0.69125 0.3275 0.0025 0.005
2 0.44875 0.4025 0.1525 0.18
2 0.31625 0.3125 0.0025 0.005
2 0.24625 0.3175 0.0175 0.025
2 0.7225 0.30875 0.005 0.0125
2 0.57625 0.315 0.0275 0.025
2 0.31625 0.30375 0.0025 0.0025
2 0.26125 0.36 0.0725 0.115
2 0.20375 0.355 0.0525 0.11
2 0.16375 0.3025 0.0275 0.025
2 0.6 0.28 0.005 0.005
2 0.25125 0.27 0.0225 0.01
2 0.2275 0.265 0.01 0.01
2 0.20375 0.265 0.0075 0.01
2 0.61875 0.265 0.1025 0.045
2 0.20375 0.24375 0.0075 0.0075
2 0.17875 0.25 0.0425 0.035
2 0.66375 0.24 0.1425 0.07
2 0.25625 0.2325 0.1475 0.075