2 0.679188829787234 0.996 0.005984042553191489 0.008
2 0.9903590425531915 0.7175 0.004654255319148936 0.005
2 0.22506648936170212 0.594 0.0019946808510638296 0.002
2 0.21143617021276595 0.591 0.0013297872340425532 0.002
2 0.22972074468085107 0.556 0.0006648936170212766 0.002
2 0.2137632978723404 0.544 0.003324468085106383 0.002
2 0.234375 0.541 0.0019946808510638296 0.002
2 0.21077127659574468 0.541 0.0013297872340425532 0.002
2 0.22905585106382978 0.5355 0.003324468085106383 0.003
2 0.2839095744680851 0.533 0.0013297872340425532 0.002
2 0.2785904255319149 0.5325 0.0013297872340425532 0.001
2 0.2872340425531915 0.5315 0.0013297872340425532 0.001
2 0.21941489361702127 0.5325 0.003989361702127659 0.007
2 0.28125 0.5295 0.0013297872340425532 0.003
2 0.25066489361702127 0.528 0.0013297872340425532 0.002
2 0.1579122340425532 0.525 0.0019946808510638296 0.002
2 0.23337765957446807 0.524 0.0026595744680851063 0.004
2 0.2865691489361702 0.5175 0.0013297872340425532 0.001
2 0.2785904255319149 0.5185 0.005319148936170213 0.007
2 0.1768617021276596 0.5175 0.003989361702127659 0.005
2 0.28257978723404253 0.5145 0.0013297872340425532 0.001
2 0.23570478723404256 0.517 0.005984042553191489 0.008
2 0.2855718085106383 0.511 0.0006648936170212766 0.002
2 0.23570478723404256 0.509 0.0019946808510638296 0.002
2 0.28257978723404253 0.508 0.0013297872340425532 0.002
2 0.2722739361702128 0.5075 0.004654255319148936 0.005
2 0.22406914893617022 0.502 0.0026595744680851063 0.002
2 0.27493351063829785 0.5 0.0019946808510638296 0.002
2 0.19315159574468085 0.502 0.004654255319148936 0.006
2 0.16023936170212766 0.511 0.011968085106382979 0.028
2 0.12599734042553193 0.4895 0.003324468085106383 0.003
2 0.18683510638297873 0.4885 0.0026595744680851063 0.003
2 0.22273936170212766 0.483 0.0013297872340425532 0.002
2 0.1924867021276596 0.4845 0.008643617021276596 0.011
2 0.19414893617021275 0.4755 0.0026595744680851063 0.003
2 0.2466755319148936 0.4925 0.07712765957446809 0.065
2 0.16655585106382978 0.4645 0.007313829787234043 0.011
2 0.28091755319148937 0.459 0.0019946808510638296 0.002
2 0.2004654255319149 0.457 0.0019946808510638296 0.002
2 0.17087765957446807 0.457 0.0013297872340425532 0.002
2 0.1668882978723404 0.4525 0.0026595744680851063 0.003
2 0.19115691489361702 0.4515 0.003324468085106383 0.003
2 0.24933510638297873 0.4475 0.0026595744680851063 0.003
2 0.14295212765957446 0.433 0.007978723404255319 0.022
2 0.996343085106383 0.4185 0.0019946808510638296 0.001
2 0.9275265957446809 0.414 0.005319148936170213 0.01
2 0.26396276595744683 0.398 0.009308510638297872 0.01
2 0.2566489361702128 0.3905 0.0013297872340425532 0.001
2 0.13264627659574468 0.3715 0.0006648936170212766 0.001
2 0.13164893617021275 0.368 0.0013297872340425532 0.002
2 0.19614361702127658 0.366 0.0013297872340425532 0.004
2 0.19115691489361702 0.362 0.003324468085106383 0.006
2 0.1702127659574468 0.349 0.0026595744680851063 0.004
2 0.14926861702127658 0.3485 0.0019946808510638296 0.005
2 0.2679521276595745 0.34 0.0013297872340425532 0.002
2 0.26063829787234044 0.335 0.0013297872340425532 0.002
2 0.30518617021276595 0.3325 0.0013297872340425532 0.001
2 0.3038563829787234 0.329 0.0013297872340425532 0.002
2 0.300531914893617 0.3215 0.003989361702127659 0.003
2 0.29188829787234044 0.314 0.0013297872340425532 0.002
2 0.2915558510638298 0.3115 0.0006648936170212766 0.001
2 0.2596409574468085 0.3205 0.008643617021276596 0.019
2 0.29753989361702127 0.3105 0.005984042553191489 0.013
2 0.29753989361702127 0.3025 0.0006648936170212766 0.001
2 0.10571808510638298 0.3005 0.0013297872340425532 0.003
2 0.1196808510638298 0.362 0.034574468085106384 0.136
2 0.11502659574468085 0.2905 0.0013297872340425532 0.005
2 0.261968085106383 0.2365 0.0013297872340425532 0.005
2 0.2752659574468085 0.2325 0.0013297872340425532 0.003
2 0.5994015957446809 0.229 0.008643617021276596 0.01
2 0.1266622340425532 0.241 0.03125 0.082
2 0.13597074468085107 0.199 0.0006648936170212766 0.002
2 0.23902925531914893 0.1915 0.0019946808510638296 0.003
2 0.1685505319148936 0.1845 0.0006648936170212766 0.001
2 0.13962765957446807 0.191 0.005319148936170213 0.014
2 0.1815159574468085 0.177 0.0013297872340425532 0.002
2 0.31316489361702127 0.1745 0.0026595744680851063 0.003
2 0.3011968085106383 0.1755 0.0026595744680851063 0.009
2 0.26429521276595747 0.174 0.0019946808510638296 0.006
2 0.18517287234042554 0.171 0.004654255319148936 0.008
2 0.14195478723404256 0.1725 0.004654255319148936 0.013
2 0.12300531914893617 0.1615 0.0013297872340425532 0.001
2 0.12200797872340426 0.1565 0.0019946808510638296 0.003
2 0.31416223404255317 0.1545 0.0006648936170212766 0.001
2 0.31050531914893614 0.155 0.0026595744680851063 0.008
2 0.14694148936170212 0.1505 0.0013297872340425532 0.001
2 0.22273936170212766 0.15 0.0013297872340425532 0.002
2 0.21675531914893617 0.157 0.007978723404255319 0.032
2 0.2230718085106383 0.134 0.008643617021276596 0.008
2 0.2992021276595745 0.1275 0.003989361702127659 0.007
2 0.12433510638297872 0.127 0.0013297872340425532 0.006
2 0.15625 0.123 0.007978723404255319 0.008
2 0.21841755319148937 0.1155 0.0006648936170212766 0.001
2 0.16289893617021275 0.1165 0.0013297872340425532 0.003
2 0.21974734042553193 0.1125 0.0006648936170212766 0.001
2 0.21509308510638298 0.1125 0.0006648936170212766 0.001
2 0.1389627659574468 0.108 0.0026595744680851063 0.004
2 0.16655585106382978 0.1075 0.0019946808510638296 0.005
2 0.20113031914893617 0.2295 0.13497340425531915 0.251
2 0.1751994680851064 0.104 0.0019946808510638296 0.004
2 0.16422872340425532 0.1 0.005319148936170213 0.006
2 0.23038563829787234 0.0935 0.003324468085106383 0.005
2 0.1622340425531915 0.093 0.0013297872340425532 0.004
2 0.17652925531914893 0.087 0.0019946808510638296 0.002
2 0.19315159574468085 0.068 0.0019946808510638296 0.004
2 0.2386968085106383 0.0645 0.0013297872340425532 0.001
2 0.20212765957446807 0.0655 0.006648936170212766 0.007
2 0.3028590425531915 0.062 0.0019946808510638296 0.006
2 0.296875 0.059 0.0006648936170212766 0.002
2 0.676529255319149 0.0535 0.003324468085106383 0.003
2 0.16289893617021275 0.0545 0.003989361702127659 0.007
2 0.3015292553191489 0.052 0.0006648936170212766 0.004
2 0.14893617021276595 0.0525 0.0026595744680851063 0.005
2 0.6625664893617021 0.0435 0.0006648936170212766 0.001
2 0.1373005319148936 0.0435 0.0019946808510638296 0.003
2 0.2483377659574468 0.0375 0.0006648936170212766 0.001
2 0.2599734042553192 0.044 0.005319148936170213 0.016
2 0.2789228723404255 0.0915 0.09375 0.121
2 0.25 0.0325 0.0013297872340425532 0.003
2 0.1622340425531915 0.032 0.0013297872340425532 0.002
2 0.355718085106383 0.031 0.0013297872340425532 0.004
2 0.2613031914893617 0.03 0.003989361702127659 0.006
2 0.16555851063829788 0.0285 0.0013297872340425532 0.003
2 0.14827127659574468 0.0375 0.015957446808510637 0.023
2 0.25631648936170215 0.0235 0.0006648936170212766 0.001
2 0.24966755319148937 0.026 0.0019946808510638296 0.006
2 0.171875 0.021 0.003324468085106383 0.006
2 0.19448138297872342 0.014 0.0006648936170212766 0.002
2 0.18118351063829788 0.0165 0.005984042553191489 0.013
2 0.253656914893617 0.0055 0.0019946808510638296 0.003
2 0.1658909574468085 0.0115 0.03125 0.015
2 0.19215425531914893 0.0035 0.0013297872340425532 0.001
2 0.35638297872340424 0.005 0.005319148936170213 0.01
2 0.19381648936170212 0.0005 0.0006648936170212766 0.001
2 0.1848404255319149 0.001 0.003989361702127659 0.002
2 0.16256648936170212 0.0015 0.003324468085106383 0.003
2 0.1512632978723404 0.0005 0.0006648936170212766 0.001
2 0.5 0.5 1.0 1.0