2 0.26666666666666666 0.8397291196388262 0.18666666666666668 0.009029345372460496
2 0.21666666666666667 0.7099322799097065 0.02666666666666667 0.01580135440180587
2 0.33166666666666667 0.708803611738149 0.016666666666666666 0.01805869074492099
2 0.3016666666666667 0.7099322799097065 0.03 0.020316027088036117
2 0.255 0.7099322799097065 0.056666666666666664 0.020316027088036117
2 0.26 0.6704288939051919 0.013333333333333334 0.01805869074492099
2 0.31333333333333335 0.6704288939051919 0.08666666666666667 0.022573363431151242
2 0.22166666666666668 0.6693002257336343 0.056666666666666664 0.020316027088036117
2 0.9633333333333334 0.5677200902934537 0.02666666666666667 0.011286681715575621
2 0.9566666666666667 0.54627539503386 0.04666666666666667 0.013544018058690745
2 0.9566666666666667 0.5270880361173815 0.05333333333333334 0.01580135440180587
2 0.10166666666666667 0.5214446952595937 0.043333333333333335 0.009029345372460496
2 0.44 0.518058690744921 0.04 0.01580135440180587
2 0.305 0.463882618510158 0.22333333333333333 0.10609480812641084
2 0.42833333333333334 0.35553047404063204 0.03666666666666667 0.01580135440180587
2 0.125 0.35214446952595935 0.056666666666666664 0.022573363431151242
2 0.2916666666666667 0.3306997742663657 0.0033333333333333335 0.002257336343115124
2 0.20166666666666666 0.3295711060948081 0.01 0.004514672686230248
2 0.3516666666666667 0.3239277652370203 0.0033333333333333335 0.002257336343115124
2 0.51 0.49774266365688485 0.9666666666666667 0.7246049661399548