2 0.5622222222222222 0.6755555555555556 0.04888888888888889 0.06222222222222222
2 0.18444444444444444 0.6755555555555556 0.08444444444444445 0.11555555555555555
2 0.5288888888888889 0.6422222222222222 0.11555555555555555 0.09333333333333334
2 0.4088888888888889 0.6088888888888889 0.08 0.08
2 0.4777777777777778 0.5822222222222222 0.04 0.06222222222222222
2 0.54 0.5533333333333333 0.04 0.06666666666666667
2 0.76 0.6066666666666667 0.27555555555555555 0.26222222222222225
2 0.2511111111111111 0.5755555555555556 0.24444444444444444 0.3333333333333333
2 0.35555555555555557 0.4444444444444444 0.16 0.1688888888888889
2 0.54 0.4111111111111111 0.19111111111111112 0.19111111111111112
2 0.7711111111111111 0.38 0.2088888888888889 0.2088888888888889