2 0.2541782729805014 0.9006944444444445 0.001392757660167131 0.001388888888888889
2 0.8147632311977716 0.8791666666666667 0.002785515320334262 0.002777777777777778
2 0.7200557103064067 0.8888888888888888 0.18384401114206128 0.022222222222222223
2 0.5055710306406686 0.8805555555555555 0.20055710306406685 0.03888888888888889
2 0.4986072423398329 0.8618055555555556 0.036211699164345405 0.009722222222222222
2 0.282033426183844 0.8229166666666666 0.004178272980501393 0.001388888888888889
2 0.674791086350975 0.8215277777777777 0.001392757660167131 0.001388888888888889
2 0.2764623955431755 0.8180555555555555 0.001392757660167131 0.002777777777777778
2 0.66991643454039 0.8159722222222222 0.002785515320334262 0.004166666666666667
2 0.49512534818941506 0.8145833333333333 0.004178272980501393 0.004166666666666667
2 0.2722841225626741 0.8131944444444444 0.001392757660167131 0.001388888888888889
2 0.5487465181058496 0.7979166666666667 0.002785515320334262 0.004166666666666667
2 0.7263231197771588 0.7972222222222223 0.001392757660167131 0.005555555555555556
2 0.5243732590529248 0.7965277777777777 0.004178272980501393 0.0125
2 0.36768802228412256 0.7847222222222222 0.013927576601671309 0.013888888888888888
2 0.5104456824512534 0.7770833333333333 0.004178272980501393 0.001388888888888889
2 0.6643454038997214 0.7770833333333333 0.002785515320334262 0.004166666666666667
2 0.6727019498607242 0.7777777777777778 0.008356545961002786 0.008333333333333333
2 0.48467966573816157 0.7715277777777778 0.002785515320334262 0.001388888888888889
2 0.4937325905292479 0.775 0.006963788300835654 0.011111111111111112
2 0.39275766016713093 0.7645833333333333 0.002785515320334262 0.001388888888888889
2 0.6420612813370473 0.7756944444444445 0.005571030640668524 0.02638888888888889
2 0.7012534818941504 0.7604166666666666 0.001392757660167131 0.001388888888888889
2 0.3816155988857939 0.7666666666666667 0.008356545961002786 0.013888888888888888
2 0.3635097493036212 0.7590277777777777 0.013927576601671309 0.015277777777777777
2 0.7284122562674095 0.7513888888888889 0.002785515320334262 0.002777777777777778
2 0.27785515320334264 0.7506944444444444 0.004178272980501393 0.004166666666666667
2 0.6413649025069638 0.7513888888888889 0.004178272980501393 0.008333333333333333
2 0.28342618384401114 0.7465277777777778 0.004178272980501393 0.004166666666666667
2 0.7249303621169917 0.7444444444444445 0.001392757660167131 0.002777777777777778
2 0.37952646239554316 0.7444444444444445 0.009749303621169917 0.013888888888888888
2 0.28481894150417825 0.7298611111111111 0.001392757660167131 0.001388888888888889
2 0.29526462395543174 0.7708333333333334 0.116991643454039 0.10833333333333334
2 0.30779944289693595 0.7111111111111111 0.002785515320334262 0.002777777777777778
2 0.3147632311977716 0.7104166666666667 0.002785515320334262 0.004166666666666667
2 0.3126740947075209 0.6909722222222222 0.004178272980501393 0.004166666666666667
2 0.20055710306406685 0.7520833333333333 0.04735376044568245 0.12638888888888888
2 0.3008356545961003 0.6701388888888888 0.002785515320334262 0.001388888888888889
2 0.6399721448467967 0.675 0.004178272980501393 0.016666666666666666
2 0.31058495821727017 0.6680555555555555 0.002785515320334262 0.002777777777777778
2 0.314066852367688 0.6715277777777777 0.01532033426183844 0.0125
2 0.3168523676880223 0.6576388888888889 0.001392757660167131 0.001388888888888889
2 0.3342618384401114 0.6541666666666667 0.002785515320334262 0.002777777777777778
2 0.31963788300835655 0.65 0.001392757660167131 0.002777777777777778
2 0.3147632311977716 0.65 0.005571030640668524 0.008333333333333333
2 0.28551532033426186 0.6347222222222222 0.002785515320334262 0.002777777777777778
2 0.3112813370473538 0.6326388888888889 0.001392757660167131 0.001388888888888889
2 0.6406685236768802 0.6305555555555555 0.005571030640668524 0.005555555555555556
2 0.18245125348189414 0.6284722222222222 0.008356545961002786 0.015277777777777777
2 0.31337047353760444 0.6208333333333333 0.002785515320334262 0.002777777777777778
2 0.24094707520891365 0.6625 0.10584958217270195 0.09166666666666666
2 0.6399721448467967 0.6180555555555556 0.004178272980501393 0.005555555555555556
2 0.19568245125348188 0.6166666666666667 0.012534818941504178 0.013888888888888888
2 0.6406685236768802 0.6041666666666666 0.002785515320334262 0.002777777777777778
2 0.28481894150417825 0.6034722222222222 0.001392757660167131 0.004166666666666667
2 0.2876044568245125 0.5979166666666667 0.001392757660167131 0.001388888888888889
2 0.3321727019498607 0.5965277777777778 0.001392757660167131 0.001388888888888889
2 0.18036211699164345 0.6020833333333333 0.006963788300835654 0.015277777777777777
2 0.6733983286908078 0.5951388888888889 0.004178272980501393 0.004166666666666667
2 0.6093314763231198 0.5923611111111111 0.001392757660167131 0.001388888888888889
2 0.6817548746518106 0.5909722222222222 0.004178272980501393 0.004166666666666667
2 0.19289693593314763 0.5930555555555556 0.012534818941504178 0.013888888888888888
2 0.31197771587743733 0.5833333333333334 0.002785515320334262 0.002777777777777778
2 0.30571030640668523 0.5833333333333334 0.001392757660167131 0.002777777777777778
2 0.8210306406685237 0.5888888888888889 0.006963788300835654 0.022222222222222223
2 0.6559888579387186 0.5895833333333333 0.033426183844011144 0.034722222222222224
2 0.26740947075208915 0.5847222222222223 0.025069637883008356 0.03333333333333333
2 0.7047353760445683 0.5652777777777778 0.011142061281337047 0.011111111111111112
2 0.6733983286908078 0.5604166666666667 0.004178272980501393 0.004166666666666667
2 0.6636490250696379 0.5638888888888889 0.012534818941504178 0.011111111111111112
2 0.6984679665738162 0.5333333333333333 0.001392757660167131 0.005555555555555556
2 0.729108635097493 0.6395833333333333 0.1935933147632312 0.22361111111111112
2 0.6720055710306406 0.5284722222222222 0.001392757660167131 0.001388888888888889
2 0.6727019498607242 0.5222222222222223 0.002785515320334262 0.002777777777777778
2 0.6629526462395543 0.525 0.011142061281337047 0.011111111111111112
2 0.8015320334261838 0.5229166666666667 0.01532033426183844 0.020833333333333332
2 0.5181058495821727 0.50625 0.002785515320334262 0.001388888888888889
2 0.6977715877437326 0.5145833333333333 0.002785515320334262 0.020833333333333332
2 0.6984679665738162 0.4951388888888889 0.001392757660167131 0.001388888888888889
2 0.6984679665738162 0.4888888888888889 0.001392757660167131 0.002777777777777778
2 0.5097493036211699 0.48819444444444443 0.002785515320334262 0.001388888888888889
2 0.6608635097493036 0.4895833333333333 0.004178272980501393 0.006944444444444444
2 0.5473537604456824 0.49027777777777776 0.005571030640668524 0.008333333333333333
2 0.7228412256267409 0.4840277777777778 0.002785515320334262 0.001388888888888889
2 0.6692200557103064 0.4888888888888889 0.006963788300835654 0.011111111111111112
2 0.48746518105849584 0.48680555555555555 0.025069637883008356 0.0125
2 0.2994428969359331 0.5479166666666667 0.1671309192200557 0.15694444444444444
2 0.6713091922005571 0.45555555555555555 0.002785515320334262 0.002777777777777778
2 0.6643454038997214 0.45555555555555555 0.002785515320334262 0.002777777777777778
2 0.6706128133704735 0.4465277777777778 0.001392757660167131 0.001388888888888889
2 0.658774373259053 0.45069444444444445 0.005571030640668524 0.009722222222222222
2 0.5647632311977716 0.44513888888888886 0.001392757660167131 0.001388888888888889
2 0.4958217270194986 0.44930555555555557 0.008356545961002786 0.0125
2 0.48259052924791085 0.44930555555555557 0.018105849582172703 0.0125
2 0.697075208913649 0.44166666666666665 0.001392757660167131 0.002777777777777778
2 0.7332869080779945 0.44027777777777777 0.001392757660167131 0.002777777777777778
2 0.5619777158774373 0.4409722222222222 0.009749303621169917 0.009722222222222222
2 0.5571030640668524 0.4375 0.002785515320334262 0.002777777777777778
2 0.7305013927576601 0.4354166666666667 0.001392757660167131 0.001388888888888889
2 0.7228412256267409 0.4375 0.005571030640668524 0.005555555555555556
2 0.5480501392757661 0.4395833333333333 0.006963788300835654 0.0125
2 0.6977715877437326 0.42916666666666664 0.002785515320334262 0.011111111111111112
2 0.6706128133704735 0.41597222222222224 0.004178272980501393 0.004166666666666667
2 0.5 0.5993055555555555 0.1977715877437326 0.3736111111111111
2 0.6532033426183844 0.41180555555555554 0.025069637883008356 0.009722222222222222
2 0.4958217270194986 0.41180555555555554 0.008356545961002786 0.0125
2 0.4756267409470752 0.41180555555555554 0.03203342618384401 0.0125
2 0.27785515320334264 0.3506944444444444 0.17409470752089137 0.015277777777777777
2 0.2096100278551532 0.33819444444444446 0.001392757660167131 0.001388888888888889
2 0.27506963788300837 0.28194444444444444 0.18802228412256267 0.1
2 0.49512534818941506 0.2951388888888889 0.18802228412256267 0.12916666666666668
2 0.49025069637883006 0.23333333333333334 0.03899721448467967 0.005555555555555556
2 0.3071030640668524 0.2326388888888889 0.026462395543175487 0.009722222222222222
2 0.2694986072423398 0.23125 0.034818941504178275 0.006944444444444444
2 0.7137883008356546 0.28888888888888886 0.19080779944289694 0.12777777777777777
2 0.7116991643454039 0.20625 0.002785515320334262 0.001388888888888889
2 0.7465181058495822 0.2048611111111111 0.002785515320334262 0.006944444444444444
2 0.49164345403899723 0.12152777777777778 0.08356545961002786 0.034722222222222224
2 0.27298050139275765 0.11458333333333333 0.07242339832869081 0.029166666666666667
2 0.7144846796657381 0.11180555555555556 0.08356545961002786 0.034722222222222224