2 0.07923976608187135 0.6564327485380117 0.0005847953216374269 0.0005847953216374269
2 0.6847953216374268 0.6152046783625731 0.0011695906432748538 0.0011695906432748538
2 0.10321637426900584 0.6271929824561403 0.038011695906432746 0.06374269005847953
2 0.059941520467836254 0.6242690058479532 0.038011695906432746 0.06257309941520468
2 0.11461988304093568 0.5926900584795322 0.0035087719298245615 0.004093567251461989
2 0.6748538011695906 0.5842105263157895 0.0011695906432748538 0.0011695906432748538
2 0.054678362573099416 0.5847953216374269 0.004093567251461989 0.0035087719298245615
2 0.708187134502924 0.5163742690058479 0.0011695906432748538 0.0023391812865497076
2 0.20175438596491227 0.47309941520467835 0.0023391812865497076 0.010526315789473684
2 0.1827485380116959 0.4043859649122807 0.0017543859649122807 0.0005847953216374269
2 0.21374269005847954 0.4064327485380117 0.027485380116959064 0.005847953216374269
2 0.19415204678362574 0.40380116959064327 0.004678362573099415 0.0005847953216374269
2 0.1850877192982456 0.40380116959064327 0.0005847953216374269 0.0005847953216374269
2 0.9269005847953217 0.40292397660818713 0.014035087719298246 0.004678362573099415
2 0.9084795321637427 0.4 0.0017543859649122807 0.004678362573099415
2 0.8786549707602339 0.3997076023391813 0.0017543859649122807 0.004093567251461989
2 0.6260233918128655 0.5321637426900585 0.19707602339181288 0.26900584795321636
2 0.11052631578947368 0.5260233918128655 0.18362573099415205 0.2590643274853801
2 0.8847953216374269 0.5260233918128655 0.2304093567251462 0.26842105263157895
2 0.38128654970760234 0.3888888888888889 0.0035087719298245615 0.0011695906432748538
2 0.36140350877192984 0.5248538011695907 0.2152046783625731 0.2824561403508772
2 0.6260233918128655 0.3757309941520468 0.06374269005847953 0.03684210526315789