2 0.5760869565217391 0.83399209486166 0.01383399209486166 0.003952569169960474
2 0.6808300395256917 0.808300395256917 0.08102766798418973 0.05533596837944664
2 0.4209486166007905 0.7569169960474308 0.015810276679841896 0.007905138339920948
2 0.30632411067193677 0.7608695652173914 0.03162055335968379 0.015810276679841896
2 0.44367588932806323 0.733201581027668 0.017786561264822136 0.02766798418972332
2 0.4367588932806324 0.7608695652173914 0.14624505928853754 0.08695652173913043
2 0.4950592885375494 0.7183794466403162 0.005928853754940711 0.005928853754940711
2 0.42292490118577075 0.6936758893280632 0.019762845849802372 0.019762845849802372
2 0.3448616600790514 0.6926877470355731 0.017786561264822136 0.017786561264822136
2 0.48221343873517786 0.6778656126482213 0.011857707509881422 0.015810276679841896
2 0.283596837944664 0.6719367588932806 0.009881422924901186 0.019762845849802372
2 0.5069169960474308 0.6600790513833992 0.001976284584980237 0.003952569169960474
2 0.3824110671936759 0.6679841897233202 0.025691699604743084 0.02766798418972332
2 0.5009881422924901 0.6462450592885376 0.005928853754940711 0.003952569169960474
2 0.5019762845849802 0.6304347826086957 0.003952569169960474 0.003952569169960474
2 0.34288537549407117 0.6294466403162056 0.017786561264822136 0.021739130434782608
2 0.4268774703557312 0.6264822134387352 0.02766798418972332 0.02766798418972332
2 0.48320158102766797 0.6225296442687747 0.009881422924901186 0.02766798418972332
2 0.4644268774703557 0.6086956521739131 0.003952569169960474 0.003952569169960474
2 0.2816205533596838 0.6136363636363636 0.009881422924901186 0.017786561264822136
2 0.4575098814229249 0.5909090909090909 0.021739130434782608 0.03162055335968379
2 0.4851778656126482 0.5780632411067194 0.005928853754940711 0.009881422924901186
2 0.30434782608695654 0.5869565217391305 0.019762845849802372 0.02766798418972332
2 0.6126482213438735 0.58399209486166 0.1225296442687747 0.06126482213438735
2 0.4258893280632411 0.5652173913043478 0.025691699604743084 0.023715415019762844
2 0.3409090909090909 0.5652173913043478 0.021739130434782608 0.023715415019762844
2 0.48320158102766797 0.5543478260869565 0.01383399209486166 0.021739130434782608
2 0.27865612648221344 0.5513833992094862 0.011857707509881422 0.019762845849802372
2 0.46047430830039526 0.5395256916996047 0.015810276679841896 0.023715415019762844
2 0.2826086956521739 0.5266798418972332 0.015810276679841896 0.009881422924901186
2 0.2875494071146245 0.5187747035573123 0.001976284584980237 0.001976284584980237
2 0.4851778656126482 0.5207509881422925 0.009881422924901186 0.01383399209486166
2 0.26877470355731226 0.508893280632411 0.007905138339920948 0.009881422924901186
2 0.3814229249011858 0.3201581027667984 0.23715415019762845 0.308300395256917