2 0.5 0.9984375 1.0 0.003125
2 0.46640625 0.83515625 0.0015625 0.0015625
2 0.46171875 0.6921875 0.0078125 0.021875
2 0.45703125 0.64765625 0.0078125 0.0046875
2 0.45390625 0.63359375 0.0109375 0.0109375
2 0.1609375 0.6296875 0.0125 0.021875
2 0.4734375 0.61015625 0.01875 0.0296875
2 0.2390625 0.703125 0.3 0.3875
2 0.37890625 0.41796875 0.0015625 0.0015625
2 0.78671875 0.36953125 0.0046875 0.0046875
2 0.69296875 0.259375 0.0046875 0.00625
2 0.73046875 0.1515625 0.0171875 0.01875
2 0.840625 0.5203125 0.31875 0.79375
2 0.81953125 0.1140625 0.0078125 0.028125
2 0.79453125 0.1140625 0.0140625 0.028125
2 0.37734375 0.47890625 0.6453125 0.7609375