2 0.7242857142857143 0.89 0.011428571428571429 0.005714285714285714
2 0.6964285714285714 0.8721428571428571 0.03857142857142857 0.027142857142857142
2 0.67 0.8528571428571429 0.005714285714285714 0.005714285714285714
2 0.6578571428571428 0.8407142857142857 0.0014285714285714286 0.0014285714285714286
2 0.6542857142857142 0.8364285714285714 0.002857142857142857 0.004285714285714286
2 0.6485714285714286 0.83 0.002857142857142857 0.002857142857142857
2 0.6435714285714286 0.8235714285714286 0.0014285714285714286 0.0014285714285714286
2 0.8485714285714285 0.82 0.017142857142857144 0.011428571428571429
2 0.6364285714285715 0.815 0.0014285714285714286 0.0014285714285714286
2 0.8642857142857143 0.8071428571428572 0.005714285714285714 0.005714285714285714
2 0.8778571428571429 0.79 0.0014285714285714286 0.002857142857142857
2 0.6228571428571429 0.7914285714285715 0.002857142857142857 0.005714285714285714
2 0.8164285714285714 0.8464285714285714 0.15571428571428572 0.12142857142857143
2 0.6164285714285714 0.7785714285714286 0.0014285714285714286 0.002857142857142857
2 0.6128571428571429 0.7678571428571429 0.002857142857142857 0.004285714285714286
2 0.9107142857142857 0.745 0.032857142857142856 0.05285714285714286
2 0.7164285714285714 0.7878571428571428 0.20714285714285716 0.18142857142857144
2 0.1657142857142857 0.6564285714285715 0.005714285714285714 0.0014285714285714286
2 0.95 0.6521428571428571 0.04857142857142857 0.09285714285714286
2 0.32857142857142857 0.6471428571428571 0.5314285714285715 0.11428571428571428
2 0.060714285714285714 0.585 0.0014285714285714286 0.0014285714285714286
2 0.6685714285714286 0.5707142857142857 0.14285714285714285 0.09
2 0.8707142857142857 0.4657142857142857 0.0014285714285714286 0.002857142857142857
2 0.8514285714285714 0.45571428571428574 0.017142857142857144 0.008571428571428572
2 0.5257142857142857 0.41214285714285714 0.017142857142857144 0.012857142857142857
2 0.34785714285714286 0.37142857142857144 0.31857142857142856 0.22285714285714286
2 0.495 0.2571428571428571 0.004285714285714286 0.002857142857142857