2 0.175 0.815 0.0033333333333333335 0.0033333333333333335
2 0.555 0.7816666666666666 0.01 0.01
2 0.7466666666666667 0.7183333333333334 0.06666666666666667 0.043333333333333335
2 0.8116666666666666 0.7166666666666667 0.03666666666666667 0.04666666666666667
2 0.73 0.68 0.02666666666666667 0.013333333333333334
2 0.07 0.6666666666666666 0.006666666666666667 0.006666666666666667
2 0.06333333333333334 0.6 0.02 0.013333333333333334
2 0.12166666666666667 0.69 0.07666666666666666 0.2
2 0.6916666666666667 0.585 0.0033333333333333335 0.023333333333333334
2 0.035 0.5533333333333333 0.0033333333333333335 0.006666666666666667
2 0.6133333333333333 0.5466666666666666 0.006666666666666667 0.006666666666666667
2 0.7483333333333333 0.5716666666666667 0.07 0.09666666666666666
2 0.67 0.5633333333333334 0.02 0.08
2 0.5816666666666667 0.5183333333333333 0.01 0.01
2 0.6616666666666666 0.5116666666666667 0.01 0.01
2 0.5566666666666666 0.505 0.013333333333333334 0.0033333333333333335
2 0.58 0.505 0.006666666666666667 0.01
2 0.205 0.605 0.07666666666666666 0.21666666666666667
2 0.075 0.52 0.03 0.04666666666666667
2 0.6633333333333333 0.495 0.013333333333333334 0.016666666666666666
2 0.5583333333333333 0.4866666666666667 0.01 0.006666666666666667
2 0.05 0.4866666666666667 0.013333333333333334 0.006666666666666667
2 0.035 0.49 0.01 0.013333333333333334
2 0.5783333333333334 0.4866666666666667 0.01 0.013333333333333334
2 0.03666666666666667 0.475 0.006666666666666667 0.0033333333333333335
2 0.12333333333333334 0.45166666666666666 0.006666666666666667 0.01
2 0.11833333333333333 0.43166666666666664 0.01 0.01
2 0.12 0.4033333333333333 0.013333333333333334 0.02666666666666667
2 0.8033333333333333 0.4166666666666667 0.03333333333333333 0.10666666666666667
2 0.11666666666666667 0.3466666666666667 0.02 0.02
2 0.7616666666666667 0.2816666666666667 0.03 0.023333333333333334
2 0.44 0.2733333333333333 0.006666666666666667 0.006666666666666667
2 0.5116666666666667 0.2683333333333333 0.0033333333333333335 0.0033333333333333335
2 0.4683333333333333 0.26166666666666666 0.01 0.01
2 0.49666666666666665 0.24666666666666667 0.013333333333333334 0.006666666666666667
2 0.6716666666666666 0.24166666666666667 0.0033333333333333335 0.016666666666666666
2 0.56 0.22833333333333333 0.006666666666666667 0.0033333333333333335
2 0.53 0.22833333333333333 0.04 0.01
2 0.16166666666666665 0.04833333333333333 0.01 0.01
2 0.6483333333333333 0.005 0.01 0.01
2 0.5216666666666666 0.0033333333333333335 0.0033333333333333335 0.006666666666666667
2 0.4816666666666667 0.011666666666666667 0.023333333333333334 0.023333333333333334
2 0.45666666666666667 0.015 0.02 0.03
2 0.5 0.5 1.0 1.0