2 0.931640625 0.34521484375 0.0013020833333333333 0.001953125
2 0.935546875 0.3369140625 0.0013020833333333333 0.0009765625
2 0.9182942708333334 0.33935546875 0.008463541666666666 0.0068359375
2 0.88671875 0.33642578125 0.0013020833333333333 0.0009765625
2 0.923828125 0.335205078125 0.0013020833333333333 0.00146484375
2 0.8821614583333334 0.330810546875 0.0013020833333333333 0.00048828125
2 0.908203125 0.333251953125 0.005208333333333333 0.00634765625
2 0.8876953125 0.331298828125 0.0032552083333333335 0.00341796875
2 0.8929036458333334 0.32958984375 0.0006510416666666666 0.0009765625
2 0.9013671875 0.328857421875 0.0006510416666666666 0.00048828125
2 0.9104817708333334 0.330810546875 0.0032552083333333335 0.00537109375
2 0.9140625 0.330322265625 0.0026041666666666665 0.00537109375
2 0.9192708333333334 0.3291015625 0.005208333333333333 0.0068359375
2 0.8932291666666666 0.326171875 0.0026041666666666665 0.0029296875
2 0.9228515625 0.324951171875 0.001953125 0.00146484375
2 0.8961588541666666 0.322998046875 0.0006510416666666666 0.00048828125
2 0.9091796875 0.3251953125 0.009765625 0.009765625
2 0.9098307291666666 0.319580078125 0.0006510416666666666 0.00048828125
2 0.8649088541666666 0.3193359375 0.0006510416666666666 0.0009765625
2 0.8912760416666666 0.3203125 0.00390625 0.0068359375
2 0.9208984375 0.31689453125 0.0006510416666666666 0.0009765625
2 0.9029947916666666 0.315673828125 0.0013020833333333333 0.00146484375
2 0.8626302083333334 0.31689453125 0.0026041666666666665 0.00390625
2 0.9261067708333334 0.315185546875 0.007161458333333333 0.00439453125
2 0.9130859375 0.31494140625 0.004557291666666667 0.005859375
2 0.8626302083333334 0.312255859375 0.0013020833333333333 0.00244140625
2 0.9173177083333334 0.317138671875 0.01171875 0.01318359375
2 0.9029947916666666 0.311279296875 0.0013020833333333333 0.00146484375
2 0.87890625 0.3115234375 0.0013020833333333333 0.001953125
2 0.9075520833333334 0.313720703125 0.00390625 0.00732421875
2 0.9228515625 0.310546875 0.001953125 0.001953125
2 0.8531901041666666 0.312255859375 0.004557291666666667 0.00634765625
2 0.8492838541666666 0.31103515625 0.0032552083333333335 0.0048828125
2 0.9622395833333334 0.308837890625 0.0026041666666666665 0.00146484375
2 0.9195963541666666 0.307373046875 0.0006510416666666666 0.00048828125
2 0.8919270833333334 0.3076171875 0.0013020833333333333 0.0009765625
2 0.8645833333333334 0.308349609375 0.0026041666666666665 0.00244140625
2 0.8421223958333334 0.3076171875 0.001953125 0.0009765625
2 0.9306640625 0.30712890625 0.0006510416666666666 0.0009765625
2 0.916015625 0.30908203125 0.00390625 0.005859375
2 0.8798828125 0.306640625 0.001953125 0.0009765625
2 0.8460286458333334 0.307373046875 0.001953125 0.00244140625
2 0.9622395833333334 0.30615234375 0.0013020833333333333 0.0009765625
2 0.9303385416666666 0.314697265625 0.01171875 0.01806640625
2 0.92578125 0.3095703125 0.005208333333333333 0.0078125
2 0.8824869791666666 0.30615234375 0.001953125 0.001953125
2 0.9488932291666666 0.306640625 0.0032552083333333335 0.00390625
2 0.9287109375 0.3046875 0.0006510416666666666 0.0009765625
2 0.9127604166666666 0.305419921875 0.0026041666666666665 0.00341796875
2 0.8955078125 0.309326171875 0.008463541666666666 0.01123046875
2 0.9475911458333334 0.3037109375 0.0006510416666666666 0.0009765625
2 0.8779296875 0.3037109375 0.0006510416666666666 0.0009765625
2 0.9417317708333334 0.302734375 0.0006510416666666666 0.0009765625
2 0.923828125 0.30419921875 0.00390625 0.0048828125
2 0.9091796875 0.302001953125 0.0006510416666666666 0.00048828125
2 0.927734375 0.302490234375 0.0013020833333333333 0.00244140625
2 0.9397786458333334 0.301025390625 0.0006510416666666666 0.00048828125
2 0.9306640625 0.3017578125 0.001953125 0.001953125
2 0.9225260416666666 0.30078125 0.0013020833333333333 0.0009765625
2 0.9114583333333334 0.30078125 0.0013020833333333333 0.0009765625
2 0.9189453125 0.302001953125 0.0032552083333333335 0.00439453125
2 0.8997395833333334 0.302978515625 0.006510416666666667 0.00634765625
2 0.8929036458333334 0.300537109375 0.0006510416666666666 0.00146484375
2 0.8899739583333334 0.30029296875 0.0013020833333333333 0.0009765625
2 0.8798828125 0.30126953125 0.0032552083333333335 0.0029296875
2 0.8922526041666666 0.299072265625 0.0006510416666666666 0.00048828125
2 0.9251302083333334 0.299072265625 0.0013020833333333333 0.00146484375
2 0.9147135416666666 0.298828125 0.0013020833333333333 0.0009765625
2 0.849609375 0.298828125 0.0013020833333333333 0.0009765625
2 0.9329427083333334 0.299072265625 0.0026041666666666665 0.00341796875
2 0.9016927083333334 0.29833984375 0.0026041666666666665 0.001953125
2 0.8834635416666666 0.29833984375 0.0013020833333333333 0.001953125
2 0.8470052083333334 0.298095703125 0.0013020833333333333 0.00146484375
2 0.8701171875 0.297607421875 0.0006510416666666666 0.00146484375
2 0.9449869791666666 0.297607421875 0.0032552083333333335 0.00244140625
2 0.8961588541666666 0.2998046875 0.005859375 0.0068359375
2 0.8811848958333334 0.296630859375 0.0006510416666666666 0.00048828125
2 0.92578125 0.296875 0.0013020833333333333 0.001953125
2 0.8759765625 0.29638671875 0.0006510416666666666 0.0009765625
2 0.873046875 0.296875 0.0013020833333333333 0.001953125
2 0.9495442708333334 0.299072265625 0.005859375 0.00732421875
2 0.9225260416666666 0.296142578125 0.0013020833333333333 0.00146484375
2 0.8805338541666666 0.295654296875 0.0006510416666666666 0.00048828125
2 0.8642578125 0.296142578125 0.001953125 0.00146484375
2 0.9430338541666666 0.295166015625 0.001953125 0.00244140625
2 0.9244791666666666 0.294189453125 0.0013020833333333333 0.00048828125
2 0.8974609375 0.294189453125 0.0006510416666666666 0.00048828125
2 0.8876953125 0.29443359375 0.0006510416666666666 0.0009765625
2 0.9567057291666666 0.293701171875 0.0006510416666666666 0.00048828125
2 0.9150390625 0.294677734375 0.001953125 0.00244140625
2 0.8837890625 0.294677734375 0.001953125 0.00244140625
2 0.9368489583333334 0.294189453125 0.0026041666666666665 0.00244140625
2 0.9313151041666666 0.2939453125 0.001953125 0.001953125
2 0.939453125 0.29345703125 0.0013020833333333333 0.001953125
2 0.9205729166666666 0.29345703125 0.0026041666666666665 0.001953125
2 0.8863932291666666 0.29296875 0.0006510416666666666 0.0009765625
2 0.8525390625 0.292724609375 0.0006510416666666666 0.00048828125
2 0.9127604166666666 0.292724609375 0.0013020833333333333 0.00146484375
2 0.90625 0.30078125 0.010416666666666666 0.017578125
2 0.9664713541666666 0.291748046875 0.0006510416666666666 0.00048828125
2 0.9453125 0.2919921875 0.0013020833333333333 0.0009765625
2 0.8688151041666666 0.292236328125 0.001953125 0.00146484375
2 0.9680989583333334 0.29150390625 0.0013020833333333333 0.0009765625
2 0.9381510416666666 0.29150390625 0.0013020833333333333 0.0009765625
2 0.8753255208333334 0.29150390625 0.0006510416666666666 0.0009765625
2 0.8782552083333334 0.291259765625 0.0013020833333333333 0.00146484375
2 0.9169921875 0.29150390625 0.004557291666666667 0.0029296875
2 0.8916015625 0.293212890625 0.005859375 0.00634765625
2 0.916015625 0.2900390625 0.0013020833333333333 0.0009765625
2 0.9085286458333334 0.290771484375 0.001953125 0.00244140625
2 0.9694010416666666 0.289306640625 0.0013020833333333333 0.00048828125
2 0.9475911458333334 0.290771484375 0.001953125 0.00341796875
2 0.9280598958333334 0.290283203125 0.001953125 0.00244140625
2 0.9612630208333334 0.291259765625 0.005859375 0.00537109375
2 0.9541015625 0.28955078125 0.001953125 0.001953125
2 0.9332682291666666 0.290771484375 0.004557291666666667 0.00439453125
2 0.9567057291666666 0.288330078125 0.0006510416666666666 0.00048828125
2 0.9514973958333334 0.28857421875 0.0006510416666666666 0.0009765625
2 0.8870442708333334 0.28857421875 0.0006510416666666666 0.0009765625
2 0.9407552083333334 0.2900390625 0.005208333333333333 0.0048828125
2 0.9095052083333334 0.288330078125 0.0013020833333333333 0.00146484375
2 0.8802083333333334 0.28857421875 0.0026041666666666665 0.001953125
2 0.8720703125 0.287841796875 0.001953125 0.00048828125
2 0.9462890625 0.28759765625 0.0006510416666666666 0.0009765625
2 0.9049479166666666 0.287841796875 0.0026041666666666665 0.00146484375
2 0.9000651041666666 0.29150390625 0.005859375 0.0087890625
2 0.9768880208333334 0.286865234375 0.0006510416666666666 0.00048828125
2 0.9495442708333334 0.28662109375 0.001953125 0.0009765625
2 0.875 0.286376953125 0.0013020833333333333 0.00048828125
2 0.8619791666666666 0.287109375 0.0013020833333333333 0.001953125
2 0.9527994791666666 0.2861328125 0.0006510416666666666 0.0009765625
2 0.9248046875 0.286865234375 0.001953125 0.00244140625
2 0.9026692708333334 0.2861328125 0.001953125 0.0009765625
2 0.8831380208333334 0.285888671875 0.0006510416666666666 0.00048828125
2 0.9384765625 0.28564453125 0.0006510416666666666 0.0009765625
2 0.9296875 0.2861328125 0.0026041666666666665 0.001953125
2 0.9104817708333334 0.285888671875 0.001953125 0.00244140625
2 0.998046875 0.288330078125 0.00390625 0.00830078125
2 0.9222005208333334 0.28662109375 0.0032552083333333335 0.0048828125
2 0.8694661458333334 0.285400390625 0.004557291666666667 0.00244140625
2 0.859375 0.284912109375 0.0013020833333333333 0.00146484375
2 0.8854166666666666 0.284423828125 0.0013020833333333333 0.00146484375
2 0.8639322916666666 0.28515625 0.00390625 0.0029296875
2 0.9567057291666666 0.283935546875 0.001953125 0.00146484375
2 0.9993489583333334 0.283447265625 0.0013020833333333333 0.00146484375
2 0.98046875 0.284912109375 0.0026041666666666665 0.00439453125
2 0.9759114583333334 0.284423828125 0.0026041666666666665 0.00341796875
2 0.9723307291666666 0.28369140625 0.001953125 0.001953125
2 0.9514973958333334 0.283935546875 0.0032552083333333335 0.00244140625
2 0.9306640625 0.283447265625 0.0006510416666666666 0.00146484375
2 0.8883463541666666 0.283203125 0.0006510416666666666 0.0009765625
2 0.8430989583333334 0.28369140625 0.0026041666666666665 0.001953125
2 0.94921875 0.28271484375 0.0013020833333333333 0.0009765625
2 0.8990885416666666 0.283203125 0.0013020833333333333 0.001953125
2 0.8538411458333334 0.282470703125 0.0006510416666666666 0.00048828125
2 0.9534505208333334 0.281982421875 0.0006510416666666666 0.00048828125
2 0.8714192708333334 0.282470703125 0.001953125 0.00146484375
2 0.8668619791666666 0.282470703125 0.001953125 0.00146484375
2 0.8899739583333334 0.28271484375 0.0013020833333333333 0.0029296875
2 0.8870442708333334 0.281494140625 0.0006510416666666666 0.00048828125
2 0.9778645833333334 0.28125 0.0013020833333333333 0.0009765625
2 0.9173177083333334 0.2822265625 0.0026041666666666665 0.0029296875
2 0.9104817708333334 0.28125 0.0006510416666666666 0.0009765625
2 0.8779296875 0.281005859375 0.0006510416666666666 0.00048828125
2 0.8525390625 0.281005859375 0.0006510416666666666 0.00048828125
2 0.9658203125 0.28515625 0.013671875 0.009765625
2 0.9635416666666666 0.281005859375 0.0013020833333333333 0.00146484375
2 0.931640625 0.281005859375 0.0013020833333333333 0.00146484375
2 0.927734375 0.28076171875 0.0013020833333333333 0.0009765625
2 0.8805338541666666 0.280517578125 0.0006510416666666666 0.00048828125
2 0.9361979166666666 0.281005859375 0.0026041666666666665 0.00244140625
2 0.9752604166666666 0.280029296875 0.0013020833333333333 0.00146484375
2 0.9482421875 0.27978515625 0.001953125 0.0009765625
2 0.8984375 0.27978515625 0.0013020833333333333 0.0009765625
2 0.9710286458333334 0.279052734375 0.0006510416666666666 0.00048828125
2 0.8597005208333334 0.28125 0.0032552083333333335 0.0048828125
2 0.8564453125 0.279052734375 0.0006510416666666666 0.00048828125
2 0.9267578125 0.27880859375 0.001953125 0.0009765625
2 0.9140625 0.279052734375 0.0013020833333333333 0.00146484375
2 0.8720703125 0.279541015625 0.001953125 0.00244140625
2 0.96484375 0.279052734375 0.0026041666666666665 0.00244140625
2 0.8326822916666666 0.280029296875 0.005208333333333333 0.00439453125
2 0.9684244791666666 0.27783203125 0.001953125 0.0009765625
2 0.9368489583333334 0.27783203125 0.0013020833333333333 0.0009765625
2 0.9215494791666666 0.2783203125 0.0006510416666666666 0.001953125
2 0.8772786458333334 0.27783203125 0.0006510416666666666 0.0009765625
2 0.90625 0.277587890625 0.0013020833333333333 0.00146484375
2 0.90234375 0.27880859375 0.00390625 0.00390625
2 0.8942057291666666 0.278564453125 0.0032552083333333335 0.00341796875
2 0.8883463541666666 0.27734375 0.0006510416666666666 0.0009765625
2 0.853515625 0.27734375 0.0013020833333333333 0.0009765625
2 0.9541015625 0.277099609375 0.0006510416666666666 0.00146484375
2 0.9427083333333334 0.27685546875 0.0013020833333333333 0.0009765625
2 0.8701171875 0.27734375 0.001953125 0.001953125
2 0.8671875 0.277099609375 0.0013020833333333333 0.00146484375
2 0.8850911458333334 0.278076171875 0.001953125 0.00439453125
2 0.9501953125 0.2783203125 0.0032552083333333335 0.005859375
2 0.892578125 0.276611328125 0.0026041666666666665 0.00244140625
2 0.8505859375 0.2763671875 0.001953125 0.001953125
2 0.9977213541666666 0.278564453125 0.004557291666666667 0.00732421875
2 0.9329427083333334 0.276123046875 0.0013020833333333333 0.00244140625
2 0.9020182291666666 0.275634765625 0.0006510416666666666 0.00146484375
2 0.8987630208333334 0.275390625 0.0006510416666666666 0.0009765625
2 0.9775390625 0.276611328125 0.004557291666666667 0.00439453125
2 0.9996744791666666 0.274169921875 0.0006510416666666666 0.00048828125
2 0.970703125 0.275390625 0.00390625 0.0029296875
2 0.9664713541666666 0.275390625 0.0032552083333333335 0.0029296875
2 0.8896484375 0.274658203125 0.0006510416666666666 0.00146484375
2 0.8662109375 0.27490234375 0.001953125 0.001953125
2 0.86328125 0.2783203125 0.005208333333333333 0.0087890625
2 0.849609375 0.2744140625 0.0013020833333333333 0.0009765625
2 0.8427734375 0.278564453125 0.009765625 0.00927734375
2 0.9749348958333334 0.273681640625 0.0006510416666666666 0.00048828125
2 0.9319661458333334 0.273681640625 0.0006510416666666666 0.00048828125
2 0.9055989583333334 0.27392578125 0.0013020833333333333 0.0009765625
2 0.9723307291666666 0.273193359375 0.0006510416666666666 0.00048828125
2 0.9586588541666666 0.273681640625 0.001953125 0.00146484375
2 0.9124348958333334 0.2734375 0.001953125 0.0009765625
2 0.8935546875 0.273681640625 0.001953125 0.00146484375
2 0.8675130208333334 0.273193359375 0.0006510416666666666 0.00048828125
2 0.8587239583333334 0.27587890625 0.00390625 0.005859375
2 0.9684244791666666 0.27294921875 0.0006510416666666666 0.0009765625
2 0.9469401041666666 0.2734375 0.001953125 0.001953125
2 0.9440104166666666 0.273193359375 0.0026041666666666665 0.00244140625
2 0.9306640625 0.272216796875 0.0006510416666666666 0.00048828125
2 0.896484375 0.27294921875 0.0013020833333333333 0.001953125
2 0.8798828125 0.2734375 0.001953125 0.0029296875
2 0.9658203125 0.271728515625 0.0006510416666666666 0.00048828125
2 0.873046875 0.27734375 0.009114583333333334 0.01171875
2 0.8483072916666666 0.27197265625 0.0013020833333333333 0.0009765625
2 0.8356119791666666 0.27392578125 0.0032552083333333335 0.005859375
2 0.9462890625 0.270751953125 0.0006510416666666666 0.00048828125
2 0.9384765625 0.27099609375 0.0006510416666666666 0.0009765625
2 0.9150390625 0.27197265625 0.004557291666666667 0.0029296875
2 0.9000651041666666 0.27197265625 0.0032552083333333335 0.0029296875
2 0.8779296875 0.271240234375 0.0006510416666666666 0.00146484375
2 0.8746744791666666 0.270751953125 0.0006510416666666666 0.00048828125
2 0.8538411458333334 0.271728515625 0.001953125 0.00244140625
2 0.8388671875 0.27099609375 0.001953125 0.0009765625
2 0.83203125 0.271728515625 0.0026041666666666665 0.00244140625
2 0.9807942708333334 0.27294921875 0.0032552083333333335 0.005859375
2 0.9768880208333334 0.2705078125 0.0006510416666666666 0.0009765625
2 0.9573567708333334 0.27490234375 0.013671875 0.009765625
2 0.888671875 0.2705078125 0.0013020833333333333 0.0009765625
2 0.9729817708333334 0.269775390625 0.0006510416666666666 0.00048828125
2 0.9694010416666666 0.270263671875 0.0013020833333333333 0.00146484375
2 0.9326171875 0.271484375 0.0032552083333333335 0.00390625
2 0.9088541666666666 0.27001953125 0.0013020833333333333 0.0009765625
2 0.8629557291666666 0.27099609375 0.0032552083333333335 0.0029296875
2 0.9850260416666666 0.270751953125 0.0026041666666666665 0.00341796875
2 0.9599609375 0.270751953125 0.0032552083333333335 0.00341796875
2 0.9443359375 0.26953125 0.001953125 0.0009765625
2 0.9127604166666666 0.26953125 0.0013020833333333333 0.0009765625
2 0.9638671875 0.26904296875 0.0006510416666666666 0.0009765625
2 0.955078125 0.269287109375 0.0013020833333333333 0.00146484375
2 0.8694661458333334 0.26904296875 0.0006510416666666666 0.0009765625
2 0.9837239583333334 0.268798828125 0.0013020833333333333 0.00146484375
2 0.9287109375 0.2685546875 0.0006510416666666666 0.0009765625
2 0.9248046875 0.268310546875 0.0006510416666666666 0.00048828125
2 0.8538411458333334 0.26806640625 0.0006510416666666666 0.0009765625
2 0.8831380208333334 0.26806640625 0.001953125 0.001953125
2 0.8743489583333334 0.267578125 0.0013020833333333333 0.0009765625
2 0.9811197916666666 0.267333984375 0.0013020833333333333 0.00146484375
2 0.94921875 0.26806640625 0.00390625 0.0029296875
2 0.9397786458333334 0.266845703125 0.0006510416666666666 0.00048828125
2 0.8792317708333334 0.2685546875 0.0032552083333333335 0.00390625
2 0.8323567708333334 0.26806640625 0.001953125 0.0029296875
2 0.9453125 0.266357421875 0.0013020833333333333 0.00146484375
2 0.9378255208333334 0.26611328125 0.0006510416666666666 0.0009765625
2 0.93359375 0.26611328125 0.0013020833333333333 0.0009765625
2 0.8899739583333334 0.2685546875 0.009114583333333334 0.005859375
2 0.8844401041666666 0.265869140625 0.0006510416666666666 0.00048828125
2 0.859375 0.27099609375 0.010416666666666666 0.0107421875
2 0.9091796875 0.265625 0.0006510416666666666 0.0009765625
2 0.8408203125 0.269287109375 0.011067708333333334 0.00830078125
2 0.9573567708333334 0.26513671875 0.0006510416666666666 0.0009765625
2 0.9166666666666666 0.265625 0.0013020833333333333 0.001953125
2 0.9029947916666666 0.266357421875 0.0026041666666666665 0.00341796875
2 0.8610026041666666 0.26513671875 0.0006510416666666666 0.0009765625
2 0.8587239583333334 0.26513671875 0.0013020833333333333 0.0009765625
2 0.8466796875 0.265625 0.001953125 0.001953125
2 0.9772135416666666 0.266845703125 0.00390625 0.00537109375
2 0.958984375 0.266357421875 0.00390625 0.00439453125
2 0.8388671875 0.2646484375 0.0006510416666666666 0.0009765625
2 0.8317057291666666 0.26513671875 0.0006510416666666666 0.001953125
2 0.9420572916666666 0.263916015625 0.0013020833333333333 0.00048828125
2 0.8883463541666666 0.264404296875 0.001953125 0.00146484375
2 0.8723958333333334 0.264892578125 0.00390625 0.00244140625
2 0.8662109375 0.263916015625 0.0006510416666666666 0.00048828125
2 0.9580078125 0.263671875 0.0006510416666666666 0.0009765625
2 0.9300130208333334 0.26416015625 0.001953125 0.001953125
2 0.9192708333333334 0.263916015625 0.0013020833333333333 0.00146484375
2 0.8756510416666666 0.263671875 0.0013020833333333333 0.0009765625
2 0.845703125 0.263671875 0.0013020833333333333 0.0009765625
2 0.9537760416666666 0.26318359375 0.0013020833333333333 0.0009765625
2 0.9501953125 0.263671875 0.001953125 0.001953125
2 0.9352213541666666 0.263671875 0.0006510416666666666 0.001953125
2 0.8984375 0.263427734375 0.0013020833333333333 0.00146484375
2 0.8421223958333334 0.263427734375 0.0032552083333333335 0.00146484375
2 0.8876953125 0.262451171875 0.0006510416666666666 0.00048828125
2 0.8834635416666666 0.2626953125 0.0013020833333333333 0.0009765625
2 0.8665364583333334 0.262451171875 0.0013020833333333333 0.00048828125
2 0.9664713541666666 0.263916015625 0.005859375 0.00537109375
2 0.900390625 0.261474609375 0.0013020833333333333 0.00048828125
2 0.8434244791666666 0.26171875 0.0006510416666666666 0.0009765625
2 0.9153645833333334 0.26025390625 0.0013020833333333333 0.0009765625
2 0.9091796875 0.26025390625 0.0006510416666666666 0.0009765625
2 0.8701171875 0.263916015625 0.008463541666666666 0.00830078125
2 0.984375 0.259765625 0.0013020833333333333 0.0009765625
2 0.9811197916666666 0.260009765625 0.0013020833333333333 0.00146484375
2 0.8994140625 0.259765625 0.0006510416666666666 0.0009765625
2 0.8958333333333334 0.26416015625 0.005208333333333333 0.009765625
2 0.9479166666666666 0.260009765625 0.0026041666666666665 0.00244140625
2 0.9384765625 0.25927734375 0.0006510416666666666 0.0009765625
2 0.8834635416666666 0.259765625 0.0026041666666666665 0.001953125
2 0.9348958333333334 0.26025390625 0.00390625 0.00390625
2 0.9729817708333334 0.262451171875 0.007161458333333333 0.00927734375
2 0.9423828125 0.260009765625 0.0032552083333333335 0.00439453125
2 0.8798828125 0.260009765625 0.0032552083333333335 0.00439453125
2 0.9069010416666666 0.26025390625 0.0078125 0.005859375
2 0.9651692708333334 0.25830078125 0.005859375 0.0029296875
2 0.9537760416666666 0.25732421875 0.0013020833333333333 0.0009765625
2 0.951171875 0.25732421875 0.0013020833333333333 0.0009765625
2 0.8694661458333334 0.257080078125 0.0006510416666666666 0.00048828125
2 0.8570963541666666 0.2578125 0.001953125 0.001953125
2 0.9742838541666666 0.257080078125 0.001953125 0.00146484375
2 0.9459635416666666 0.25732421875 0.0026041666666666665 0.001953125
2 0.8968098958333334 0.2578125 0.0032552083333333335 0.0029296875
2 0.8935546875 0.256591796875 0.0006510416666666666 0.00048828125
2 0.8779296875 0.2568359375 0.0006510416666666666 0.0009765625
2 0.8756510416666666 0.257080078125 0.0013020833333333333 0.00146484375
2 0.9140625 0.256591796875 0.0013020833333333333 0.00146484375
2 0.9619140625 0.255615234375 0.0006510416666666666 0.00048828125
2 0.9254557291666666 0.25634765625 0.001953125 0.001953125
2 0.9205729166666666 0.2587890625 0.006510416666666667 0.0068359375
2 0.9166666666666666 0.256591796875 0.0026041666666666665 0.00341796875
2 0.8844401041666666 0.255126953125 0.0006510416666666666 0.00048828125
2 0.8512369791666666 0.26171875 0.007161458333333333 0.013671875
2 0.9501953125 0.255126953125 0.001953125 0.00146484375
2 0.9697265625 0.25537109375 0.0032552083333333335 0.0029296875
2 0.8935546875 0.254150390625 0.0006510416666666666 0.00048828125
2 0.9983723958333334 0.254638671875 0.0032552083333333335 0.00244140625
2 0.9593098958333334 0.253662109375 0.0006510416666666666 0.00048828125
2 0.9309895833333334 0.25732421875 0.006510416666666667 0.0078125
2 0.9069010416666666 0.25537109375 0.005208333333333333 0.00390625
2 0.88671875 0.25390625 0.0013020833333333333 0.0009765625
2 0.8798828125 0.255126953125 0.004557291666666667 0.00341796875
2 0.8665364583333334 0.256103515625 0.005208333333333333 0.00537109375
2 0.9563802083333334 0.253662109375 0.0013020833333333333 0.00146484375
2 0.9147135416666666 0.253173828125 0.0013020833333333333 0.00048828125
2 0.8727213541666666 0.25341796875 0.0006510416666666666 0.0009765625
2 0.8636067708333334 0.25341796875 0.0006510416666666666 0.0009765625
2 0.9768880208333334 0.253662109375 0.001953125 0.00244140625
2 0.9348958333333334 0.25341796875 0.0013020833333333333 0.001953125
2 0.9182942708333334 0.253173828125 0.001953125 0.00146484375
2 0.9036458333333334 0.252685546875 0.0013020833333333333 0.00048828125
2 0.9996744791666666 0.252197265625 0.0006510416666666666 0.00048828125
2 0.982421875 0.253662109375 0.0026041666666666665 0.00341796875
2 0.9632161458333334 0.25244140625 0.0006510416666666666 0.0009765625
2 0.9248046875 0.25244140625 0.0006510416666666666 0.0009765625
2 0.8850911458333334 0.25244140625 0.0006510416666666666 0.0009765625
2 0.8818359375 0.2529296875 0.001953125 0.001953125
2 0.9742838541666666 0.252197265625 0.0006510416666666666 0.00146484375
2 0.9664713541666666 0.252685546875 0.001953125 0.00244140625
2 0.9518229166666666 0.25244140625 0.0013020833333333333 0.001953125
2 0.9319661458333334 0.252685546875 0.001953125 0.00244140625
2 0.8902994791666666 0.251953125 0.0006510416666666666 0.0009765625
2 0.8404947916666666 0.2529296875 0.0026041666666666665 0.0029296875
2 0.9713541666666666 0.252685546875 0.00390625 0.00341796875
2 0.869140625 0.251953125 0.0026041666666666665 0.001953125
2 0.9869791666666666 0.254638671875 0.005208333333333333 0.00830078125
2 0.958984375 0.251220703125 0.0013020833333333333 0.00146484375
2 0.8990885416666666 0.253662109375 0.006510416666666667 0.00634765625
2 0.9547526041666666 0.25048828125 0.0006510416666666666 0.0009765625
2 0.8733723958333334 0.250732421875 0.0006510416666666666 0.00146484375
2 0.8626302083333334 0.251220703125 0.00390625 0.00244140625
2 0.9534505208333334 0.2490234375 0.0006510416666666666 0.0009765625
2 0.8466796875 0.25341796875 0.008463541666666666 0.009765625
2 0.9794921875 0.25 0.0032552083333333335 0.00390625
2 0.966796875 0.249267578125 0.0013020833333333333 0.00244140625
2 0.8955078125 0.24951171875 0.0032552083333333335 0.0029296875
2 0.9990234375 0.2490234375 0.001953125 0.0029296875
2 0.99609375 0.248046875 0.0013020833333333333 0.0009765625
2 0.9742838541666666 0.248291015625 0.0032552083333333335 0.00146484375
2 0.9563802083333334 0.24853515625 0.0013020833333333333 0.001953125
2 0.9498697916666666 0.249267578125 0.005208333333333333 0.00341796875
2 0.8889973958333334 0.248779296875 0.0032552083333333335 0.00439453125
2 0.8492838541666666 0.247314453125 0.0006510416666666666 0.00146484375
2 0.9850260416666666 0.247802734375 0.00390625 0.00341796875
2 0.9661458333333334 0.24609375 0.0013020833333333333 0.0009765625
2 0.9488932291666666 0.24658203125 0.001953125 0.001953125
2 0.8916015625 0.246337890625 0.001953125 0.00146484375
2 0.8818359375 0.248046875 0.011067708333333334 0.0048828125
2 0.9632161458333334 0.245361328125 0.0006510416666666666 0.00048828125
2 0.9352213541666666 0.24560546875 0.001953125 0.0009765625
2 0.884765625 0.24560546875 0.0013020833333333333 0.0009765625
2 0.9957682291666666 0.2451171875 0.0006510416666666666 0.0009765625
2 0.97265625 0.246337890625 0.006510416666666667 0.00341796875
2 0.9108072916666666 0.247802734375 0.009114583333333334 0.00634765625
2 0.8876953125 0.244873046875 0.0006510416666666666 0.00048828125
2 0.853515625 0.249755859375 0.005208333333333333 0.01025390625
2 0.9866536458333334 0.24609375 0.0032552083333333335 0.00390625
2 0.9036458333333334 0.248291015625 0.010416666666666666 0.00830078125
2 0.8743489583333334 0.246337890625 0.006510416666666667 0.00537109375
2 0.84375 0.2470703125 0.006510416666666667 0.0068359375
2 0.9990234375 0.244873046875 0.001953125 0.00341796875
2 0.9010416666666666 0.24365234375 0.0013020833333333333 0.0009765625
2 0.8929036458333334 0.243408203125 0.0006510416666666666 0.00048828125
2 0.8470052083333334 0.243896484375 0.0013020833333333333 0.00146484375
2 0.8772786458333334 0.2431640625 0.001953125 0.0009765625
2 0.8623046875 0.255126953125 0.016276041666666668 0.02490234375
2 0.8818359375 0.243408203125 0.001953125 0.00244140625
2 0.849609375 0.2431640625 0.0013020833333333333 0.001953125
2 0.9921875 0.2421875 0.0013020833333333333 0.0009765625
2 0.9856770833333334 0.24267578125 0.0026041666666666665 0.001953125
2 0.9710286458333334 0.242919921875 0.0032552083333333335 0.00341796875
2 0.908203125 0.242431640625 0.0013020833333333333 0.00244140625
2 0.861328125 0.24365234375 0.0078125 0.0048828125
2 0.8564453125 0.242431640625 0.001953125 0.00244140625
2 0.8470052083333334 0.241943359375 0.0013020833333333333 0.00146484375
2 0.9254557291666666 0.24609375 0.017578125 0.01171875
2 0.9010416666666666 0.2412109375 0.0026041666666666665 0.0029296875
2 0.8720703125 0.240966796875 0.0006510416666666666 0.00244140625
2 0.8525390625 0.24072265625 0.001953125 0.001953125
2 0.9361979166666666 0.240478515625 0.00390625 0.00244140625
2 0.9055989583333334 0.241455078125 0.00390625 0.00439453125
2 0.8681640625 0.23974609375 0.0006510416666666666 0.0009765625
2 0.9645182291666666 0.24072265625 0.007161458333333333 0.00390625
2 0.8929036458333334 0.240234375 0.004557291666666667 0.0048828125
2 0.8557942708333334 0.238525390625 0.0006510416666666666 0.00146484375
2 0.9368489583333334 0.237060546875 0.0013020833333333333 0.00146484375
2 0.8971354166666666 0.240234375 0.005208333333333333 0.0078125
2 0.8824869791666666 0.236572265625 0.0006510416666666666 0.00048828125
2 0.859375 0.23681640625 0.0013020833333333333 0.0009765625
2 0.9651692708333334 0.236572265625 0.001953125 0.00146484375
2 0.88671875 0.23828125 0.006510416666666667 0.0048828125
2 0.9501953125 0.24560546875 0.027994791666666668 0.0205078125
2 0.8736979166666666 0.237060546875 0.00390625 0.00439453125
2 0.96484375 0.2333984375 0.0013020833333333333 0.0009765625
2 0.9615885416666666 0.2333984375 0.0013020833333333333 0.0009765625
2 0.9010416666666666 0.2333984375 0.0013020833333333333 0.0009765625
2 0.9661458333333334 0.231201171875 0.0026041666666666665 0.00244140625
2 0.916015625 0.230712890625 0.0026041666666666665 0.00146484375
2 0.9274088541666666 0.228271484375 0.0006510416666666666 0.00048828125
2 0.9153645833333334 0.228515625 0.0013020833333333333 0.0009765625
2 0.98828125 0.2294921875 0.006510416666666667 0.00390625
2 0.873046875 0.22802734375 0.0013020833333333333 0.0009765625
2 0.9983723958333334 0.229736328125 0.0032552083333333335 0.00537109375
2 0.9928385416666666 0.228759765625 0.0026041666666666665 0.00341796875
2 0.96484375 0.228271484375 0.0026041666666666665 0.00341796875
2 0.9996744791666666 0.2265625 0.0006510416666666666 0.0009765625
2 0.8837890625 0.22802734375 0.005859375 0.00390625
2 0.9892578125 0.2255859375 0.004557291666666667 0.001953125
2 0.9847005208333334 0.224609375 0.0006510416666666666 0.0009765625
2 0.9501953125 0.2255859375 0.0032552083333333335 0.0029296875
2 0.9954427083333334 0.224853515625 0.0026041666666666665 0.00244140625
2 0.9541015625 0.224853515625 0.001953125 0.00244140625
2 0.8984375 0.22265625 0.005208333333333333 0.001953125
2 0.9967447916666666 0.221923828125 0.0013020833333333333 0.00146484375
2 0.9853515625 0.22216796875 0.001953125 0.001953125
2 0.93359375 0.23046875 0.01171875 0.01953125
2 0.9996744791666666 0.220947265625 0.0006510416666666666 0.00146484375
2 0.9039713541666666 0.232177734375 0.027994791666666668 0.02392578125
2 0.8994140625 0.220703125 0.0006510416666666666 0.0009765625
2 0.9365234375 0.21875 0.0006510416666666666 0.0009765625
2 0.9085286458333334 0.2197265625 0.001953125 0.0029296875
2 0.9052734375 0.22021484375 0.005859375 0.0068359375
2 0.998046875 0.21728515625 0.0013020833333333333 0.001953125
2 0.9134114583333334 0.216796875 0.0013020833333333333 0.0009765625
2 0.9951171875 0.21630859375 0.0006510416666666666 0.0009765625
2 0.9192708333333334 0.216552734375 0.0013020833333333333 0.00146484375
2 0.9010416666666666 0.217529296875 0.0026041666666666665 0.00439453125
2 0.9212239583333334 0.215087890625 0.0013020833333333333 0.00048828125
2 0.9091796875 0.21533203125 0.0006510416666666666 0.0009765625
2 0.9039713541666666 0.215087890625 0.0006510416666666666 0.00048828125
2 0.9384765625 0.21484375 0.0006510416666666666 0.0009765625
2 0.9329427083333334 0.214599609375 0.0013020833333333333 0.00048828125
2 0.923828125 0.22705078125 0.014322916666666666 0.025390625
2 0.98828125 0.214111328125 0.0026041666666666665 0.00146484375
2 0.970703125 0.2138671875 0.0013020833333333333 0.0009765625
2 0.9104817708333334 0.2138671875 0.0006510416666666666 0.0009765625
2 0.9957682291666666 0.214111328125 0.001953125 0.00244140625
2 0.9830729166666666 0.2451171875 0.033854166666666664 0.064453125
2 0.9518229166666666 0.21337890625 0.0013020833333333333 0.0009765625
2 0.90625 0.213623046875 0.0013020833333333333 0.00146484375
2 0.9918619791666666 0.2177734375 0.005859375 0.0107421875
2 0.9482421875 0.22509765625 0.022786458333333332 0.0263671875
2 0.923828125 0.212890625 0.0026041666666666665 0.001953125
2 0.9684244791666666 0.212158203125 0.0006510416666666666 0.00146484375
2 0.9348958333333334 0.212646484375 0.0026041666666666665 0.00244140625
2 0.9319661458333334 0.2119140625 0.0006510416666666666 0.0009765625
2 0.9765625 0.21142578125 0.0026041666666666665 0.001953125
2 0.9453125 0.2109375 0.0013020833333333333 0.0009765625
2 0.9436848958333334 0.210693359375 0.0006510416666666666 0.00048828125
2 0.9407552083333334 0.21142578125 0.0013020833333333333 0.001953125
2 0.9329427083333334 0.210693359375 0.0013020833333333333 0.00048828125
2 0.9039713541666666 0.2109375 0.0006510416666666666 0.0009765625
2 0.9573567708333334 0.210205078125 0.0006510416666666666 0.00048828125
2 0.9534505208333334 0.21044921875 0.0006510416666666666 0.0009765625
2 0.9088541666666666 0.210693359375 0.0013020833333333333 0.00146484375
2 0.9993489583333334 0.2099609375 0.0013020833333333333 0.0009765625
2 0.958984375 0.2099609375 0.0013020833333333333 0.0009765625
2 0.9423828125 0.209228515625 0.0006510416666666666 0.00048828125
2 0.9306640625 0.208740234375 0.0006510416666666666 0.00048828125
2 0.923828125 0.209228515625 0.0013020833333333333 0.00146484375
2 0.9580078125 0.208251953125 0.0006510416666666666 0.00048828125
2 0.9977213541666666 0.208251953125 0.001953125 0.00146484375
2 0.9606119791666666 0.20751953125 0.0006510416666666666 0.0009765625
2 0.9889322916666666 0.207275390625 0.0013020833333333333 0.00244140625
2 0.95703125 0.20654296875 0.0013020833333333333 0.0009765625
2 0.9938151041666666 0.206787109375 0.005859375 0.00244140625
2 0.8740234375 0.205810546875 0.004557291666666667 0.00439453125
2 0.9918619791666666 0.2041015625 0.004557291666666667 0.0029296875
2 0.8707682291666666 0.203125 0.0032552083333333335 0.0009765625
2 0.9977213541666666 0.203857421875 0.004557291666666667 0.00439453125
2 0.9899088541666666 0.201904296875 0.0006510416666666666 0.00048828125
2 0.9085286458333334 0.20458984375 0.005859375 0.005859375
2 0.9993489583333334 0.20068359375 0.0013020833333333333 0.0009765625
2 0.8837890625 0.200439453125 0.0006510416666666666 0.00048828125
2 0.9938151041666666 0.200927734375 0.0032552083333333335 0.00341796875
2 0.9876302083333334 0.199951171875 0.0013020833333333333 0.00244140625
2 0.8684895833333334 0.200927734375 0.00390625 0.00439453125
2 0.8587239583333334 0.19921875 0.0013020833333333333 0.0009765625
2 0.8987630208333334 0.200439453125 0.0032552083333333335 0.00439453125
2 0.9944661458333334 0.197998046875 0.0006510416666666666 0.00048828125
2 0.9430338541666666 0.197998046875 0.0006510416666666666 0.00048828125
2 0.9108072916666666 0.198486328125 0.0013020833333333333 0.00146484375
2 0.9016927083333334 0.1982421875 0.0013020833333333333 0.0009765625
2 0.8785807291666666 0.201904296875 0.005859375 0.00830078125
2 0.8564453125 0.197509765625 0.0006510416666666666 0.00048828125
2 0.8961588541666666 0.1982421875 0.0032552083333333335 0.0029296875
2 0.9365234375 0.196533203125 0.0006510416666666666 0.00048828125
2 0.892578125 0.197509765625 0.0026041666666666665 0.00244140625
2 0.9163411458333334 0.199951171875 0.012369791666666666 0.00830078125
2 0.9117838541666666 0.1962890625 0.004557291666666667 0.001953125
2 0.875 0.195556640625 0.0013020833333333333 0.00146484375
2 0.8912760416666666 0.19482421875 0.0013020833333333333 0.0009765625
2 0.9283854166666666 0.19580078125 0.0026041666666666665 0.00390625
2 0.9072265625 0.195068359375 0.0032552083333333335 0.00244140625
2 0.8772786458333334 0.193603515625 0.0006510416666666666 0.00048828125
2 0.8876953125 0.193359375 0.001953125 0.001953125
2 0.9267578125 0.192626953125 0.001953125 0.00146484375
2 0.9013671875 0.191162109375 0.0006510416666666666 0.00048828125
2 0.8727213541666666 0.193359375 0.0032552083333333335 0.0048828125
2 0.8948567708333334 0.193359375 0.005859375 0.005859375
2 0.9052734375 0.19384765625 0.007161458333333333 0.009765625
2 0.8968098958333334 0.189697265625 0.001953125 0.00146484375
2 0.9013671875 0.18896484375 0.0006510416666666666 0.0009765625
2 0.8987630208333334 0.188232421875 0.0006510416666666666 0.00048828125
2 0.9990234375 0.1884765625 0.001953125 0.001953125
2 0.9072265625 0.186279296875 0.0006510416666666666 0.00048828125
2 0.8772786458333334 0.186767578125 0.001953125 0.00244140625
2 0.9912109375 0.184814453125 0.0006510416666666666 0.00048828125
2 0.8720703125 0.18505859375 0.001953125 0.0009765625
2 0.9886067708333334 0.184326171875 0.0006510416666666666 0.00048828125
2 0.9078776041666666 0.183837890625 0.001953125 0.00146484375
2 0.9013671875 0.183837890625 0.001953125 0.00146484375
2 0.998046875 0.184326171875 0.00390625 0.00439453125
2 0.9117838541666666 0.183837890625 0.001953125 0.00341796875
2 0.9033203125 0.181396484375 0.0032552083333333335 0.00244140625
2 0.9928385416666666 0.17919921875 0.0013020833333333333 0.0009765625
2 0.9983723958333334 0.179931640625 0.0032552083333333335 0.00341796875
2 0.9778645833333334 0.177001953125 0.0013020833333333333 0.00146484375
2 0.9755859375 0.175048828125 0.0006510416666666666 0.00048828125
2 0.9928385416666666 0.1748046875 0.006510416666666667 0.005859375
2 0.9892578125 0.171630859375 0.0006510416666666666 0.00048828125
2 0.9833984375 0.166748046875 0.0006510416666666666 0.00048828125
2 0.9970703125 0.15966796875 0.0006510416666666666 0.0009765625
2 0.9947916666666666 0.155517578125 0.0013020833333333333 0.00048828125
2 0.9986979166666666 0.128662109375 0.0026041666666666665 0.00341796875
2 0.5 0.5 1.0 1.0