2 0.74 0.988 0.002 0.002
2 0.7125 0.9885 0.017 0.009
2 0.729 0.9835 0.004 0.005
2 0.7615 0.9785 0.003 0.003
2 0.7175 0.978 0.015 0.01
2 0.679 0.974 0.004 0.004
2 0.6905 0.976 0.019 0.012
2 0.6215 0.966 0.001 0.002
2 0.311 0.772 0.002 0.002
2 0.606 0.635 0.002 0.002
2 0.6635 0.619 0.009 0.004
2 0.207 0.5705 0.076 0.035
2 0.213 0.527 0.088 0.04
2 0.7315 0.4755 0.001 0.001
2 0.794 0.463 0.072 0.022
2 0.823 0.453 0.012 0.006
2 0.8285 0.204 0.001 0.008
2 0.7285 0.1745 0.003 0.003
2 0.725 0.0765 0.008 0.009
2 0.5665 0.0225 0.001 0.003
2 0.658 0.016 0.014 0.022
2 0.683 0.001 0.004 0.002
2 0.536 0.0035 0.002 0.007
2 0.5 0.5 0.662 1.0