2 0.4332210998877666 0.94091796875 0.004489337822671156 0.0009765625
2 0.5347923681257014 0.9423828125 0.005611672278338945 0.005859375
2 0.7182940516273849 0.9423828125 0.008978675645342313 0.0078125
2 0.7059483726150393 0.94091796875 0.006734006734006734 0.0048828125
2 0.6054994388327721 0.9453125 0.12906846240179573 0.013671875
2 0.7457912457912458 0.9404296875 0.003367003367003367 0.005859375
2 0.3052749719416386 0.93896484375 0.006734006734006734 0.0029296875
2 0.5185185185185185 0.93798828125 0.002244668911335578 0.0029296875
2 0.3159371492704826 0.93798828125 0.007856341189674524 0.0048828125
2 0.7609427609427609 0.93798828125 0.015712682379349047 0.0087890625
2 0.3866442199775533 0.93603515625 0.010101010101010102 0.0068359375
2 0.6318742985409652 0.9326171875 0.08978675645342311 0.00390625
2 0.3984287317620651 0.9345703125 0.01122334455667789 0.0078125
2 0.28058361391694725 0.92919921875 0.008978675645342313 0.0029296875
2 0.3221099887766554 0.92724609375 0.05387205387205387 0.0048828125
2 0.67003367003367 0.92578125 0.004489337822671156 0.00390625
2 0.468013468013468 0.9306640625 0.02244668911335578 0.013671875
2 0.7721661054994389 0.92333984375 0.004489337822671156 0.0029296875
2 0.5061728395061729 0.93310546875 0.020202020202020204 0.0244140625
2 0.4764309764309764 0.919921875 0.003367003367003367 0.001953125
2 0.36980920314253646 0.92041015625 0.014590347923681257 0.0029296875
2 0.6285072951739619 0.92333984375 0.058361391694725026 0.0107421875
2 0.5740740740740741 0.32763671875 0.001122334455667789 0.0009765625
2 0.6077441077441077 0.33740234375 0.22334455667789002 0.0654296875
2 0.25757575757575757 0.3056640625 0.02132435465768799 0.01171875
2 0.3058361391694725 0.2998046875 0.007856341189674524 0.001953125
2 0.2856341189674523 0.2998046875 0.02356902356902357 0.001953125
2 0.3956228956228956 0.328125 0.16722783389450055 0.060546875
2 0.6358024691358025 0.201171875 0.02356902356902357 0.017578125
2 0.345679012345679 0.1083984375 0.008978675645342313 0.0078125
2 0.3462401795735129 0.140625 0.13804713804713806 0.125
2 0.3484848484848485 0.0673828125 0.03254769921436588 0.01171875