2 0.8 0.8022222222222222 0.02666666666666667 0.03111111111111111
2 0.7644444444444445 0.78 0.017777777777777778 0.013333333333333334
2 0.4888888888888889 0.7244444444444444 0.5066666666666667 0.20444444444444446
2 0.13111111111111112 0.7355555555555555 0.21777777777777776 0.25333333333333335
2 0.8422222222222222 0.7133333333333334 0.22666666666666666 0.23555555555555555
2 0.1111111111111111 0.4888888888888889 0.18666666666666668 0.17777777777777778
2 0.88 0.48444444444444446 0.18666666666666668 0.20444444444444446
2 0.6222222222222222 0.47333333333333333 0.2577777777777778 0.21777777777777776
2 0.34444444444444444 0.47555555555555556 0.21777777777777776 0.2311111111111111
2 0.3711111111111111 0.25333333333333335 0.21777777777777776 0.19555555555555557
2 0.7577777777777778 0.25555555555555554 0.48444444444444446 0.22666666666666666
2 0.11777777777777777 0.25333333333333335 0.23555555555555555 0.2222222222222222