2 0.15138888888888888 0.1673611111111111 0.022222222222222223 0.006944444444444444
2 0.12916666666666668 0.16805555555555557 0.013888888888888888 0.008333333333333333
2 0.10833333333333334 0.16597222222222222 0.005555555555555556 0.004166666666666667
2 0.09791666666666667 0.16597222222222222 0.004166666666666667 0.004166666666666667
2 0.07361111111111111 0.16666666666666666 0.016666666666666666 0.005555555555555556
2 0.20208333333333334 0.16527777777777777 0.009722222222222222 0.005555555555555556
2 0.18194444444444444 0.16666666666666666 0.025 0.008333333333333333
2 0.11458333333333333 0.16527777777777777 0.004166666666666667 0.005555555555555556
2 0.09097222222222222 0.16458333333333333 0.006944444444444444 0.006944444444444444
2 0.044444444444444446 0.16666666666666666 0.03611111111111111 0.011111111111111112
2 0.1951388888888889 0.14166666666666666 0.029166666666666667 0.027777777777777776
2 0.16458333333333333 0.14166666666666666 0.029166666666666667 0.027777777777777776
2 0.11805555555555555 0.14166666666666666 0.06111111111111111 0.027777777777777776
2 0.07222222222222222 0.14166666666666666 0.027777777777777776 0.027777777777777776
2 0.04097222222222222 0.14097222222222222 0.029166666666666667 0.029166666666666667
2 0.5020833333333333 0.4979166666666667 0.8986111111111111 0.7513888888888889
2 0.06736111111111111 0.09513888888888888 0.0763888888888889 0.05416666666666667
2 0.10138888888888889 0.06111111111111111 0.022222222222222223 0.027777777777777776
2 0.14930555555555555 0.08333333333333333 0.11805555555555555 0.07777777777777778