3 0.7916666666666666 0.845 0.011904761904761904 0.01
3 0.7738095238095238 0.8275 0.007936507936507936 0.005
3 0.8849206349206349 0.8125 0.015873015873015872 0.015
3 0.7896825396825397 0.81 0.007936507936507936 0.01
3 0.6904761904761905 0.8075 0.007936507936507936 0.005
3 0.7261904761904762 0.805 0.007936507936507936 0.01
3 0.8392857142857143 0.815 0.07539682539682539 0.07
3 0.7361111111111112 0.78 0.011904761904761904 0.02
3 0.8551587301587301 0.7675 0.003968253968253968 0.005
3 0.6726190476190477 0.7775 0.01984126984126984 0.025
3 0.7103174603174603 0.7525 0.007936507936507936 0.005
3 0.873015873015873 0.75 0.007936507936507936 0.01
3 0.746031746031746 0.7525 0.015873015873015872 0.015
3 0.8452380952380952 0.7 0.007936507936507936 0.01
3 0.7599206349206349 0.685 0.011904761904761904 0.02
3 0.7896825396825397 0.68 0.023809523809523808 0.02
3 0.9226190476190477 0.6475 0.01984126984126984 0.015
3 0.6944444444444444 0.6425 0.007936507936507936 0.015
3 0.09325396825396826 0.735 0.1865079365079365 0.2
3 0.7876984126984127 0.6875 0.13095238095238096 0.135
3 0.7281746031746031 0.6075 0.003968253968253968 0.015
3 0.49206349206349204 0.605 0.047619047619047616 0.05
3 0.6924603174603174 0.5575 0.003968253968253968 0.005
3 0.6865079365079365 0.5325 0.007936507936507936 0.015
3 0.5277777777777778 0.4875 0.007936507936507936 0.025
3 0.9682539682539683 0.465 0.007936507936507936 0.01
3 0.4801587301587302 0.46 0.007936507936507936 0.01
3 0.6944444444444444 0.19 0.015873015873015872 0.02
3 0.6428571428571429 0.1375 0.007936507936507936 0.005
3 0.6726190476190477 0.1525 0.027777777777777776 0.045
3 0.6607142857142857 0.1075 0.011904761904761904 0.015
3 0.8472222222222222 0.0375 0.003968253968253968 0.005
3 0.6091269841269841 0.43 0.7658730158730159 0.86