3 0.28463855421686746 0.9703389830508474 0.0030120481927710845 0.002824858757062147
3 0.8509036144578314 0.9675141242937854 0.0030120481927710845 0.002824858757062147
3 0.4367469879518072 0.9689265536723164 0.012048192771084338 0.005649717514124294
3 0.9420180722891566 0.961864406779661 0.004518072289156626 0.00847457627118644
3 0.3079819277108434 0.96045197740113 0.0015060240963855422 0.005649717514124294
3 0.7545180722891566 0.9576271186440678 0.006024096385542169 0.005649717514124294
3 0.5632530120481928 0.963276836158192 0.006024096385542169 0.01694915254237288
3 0.276355421686747 0.961864406779661 0.010542168674698794 0.014124293785310734
3 0.29743975903614456 0.9548022598870056 0.01957831325301205 0.022598870056497175
3 0.32680722891566266 0.9336158192090396 0.006024096385542169 0.014124293785310734
3 0.6784638554216867 0.9166666666666666 0.0015060240963855422 0.002824858757062147
3 0.31400602409638556 0.9194915254237288 0.004518072289156626 0.00847457627118644
3 0.42093373493975905 0.923728813559322 0.007530120481927711 0.03954802259887006
3 0.7432228915662651 0.8997175141242938 0.004518072289156626 0.002824858757062147
3 0.3170180722891566 0.905367231638418 0.004518072289156626 0.014124293785310734
3 0.7417168674698795 0.8742937853107344 0.025602409638554216 0.00847457627118644
3 0.9337349397590361 0.8742937853107344 0.006024096385542169 0.01977401129943503
3 0.766566265060241 0.8615819209039548 0.0030120481927710845 0.005649717514124294
3 0.4254518072289157 0.8418079096045198 0.0015060240963855422 0.005649717514124294
3 0.9337349397590361 0.8389830508474576 0.006024096385542169 0.011299435028248588
3 0.75 0.8290960451977402 0.0030120481927710845 0.002824858757062147
3 0.7364457831325302 0.8305084745762712 0.006024096385542169 0.005649717514124294
3 0.31400602409638556 0.8375706214689266 0.010542168674698794 0.025423728813559324
3 0.9337349397590361 0.8248587570621468 0.0030120481927710845 0.005649717514124294
3 0.7198795180722891 0.8107344632768362 0.009036144578313253 0.005649717514124294
3 0.8087349397590361 0.7923728813559322 0.006024096385542169 0.002824858757062147
3 0.9322289156626506 0.7923728813559322 0.006024096385542169 0.00847457627118644
3 0.7439759036144579 0.786723163841808 0.012048192771084338 0.002824858757062147
3 0.4307228915662651 0.8050847457627118 0.009036144578313253 0.04519774011299435
3 0.9329819277108434 0.7584745762711864 0.007530120481927711 0.025423728813559324
3 0.43373493975903615 0.7288135593220338 0.006024096385542169 0.03389830508474576
3 0.9307228915662651 0.7203389830508474 0.009036144578313253 0.02824858757062147
3 0.9284638554216867 0.693502824858757 0.004518072289156626 0.00847457627118644
3 0.9743975903614458 0.8403954802259888 0.05120481927710843 0.3192090395480226
3 0.43373493975903615 0.6807909604519774 0.0030120481927710845 0.011299435028248588
3 0.9314759036144579 0.6779661016949152 0.004518072289156626 0.01694915254237288
3 0.4322289156626506 0.6596045197740112 0.0030120481927710845 0.00847457627118644
3 0.9299698795180723 0.6468926553672316 0.0015060240963855422 0.011299435028248588
3 0.5813253012048193 0.6228813559322034 0.0030120481927710845 0.00847457627118644
3 0.5760542168674698 0.6002824858757062 0.007530120481927711 0.014124293785310734
3 0.5632530120481928 0.596045197740113 0.0030120481927710845 0.005649717514124294
3 0.04066265060240964 0.7838983050847458 0.08132530120481928 0.4322033898305085
3 0.29518072289156627 0.5508474576271186 0.0030120481927710845 0.005649717514124294
3 0.5911144578313253 0.53954802259887 0.010542168674698794 0.005649717514124294
3 0.9164156626506024 0.536723163841808 0.0015060240963855422 0.005649717514124294
3 0.06626506024096386 0.5437853107344632 0.0030120481927710845 0.025423728813559324
3 0.06701807228915663 0.5240112994350282 0.0015060240963855422 0.002824858757062147
3 0.927710843373494 0.538135593220339 0.009036144578313253 0.05367231638418079
3 0.06852409638554217 0.4901129943502825 0.007530120481927711 0.025423728813559324
3 0.0677710843373494 0.4675141242937853 0.006024096385542169 0.00847457627118644
3 0.9307228915662651 0.4533898305084746 0.0030120481927710845 0.00847457627118644
3 0.9149096385542169 0.4745762711864407 0.0286144578313253 0.06779661016949153
3 0.7349397590361446 0.4364406779661017 0.006024096385542169 0.002824858757062147
3 0.9186746987951807 0.3686440677966102 0.009036144578313253 0.00847457627118644
3 0.5293674698795181 0.3545197740112994 0.0015060240963855422 0.00847457627118644
3 0.48042168674698793 0.3220338983050847 0.0030120481927710845 0.005649717514124294
3 0.47816265060240964 0.3064971751412429 0.0015060240963855422 0.002824858757062147
3 0.8870481927710844 0.6468926553672316 0.09036144578313253 0.7062146892655368
3 0.22213855421686746 0.2867231638418079 0.0015060240963855422 0.002824858757062147
3 0.5090361445783133 0.3093220338983051 0.05421686746987952 0.09887005649717515
3 0.8621987951807228 0.2387005649717514 0.0015060240963855422 0.002824858757062147
3 0.16566265060240964 0.614406779661017 0.19879518072289157 0.7711864406779662
3 0.5609939759036144 0.20056497175141244 0.022590361445783132 0.06779661016949153
3 0.5090361445783133 0.19915254237288135 0.030120481927710843 0.07062146892655367
3 0.8373493975903614 0.18361581920903955 0.04216867469879518 0.0847457627118644
3 0.6189759036144579 0.1440677966101695 0.0030120481927710845 0.005649717514124294
3 0.5346385542168675 0.1228813559322034 0.04216867469879518 0.06497175141242938
3 0.5466867469879518 0.5282485875706214 0.5753012048192772 0.943502824858757