3 0.27361111111111114 0.8221868365180467 0.000925925925925926 0.0010615711252653928
3 0.26666666666666666 0.809447983014862 0.011111111111111112 0.020169851380042462
3 0.35138888888888886 0.7993630573248408 0.008333333333333333 0.004246284501061571
3 0.4930555555555556 0.8073248407643312 0.03796296296296296 0.02653927813163482
3 0.36203703703703705 0.7929936305732485 0.001851851851851852 0.0021231422505307855
3 0.2569444444444444 0.7935244161358811 0.004629629629629629 0.0074309978768577496
3 0.37175925925925923 0.8450106157112527 0.1675925925925926 0.12101910828025478
3 0.4356481481481482 0.7813163481953291 0.002777777777777778 0.0021231422505307855
3 0.41712962962962963 0.7786624203821656 0.006481481481481481 0.005307855626326964
3 0.24861111111111112 0.7791932059447984 0.004629629629629629 0.006369426751592357
3 0.4666666666666667 0.7760084925690022 0.009259259259259259 0.012738853503184714
3 0.5310185185185186 0.7707006369426752 0.028703703703703703 0.012738853503184714
3 0.42453703703703705 0.7584925690021231 0.008333333333333333 0.01167728237791932
3 0.4736111111111111 0.7574309978768577 0.006481481481481481 0.01167728237791932
3 0.4875 0.7579617834394905 0.019444444444444445 0.02335456475583864
3 0.4115740740740741 0.744692144373673 0.000925925925925926 0.0010615711252653928
3 0.41435185185185186 0.7430997876857749 0.002777777777777778 0.0021231422505307855
3 0.525 0.7383227176220807 0.001851851851851852 0.0010615711252653928
3 0.5416666666666666 0.7372611464968153 0.016666666666666666 0.0074309978768577496
3 0.5666666666666667 0.7462845010615711 0.05740740740740741 0.027600849256900213
3 0.5194444444444445 0.7308917197452229 0.009259259259259259 0.005307855626326964
3 0.5995370370370371 0.7292993630573248 0.006481481481481481 0.008492569002123142
3 0.525 0.7229299363057324 0.009259259259259259 0.004246284501061571
3 0.625 0.7144373673036093 0.016666666666666666 0.01910828025477707
3 0.22592592592592592 0.7335456475583864 0.046296296296296294 0.06794055201698514
3 0.2 0.6963906581740976 0.001851851851851852 0.0021231422505307855
3 0.5462962962962963 0.7038216560509554 0.03888888888888889 0.021231422505307854
3 0.19768518518518519 0.6926751592356688 0.000925925925925926 0.0010615711252653928
3 0.6203703703703703 0.6916135881104034 0.009259259259259259 0.013800424628450107
3 0.5370370370370371 0.6878980891719745 0.007407407407407408 0.006369426751592357
3 0.48194444444444445 0.7117834394904459 0.09722222222222222 0.0732484076433121
3 0.1875 0.6756900212314225 0.000925925925925926 0.0010615711252653928
3 0.17546296296296296 0.6549893842887473 0.004629629629629629 0.006369426751592357
3 0.6217592592592592 0.6602972399150743 0.041666666666666664 0.027600849256900213
3 0.5638888888888889 0.6587048832271762 0.027777777777777776 0.02653927813163482
3 0.5925925925925926 0.6411889596602972 0.014814814814814815 0.008492569002123142
3 0.6865740740740741 0.6247346072186837 0.028703703703703703 0.013800424628450107
3 0.6125 0.6247346072186837 0.032407407407407406 0.020169851380042462
3 0.7467592592592592 0.6183651804670913 0.01574074074074074 0.009554140127388535
3 0.7194444444444444 0.6125265392781316 0.014814814814814815 0.006369426751592357
3 0.7837962962962963 0.5509554140127388 0.05277777777777778 0.040339702760084924
3 0.8342592592592593 0.5100849256900213 0.012962962962962963 0.009554140127388535
3 0.8564814814814815 0.49363057324840764 0.007407407407407408 0.004246284501061571
3 0.8629629629629629 0.49097664543524416 0.001851851851851852 0.0031847133757961785