3 0.4488888888888889 0.6755555555555556 0.017777777777777778 0.008888888888888889
3 0.3488888888888889 0.6688888888888889 0.0044444444444444444 0.0044444444444444444
3 0.8377777777777777 0.6511111111111111 0.0044444444444444444 0.0044444444444444444
3 0.8644444444444445 0.6377777777777778 0.0044444444444444444 0.0044444444444444444
3 0.7933333333333333 0.6177777777777778 0.057777777777777775 0.017777777777777778
3 0.7222222222222222 0.5644444444444444 0.013333333333333334 0.008888888888888889
3 0.6977777777777778 0.56 0.008888888888888889 0.008888888888888889
3 0.4533333333333333 0.52 0.008888888888888889 0.008888888888888889
3 0.12 0.4955555555555556 0.044444444444444446 0.04
3 0.36666666666666664 0.46444444444444444 0.23555555555555555 0.06666666666666667
3 0.06222222222222222 0.4022222222222222 0.044444444444444446 0.07555555555555556
3 0.1 0.2733333333333333 0.013333333333333334 0.0044444444444444444
3 0.1711111111111111 0.2688888888888889 0.07555555555555556 0.013333333333333334
3 0.3622222222222222 0.24666666666666667 0.0044444444444444444 0.0044444444444444444
3 0.31333333333333335 0.24888888888888888 0.04888888888888889 0.008888888888888889
3 0.42 0.24222222222222223 0.04 0.0044444444444444444