3 0.26666666666666666 0.809447983014862 0.011111111111111112 0.020169851380042462
3 0.350462962962963 0.7983014861995754 0.006481481481481481 0.004246284501061571
3 0.4925925925925926 0.807855626326964 0.03888888888888889 0.027600849256900213
3 0.25787037037037036 0.7945859872611465 0.004629629629629629 0.0074309978768577496
3 0.37175925925925923 0.8450106157112527 0.1675925925925926 0.12101910828025478
3 0.4356481481481482 0.7813163481953291 0.002777777777777778 0.0021231422505307855
3 0.25 0.7813163481953291 0.001851851851851852 0.0021231422505307855
3 0.41712962962962963 0.7791932059447984 0.006481481481481481 0.004246284501061571
3 0.2449074074074074 0.7722929936305732 0.000925925925925926 0.0010615711252653928
3 0.4675925925925926 0.7760084925690022 0.009259259259259259 0.012738853503184714
3 0.5550925925925926 0.7653927813163482 0.002777777777777778 0.0021231422505307855
3 0.5310185185185186 0.7707006369426752 0.028703703703703703 0.012738853503184714
3 0.4078703703703704 0.7648619957537155 0.000925925925925926 0.0010615711252653928
3 0.4736111111111111 0.7569002123142251 0.006481481481481481 0.010615711252653927
3 0.42453703703703705 0.7579617834394905 0.010185185185185186 0.012738853503184714
3 0.48703703703703705 0.7574309978768577 0.018518518518518517 0.022292993630573247
3 0.5263888888888889 0.7383227176220807 0.002777777777777778 0.0010615711252653928
3 0.5657407407407408 0.7484076433121019 0.05555555555555555 0.02335456475583864
3 0.5430555555555555 0.7372611464968153 0.013888888888888888 0.0074309978768577496
3 0.5310185185185186 0.7335456475583864 0.008333333333333333 0.0021231422505307855
3 0.5203703703703704 0.7308917197452229 0.011111111111111112 0.005307855626326964
3 0.6018518518518519 0.7266454352441614 0.003703703703703704 0.0031847133757961785
3 0.5458333333333333 0.725583864118896 0.002777777777777778 0.0010615711252653928
3 0.5259259259259259 0.7234607218683652 0.009259259259259259 0.0031847133757961785
3 0.6083333333333333 0.7117834394904459 0.001851851851851852 0.0010615711252653928
3 0.625 0.7144373673036093 0.016666666666666666 0.01910828025477707
3 0.5296296296296297 0.7059447983014862 0.005555555555555556 0.0021231422505307855
3 0.22592592592592592 0.7335456475583864 0.046296296296296294 0.06794055201698514
3 0.20046296296296295 0.6969214437367304 0.002777777777777778 0.0031847133757961785
3 0.5486111111111112 0.7048832271762208 0.032407407407407406 0.021231422505307854
3 0.6203703703703703 0.6926751592356688 0.009259259259259259 0.01167728237791932
3 0.48703703703703705 0.7117834394904459 0.10740740740740741 0.0732484076433121
3 0.175 0.6544585987261147 0.003703703703703704 0.005307855626326964
3 0.6217592592592592 0.6602972399150743 0.041666666666666664 0.025477707006369428
3 0.5638888888888889 0.6571125265392781 0.027777777777777776 0.027600849256900213
3 0.6856481481481481 0.6247346072186837 0.028703703703703703 0.01167728237791932
3 0.6069444444444444 0.6316348195329087 0.04537037037037037 0.03184713375796178
3 0.7467592592592592 0.6183651804670913 0.01574074074074074 0.009554140127388535
3 0.7162037037037037 0.611995753715499 0.006481481481481481 0.0074309978768577496
3 0.7837962962962963 0.5509554140127388 0.05277777777777778 0.040339702760084924
3 0.8337962962962963 0.5100849256900213 0.012037037037037037 0.009554140127388535
3 0.8560185185185185 0.49522292993630573 0.006481481481481481 0.005307855626326964
3 0.8629629629629629 0.49097664543524416 0.003703703703703704 0.0031847133757961785