3 0.3888888888888889 0.6822222222222222 0.0044444444444444444 0.0044444444444444444
3 0.44666666666666666 0.6755555555555556 0.022222222222222223 0.008888888888888889
3 0.3488888888888889 0.6688888888888889 0.0044444444444444444 0.0044444444444444444
3 0.84 0.6511111111111111 0.008888888888888889 0.0044444444444444444
3 0.8644444444444445 0.6377777777777778 0.0044444444444444444 0.0044444444444444444
3 0.7955555555555556 0.6155555555555555 0.05333333333333334 0.022222222222222223
3 0.7222222222222222 0.5644444444444444 0.013333333333333334 0.008888888888888889
3 0.7 0.56 0.013333333333333334 0.008888888888888889
3 0.45111111111111113 0.5222222222222223 0.0044444444444444444 0.0044444444444444444
3 0.12 0.4955555555555556 0.044444444444444446 0.04
3 0.36666666666666664 0.46444444444444444 0.23555555555555555 0.06666666666666667
3 0.06222222222222222 0.4022222222222222 0.044444444444444446 0.07555555555555556
3 0.1511111111111111 0.26666666666666666 0.11555555555555555 0.017777777777777778
3 0.3622222222222222 0.24666666666666667 0.0044444444444444444 0.0044444444444444444
3 0.31333333333333335 0.24888888888888888 0.04888888888888889 0.008888888888888889
3 0.42 0.24222222222222223 0.04 0.0044444444444444444