3 0.8545 0.8695 0.195 0.189
3 0.419 0.7135 0.006 0.003
3 0.5825 0.643 0.003 0.002
3 0.5875 0.6415 0.001 0.001
3 0.278 0.7015 0.086 0.125
3 0.2275 0.6275 0.001 0.001
3 0.4675 0.613 0.009 0.004
3 0.4265 0.625 0.067 0.032
3 0.483 0.6065 0.02 0.007
3 0.6215 0.5545 0.251 0.097
3 0.612 0.6265 0.536 0.255
3 0.138 0.5 0.006 0.008
3 0.13 0.4875 0.008 0.015
3 0.1275 0.475 0.001 0.002
3 0.1265 0.4715 0.001 0.001
3 0.8415 0.476 0.033 0.024
3 0.163 0.4415 0.004 0.005
3 0.8135 0.4395 0.057 0.039
3 0.174 0.414 0.014 0.01
3 0.7815 0.408 0.025 0.022
3 0.212 0.406 0.038 0.026
3 0.2265 0.3875 0.001 0.001
3 0.232 0.3745 0.006 0.005
3 0.2535 0.3655 0.003 0.003
3 0.7695 0.3625 0.001 0.001
3 0.256 0.349 0.002 0.002
3 0.7445 0.35 0.047 0.03
3 0.721 0.334 0.002 0.004
3 0.2785 0.3305 0.051 0.021
3 0.7215 0.315 0.003 0.002
3 0.403 0.2855 0.126 0.019
3 0.5425 0.2725 0.339 0.077