3 0.1904296875 0.3580729166666667 0.005859375 0.0078125
3 0.16015625 0.3515625 0.00390625 0.005208333333333333
3 0.1689453125 0.3372395833333333 0.005859375 0.0078125
3 0.1064453125 0.3424479166666667 0.005859375 0.018229166666666668
3 0.1171875 0.3125 0.015625 0.015625
3 0.1435546875 0.3020833333333333 0.005859375 0.015625
3 0.341796875 0.2877604166666667 0.00390625 0.0078125
3 0.154296875 0.28125 0.00390625 0.010416666666666666
3 0.3095703125 0.2747395833333333 0.001953125 0.0026041666666666665
3 0.3984375 0.2669270833333333 0.015625 0.0078125
3 0.3671875 0.26171875 0.01171875 0.0234375
3 0.4658203125 0.23307291666666666 0.005859375 0.0078125
3 0.4033203125 0.21875 0.009765625 0.015625
3 0.5185546875 0.21875 0.005859375 0.020833333333333332
3 0.380859375 0.22395833333333334 0.015625 0.036458333333333336
3 0.6689453125 0.17708333333333334 0.005859375 0.015625
3 0.3984375 0.17578125 0.01171875 0.0234375
3 0.7099609375 0.16276041666666666 0.013671875 0.0078125
3 0.7841796875 0.15625 0.025390625 0.026041666666666668
3 0.6923828125 0.15234375 0.013671875 0.018229166666666668
3 0.5361328125 0.13671875 0.021484375 0.0078125
3 0.85546875 0.13541666666666666 0.01171875 0.015625
3 0.84765625 0.11458333333333333 0.00390625 0.015625
3 0.8154296875 0.10286458333333333 0.001953125 0.0026041666666666665
3 0.8310546875 0.09765625 0.001953125 0.0026041666666666665
3 0.3583984375 0.10286458333333333 0.021484375 0.013020833333333334
3 0.8408203125 0.08984375 0.001953125 0.0026041666666666665
3 0.9501953125 0.09375 0.005859375 0.020833333333333332
3 0.5 0.5 1.0 1.0
3 0.8935546875 0.00390625 0.005859375 0.0078125