3 0.3375 0.8722222222222222 0.0025 0.006666666666666667
3 0.306875 0.8566666666666667 0.00625 0.006666666666666667
3 0.265625 0.8477777777777777 0.01875 0.024444444444444446
3 0.238125 0.7955555555555556 0.00125 0.0044444444444444444
3 0.28375 0.81 0.02 0.042222222222222223
3 0.25375 0.75 0.0325 0.06
3 0.290625 0.7233333333333334 0.00875 0.015555555555555555
3 0.315625 0.6877777777777778 0.01125 0.015555555555555555
3 0.268125 0.6744444444444444 0.00125 0.0022222222222222222
3 0.27625 0.6644444444444444 0.0125 0.013333333333333334
3 0.278125 0.6566666666666666 0.00125 0.0022222222222222222
3 0.315 0.6355555555555555 0.0025 0.008888888888888889
3 0.270625 0.6211111111111111 0.00875 0.011111111111111112
3 0.259375 0.6077777777777778 0.00375 0.0022222222222222222
3 0.291875 0.6055555555555555 0.00125 0.0022222222222222222
3 0.239375 0.6077777777777778 0.01875 0.03333333333333333
3 0.348125 0.5933333333333334 0.00875 0.013333333333333334
3 0.288125 0.62 0.02125 0.06666666666666667
3 0.339375 0.5766666666666667 0.00625 0.006666666666666667
3 0.305625 0.5977777777777777 0.01375 0.05333333333333334
3 0.355625 0.5655555555555556 0.00375 0.006666666666666667
3 0.311875 0.5644444444444444 0.01625 0.022222222222222223
3 0.3025 0.5444444444444444 0.0075 0.008888888888888889
3 0.274375 0.53 0.00625 0.015555555555555555
3 0.5 0.5 1.0 1.0