3 0.1845703125 0.23958333333333334 0.005859375 0.005208333333333333
3 0.173828125 0.23046875 0.00390625 0.0026041666666666665
3 0.126953125 0.22005208333333334 0.0078125 0.018229166666666668
3 0.4150390625 0.19791666666666666 0.009765625 0.020833333333333332
3 0.509765625 0.14192708333333334 0.00390625 0.0078125
3 0.4404296875 0.14453125 0.017578125 0.013020833333333334
3 0.5009765625 0.14583333333333334 0.013671875 0.041666666666666664
3 0.5078125 0.11458333333333333 0.00390625 0.015625
3 0.48046875 0.09765625 0.03125 0.049479166666666664
3 0.5 0.5 1.0 1.0
3 0.6435546875 0.00390625 0.005859375 0.0078125