3 0.9709090909090909 0.44808743169398907 0.05818181818181818 0.06557377049180328
3 0.9363636363636364 0.40710382513661203 0.0036363636363636364 0.00546448087431694
3 0.05272727272727273 0.39617486338797814 0.10545454545454545 0.12568306010928962
3 0.056363636363636366 0.22131147540983606 0.0036363636363636364 0.00546448087431694
3 0.2636363636363636 0.1284153005464481 0.0036363636363636364 0.00546448087431694
3 0.5 0.5546448087431693 1.0 0.8907103825136612
3 0.5581818181818182 0.08196721311475409 0.06909090909090909 0.09836065573770492
3 0.27090909090909093 0.0273224043715847 0.0036363636363636364 0.01092896174863388
3 0.9509090909090909 0.05191256830601093 0.09818181818181818 0.10382513661202186
3 0.8309090909090909 0.06284153005464481 0.10545454545454545 0.12568306010928962
3 0.2727272727272727 0.00546448087431694 0.007272727272727273 0.01092896174863388