3 0.32555555555555554 0.8472222222222222 0.0044444444444444444 0.005555555555555556
3 0.6216666666666667 0.725 0.0011111111111111111 0.0011111111111111111
3 0.9016666666666666 0.7211111111111111 0.0011111111111111111 0.006666666666666667
3 0.9005555555555556 0.7027777777777777 0.0011111111111111111 0.005555555555555556
3 0.6216666666666667 0.4461111111111111 0.0011111111111111111 0.0033333333333333335
3 0.9016666666666666 0.38166666666666665 0.0011111111111111111 0.0033333333333333335
3 0.6238888888888889 0.3477777777777778 0.0011111111111111111 0.0022222222222222222
3 0.6227777777777778 0.33555555555555555 0.0011111111111111111 0.0022222222222222222
3 0.6216666666666667 0.32944444444444443 0.0011111111111111111 0.005555555555555556
3 0.6205555555555555 0.3227777777777778 0.0011111111111111111 0.005555555555555556
3 0.9016666666666666 0.3194444444444444 0.0011111111111111111 0.0033333333333333335
3 0.34055555555555556 0.315 0.0011111111111111111 0.0033333333333333335
3 0.9005555555555556 0.31333333333333335 0.0011111111111111111 0.0044444444444444444
3 0.6188888888888889 0.3138888888888889 0.0022222222222222222 0.01
3 0.33944444444444444 0.30777777777777776 0.0011111111111111111 0.0022222222222222222
3 0.3383333333333333 0.3038888888888889 0.0011111111111111111 0.0033333333333333335
3 0.79 0.49777777777777776 0.22666666666666666 0.7911111111111111
3 0.5111111111111111 0.49722222222222223 0.22666666666666666 0.7922222222222223
3 0.23 0.49833333333333335 0.22666666666666666 0.7944444444444444