3 0.6791666666666667 0.9180555555555555 0.008333333333333333 0.008333333333333333
3 0.4486111111111111 0.9138888888888889 0.002777777777777778 0.005555555555555556
3 0.38472222222222224 0.9125 0.008333333333333333 0.008333333333333333
3 0.5847222222222223 0.9041666666666667 0.002777777777777778 0.008333333333333333
3 0.5902777777777778 0.8986111111111111 0.002777777777777778 0.002777777777777778
3 0.32916666666666666 0.8875 0.002777777777777778 0.002777777777777778
3 0.5208333333333334 0.8916666666666667 0.013888888888888888 0.027777777777777776
3 0.4013888888888889 0.8736111111111111 0.002777777777777778 0.002777777777777778
3 0.5152777777777777 0.8625 0.002777777777777778 0.002777777777777778
3 0.3486111111111111 0.8597222222222223 0.002777777777777778 0.002777777777777778
3 0.6291666666666667 0.8736111111111111 0.03611111111111111 0.041666666666666664
3 0.5555555555555556 0.8555555555555555 0.005555555555555556 0.005555555555555556
3 0.6680555555555555 0.8541666666666666 0.008333333333333333 0.008333333333333333
3 0.40555555555555556 0.8444444444444444 0.011111111111111112 0.011111111111111112
3 0.6972222222222222 0.8444444444444444 0.016666666666666666 0.016666666666666666
3 0.575 0.8486111111111111 0.011111111111111112 0.025
3 0.5111111111111111 0.8430555555555556 0.027777777777777776 0.025
3 0.5736111111111111 0.8097222222222222 0.008333333333333333 0.008333333333333333
3 0.30694444444444446 0.8 0.002777777777777778 0.005555555555555556
3 0.6333333333333333 0.7875 0.005555555555555556 0.008333333333333333
3 0.6708333333333333 0.7847222222222222 0.008333333333333333 0.008333333333333333
3 0.6194444444444445 0.7833333333333333 0.005555555555555556 0.005555555555555556
3 0.5902777777777778 0.7819444444444444 0.013888888888888888 0.013888888888888888
3 0.7 0.7791666666666667 0.011111111111111112 0.013888888888888888
3 0.5736111111111111 0.775 0.002777777777777778 0.005555555555555556
3 0.39305555555555555 0.7680555555555556 0.002777777777777778 0.002777777777777778
3 0.5708333333333333 0.7597222222222222 0.002777777777777778 0.002777777777777778
3 0.4027777777777778 0.7625 0.011111111111111112 0.008333333333333333
3 0.6722222222222223 0.7652777777777777 0.016666666666666666 0.019444444444444445
3 0.4305555555555556 0.7486111111111111 0.011111111111111112 0.013888888888888888
3 0.5902777777777778 0.7291666666666666 0.002777777777777778 0.002777777777777778
3 0.41805555555555557 0.725 0.008333333333333333 0.005555555555555556
3 0.40694444444444444 0.7236111111111111 0.008333333333333333 0.002777777777777778
3 0.575 0.7152777777777778 0.005555555555555556 0.002777777777777778
3 0.6486111111111111 0.7138888888888889 0.019444444444444445 0.011111111111111112
3 0.6138888888888889 0.7125 0.011111111111111112 0.008333333333333333
3 0.4583333333333333 0.7083333333333334 0.005555555555555556 0.005555555555555556
3 0.46111111111111114 0.7 0.011111111111111112 0.005555555555555556
3 0.4388888888888889 0.6986111111111111 0.005555555555555556 0.002777777777777778
3 0.6666666666666666 0.6972222222222222 0.011111111111111112 0.011111111111111112
3 0.4222222222222222 0.6930555555555555 0.011111111111111112 0.019444444444444445
3 0.36666666666666664 0.6847222222222222 0.011111111111111112 0.008333333333333333
3 0.5541666666666667 0.6680555555555555 0.008333333333333333 0.008333333333333333
3 0.45694444444444443 0.6652777777777777 0.002777777777777778 0.002777777777777778
3 0.5777777777777777 0.6625 0.016666666666666666 0.008333333333333333
3 0.5625 0.6569444444444444 0.002777777777777778 0.002777777777777778
3 0.6194444444444445 0.6541666666666667 0.005555555555555556 0.002777777777777778
3 0.5861111111111111 0.6458333333333334 0.005555555555555556 0.002777777777777778
3 0.4444444444444444 0.6305555555555555 0.005555555555555556 0.005555555555555556
3 0.3638888888888889 0.7152777777777778 0.12222222222222222 0.18055555555555555
3 0.49722222222222223 0.6305555555555555 0.016666666666666666 0.016666666666666666
3 0.4861111111111111 0.6138888888888889 0.005555555555555556 0.011111111111111112
3 0.4263888888888889 0.6138888888888889 0.008333333333333333 0.011111111111111112
3 0.45555555555555555 0.6055555555555555 0.011111111111111112 0.016666666666666666
3 0.5277777777777778 0.6138888888888889 0.044444444444444446 0.06666666666666667
3 0.44027777777777777 0.5819444444444445 0.002777777777777778 0.002777777777777778
3 0.35555555555555557 0.5736111111111111 0.005555555555555556 0.002777777777777778
3 0.5222222222222223 0.5652777777777778 0.005555555555555556 0.002777777777777778
3 0.4638888888888889 0.5680555555555555 0.005555555555555556 0.013888888888888888
3 0.5055555555555555 0.5652777777777778 0.005555555555555556 0.013888888888888888
3 0.4263888888888889 0.5375 0.002777777777777778 0.002777777777777778
3 0.48055555555555557 0.5333333333333333 0.016666666666666666 0.016666666666666666
3 0.44027777777777777 0.5 0.008333333333333333 0.005555555555555556
3 0.35694444444444445 0.49444444444444446 0.002777777777777778 0.005555555555555556
3 0.4638888888888889 0.4875 0.005555555555555556 0.008333333333333333
3 0.5805555555555556 0.4791666666666667 0.005555555555555556 0.008333333333333333
3 0.4513888888888889 0.4777777777777778 0.008333333333333333 0.005555555555555556
3 0.46805555555555556 0.4666666666666667 0.008333333333333333 0.005555555555555556
3 0.5652777777777778 0.44166666666666665 0.03611111111111111 0.022222222222222223
3 0.4111111111111111 0.43333333333333335 0.005555555555555556 0.005555555555555556
3 0.425 0.5069444444444444 0.15555555555555556 0.1638888888888889
3 0.5555555555555556 0.42083333333333334 0.011111111111111112 0.008333333333333333
3 0.44722222222222224 0.39861111111111114 0.005555555555555556 0.002777777777777778
3 0.5194444444444445 0.6916666666666667 0.4222222222222222 0.5944444444444444
3 0.5180555555555556 0.39305555555555555 0.002777777777777778 0.002777777777777778
3 0.4083333333333333 0.42916666666666664 0.1 0.08055555555555556
3 0.4305555555555556 0.39166666666666666 0.027777777777777776 0.022222222222222223
3 0.5694444444444444 0.3763888888888889 0.03333333333333333 0.008333333333333333
3 0.41805555555555557 0.3763888888888889 0.008333333333333333 0.008333333333333333
3 0.6027777777777777 0.3736111111111111 0.022222222222222223 0.025
3 0.4513888888888889 0.36527777777777776 0.008333333333333333 0.008333333333333333
3 0.4027777777777778 0.35555555555555557 0.005555555555555556 0.005555555555555556
3 0.6166666666666667 0.35 0.011111111111111112 0.016666666666666666
3 0.3902777777777778 0.3333333333333333 0.008333333333333333 0.011111111111111112
3 0.5777777777777777 0.31805555555555554 0.03333333333333333 0.008333333333333333
3 0.5402777777777777 0.30416666666666664 0.002777777777777778 0.008333333333333333
3 0.6055555555555555 0.3013888888888889 0.03888888888888889 0.008333333333333333
3 0.31666666666666665 0.35555555555555557 0.1 0.12222222222222222
3 0.5194444444444445 0.29305555555555557 0.011111111111111112 0.008333333333333333
3 0.3611111111111111 0.2916666666666667 0.022222222222222223 0.016666666666666666
3 0.5347222222222222 0.2847222222222222 0.008333333333333333 0.008333333333333333
3 0.6138888888888889 0.26805555555555555 0.005555555555555556 0.008333333333333333
3 0.3625 0.26666666666666666 0.019444444444444445 0.016666666666666666
3 0.3958333333333333 0.2638888888888889 0.013888888888888888 0.016666666666666666
3 0.5736111111111111 0.25416666666666665 0.025 0.025
3 0.3541666666666667 0.18472222222222223 0.002777777777777778 0.002777777777777778
3 0.3416666666666667 0.17916666666666667 0.005555555555555556 0.008333333333333333
3 0.35833333333333334 0.175 0.005555555555555556 0.005555555555555556
3 0.3888888888888889 0.1638888888888889 0.005555555555555556 0.005555555555555556
3 0.3486111111111111 0.15694444444444444 0.008333333333333333 0.008333333333333333
3 0.35555555555555557 0.1375 0.016666666666666666 0.008333333333333333
3 0.4236111111111111 0.1111111111111111 0.008333333333333333 0.005555555555555556
3 0.38055555555555554 0.0875 0.011111111111111112 0.008333333333333333
3 0.4152777777777778 0.08333333333333333 0.03611111111111111 0.011111111111111112
3 0.38333333333333336 0.018055555555555554 0.005555555555555556 0.002777777777777778
3 0.325 0.1527777777777778 0.11666666666666667 0.2722222222222222
3 0.4111111111111111 0.041666666666666664 0.044444444444444446 0.05555555555555555
3 0.5291666666666667 0.13472222222222222 0.16944444444444445 0.24722222222222223