3 0.165 0.992633517495396 0.0033333333333333335 0.003683241252302026
3 0.18416666666666667 0.9917127071823204 0.005 0.009208103130755065
3 0.10083333333333333 0.9898710865561694 0.008333333333333333 0.009208103130755065
3 0.515 0.9705340699815838 0.006666666666666667 0.007366482504604052
3 0.11333333333333333 0.9723756906077348 0.013333333333333334 0.022099447513812154
3 0.12583333333333332 0.9502762430939227 0.008333333333333333 0.007366482504604052
3 0.10833333333333334 0.927255985267035 0.006666666666666667 0.0055248618784530384
3 0.0075 0.916206261510129 0.0016666666666666668 0.001841620626151013
3 0.02 0.9134438305709024 0.01 0.014732965009208104
3 0.04416666666666667 0.8996316758747698 0.005 0.009208103130755065
3 0.09666666666666666 0.8931860036832413 0.006666666666666667 0.003683241252302026
3 0.018333333333333333 0.8867403314917127 0.01 0.009208103130755065
3 0.6875 0.8738489871086557 0.005 0.001841620626151013
3 0.09083333333333334 0.8738489871086557 0.011666666666666667 0.0055248618784530384
3 0.11 0.8729281767955801 0.01 0.007366482504604052
3 0.01 0.8858195211786372 0.02 0.04788213627992634
3 0.5283333333333333 0.861878453038674 0.0033333333333333335 0.003683241252302026
3 0.14 0.8434622467771639 0.02 0.011049723756906077
3 0.11833333333333333 0.8379373848987108 0.0033333333333333335 0.003683241252302026
3 0.11833333333333333 0.8305709023941068 0.0033333333333333335 0.007366482504604052
3 0.7458333333333333 0.8259668508287292 0.0016666666666666668 0.001841620626151013
3 0.7291666666666666 0.8278084714548803 0.011666666666666667 0.009208103130755065
3 0.7183333333333334 0.8204419889502762 0.0033333333333333335 0.001841620626151013
3 0.5266666666666666 0.8204419889502762 0.006666666666666667 0.001841620626151013
3 0.5125 0.8176795580110497 0.0016666666666666668 0.003683241252302026
3 0.6033333333333334 0.8130755064456722 0.01 0.0055248618784530384
3 0.6208333333333333 0.8047882136279927 0.005 0.003683241252302026
3 0.635 0.7992633517495396 0.0033333333333333335 0.003683241252302026
3 0.68 0.7965009208103131 0.006666666666666667 0.0055248618784530384
3 0.665 0.7900552486187845 0.0033333333333333335 0.003683241252302026
3 0.6566666666666666 0.7909760589318601 0.006666666666666667 0.0055248618784530384
3 0.6441666666666667 0.7909760589318601 0.011666666666666667 0.01289134438305709
3 0.5183333333333333 0.7826887661141805 0.01 0.02578268876611418
3 0.9291666666666667 0.38029465930018413 0.0016666666666666668 0.001841620626151013
3 0.9583333333333334 0.3268876611418048 0.0033333333333333335 0.0055248618784530384
3 0.945 0.3149171270718232 0.0033333333333333335 0.003683241252302026
3 0.935 0.31031307550644566 0.006666666666666667 0.001841620626151013
3 0.945 0.30386740331491713 0.006666666666666667 0.014732965009208104
3 0.9775 0.32136279926335176 0.045 0.0570902394106814
3 0.5 0.5 1.0 1.0