3 0.43333333333333335 0.9970238095238095 0.006666666666666667 0.005952380952380952
3 0.03166666666666667 0.6696428571428571 0.06333333333333334 0.1130952380952381
3 0.01 0.6279761904761905 0.02 0.041666666666666664
3 0.20333333333333334 0.43154761904761907 0.02 0.041666666666666664
3 0.145 0.31547619047619047 0.0033333333333333335 0.011904761904761904
3 0.26166666666666666 0.2916666666666667 0.0033333333333333335 0.011904761904761904
3 0.7133333333333334 0.22916666666666666 0.006666666666666667 0.017857142857142856
3 0.07333333333333333 0.23214285714285715 0.013333333333333334 0.023809523809523808
3 0.22833333333333333 0.2113095238095238 0.0033333333333333335 0.005952380952380952
3 0.8066666666666666 0.18452380952380953 0.013333333333333334 0.023809523809523808
3 0.8466666666666667 0.16071428571428573 0.006666666666666667 0.011904761904761904
3 0.7666666666666667 0.15773809523809523 0.006666666666666667 0.005952380952380952
3 0.7366666666666667 0.10416666666666667 0.02666666666666667 0.017857142857142856
3 0.9483333333333334 0.05357142857142857 0.023333333333333334 0.03571428571428571
3 0.9383333333333334 0.017857142857142856 0.0033333333333333335 0.011904761904761904
3 0.9283333333333333 0.005952380952380952 0.01 0.011904761904761904
3 0.5 0.5 1.0 1.0