3 0.0029296875 0.4674479166666667 0.005859375 0.028645833333333332
3 0.0263671875 0.4440104166666667 0.009765625 0.0234375
3 0.0595703125 0.3385416666666667 0.001953125 0.005208333333333333
3 0.0283203125 0.3372395833333333 0.001953125 0.0026041666666666665
3 0.1279296875 0.31640625 0.005859375 0.0078125
3 0.119140625 0.30859375 0.00390625 0.0078125
3 0.1005859375 0.30859375 0.005859375 0.0078125
3 0.013671875 0.3125 0.0078125 0.015625
3 0.0576171875 0.30859375 0.009765625 0.013020833333333334
3 0.109375 0.296875 0.0078125 0.015625
3 0.1845703125 0.28125 0.005859375 0.020833333333333332
3 0.2001953125 0.24609375 0.001953125 0.0026041666666666665
3 0.2216796875 0.23828125 0.005859375 0.018229166666666668
3 0.4931640625 0.22526041666666666 0.013671875 0.0078125
3 0.4755859375 0.22395833333333334 0.009765625 0.015625
3 0.44140625 0.21875 0.01171875 0.020833333333333332
3 0.3642578125 0.2109375 0.009765625 0.010416666666666666
3 0.158203125 0.23046875 0.015625 0.08072916666666667
3 0.3466796875 0.18880208333333334 0.001953125 0.0026041666666666665
3 0.3876953125 0.18359375 0.001953125 0.0026041666666666665
3 0.171875 0.18489583333333334 0.0078125 0.005208333333333333
3 0.5693359375 0.18359375 0.013671875 0.0078125
3 0.462890625 0.17578125 0.0078125 0.018229166666666668
3 0.5859375 0.16927083333333334 0.015625 0.03125
3 0.0390625 0.14453125 0.0078125 0.0078125
3 0.6787109375 0.140625 0.013671875 0.005208333333333333
3 0.1044921875 0.13802083333333334 0.005859375 0.010416666666666666
3 0.0732421875 0.11328125 0.005859375 0.0078125
3 0.396484375 0.10026041666666667 0.00390625 0.0026041666666666665
3 0.650390625 0.053385416666666664 0.0078125 0.0078125
3 0.8984375 0.03125 0.00390625 0.015625
3 0.564453125 0.013020833333333334 0.0078125 0.005208333333333333
3 0.5 0.5 1.0 1.0
3 0.9150390625 0.006510416666666667 0.017578125 0.013020833333333334