3 0.3515625 0.984375 0.00390625 0.005208333333333333
3 0.35546875 0.9674479166666666 0.0078125 0.013020833333333334
3 0.2890625 0.921875 0.0078125 0.010416666666666666
3 0.0458984375 0.8932291666666666 0.001953125 0.005208333333333333
3 0.0126953125 0.8177083333333334 0.005859375 0.005208333333333333
3 0.126953125 0.7708333333333334 0.00390625 0.005208333333333333
3 0.1748046875 0.6888020833333334 0.005859375 0.0078125
3 0.1416015625 0.6731770833333334 0.001953125 0.0026041666666666665
3 0.212890625 0.671875 0.0078125 0.010416666666666666
3 0.1796875 0.5364583333333334 0.0078125 0.010416666666666666
3 0.107421875 0.03515625 0.0078125 0.013020833333333334
3 0.0771484375 0.020833333333333332 0.005859375 0.005208333333333333
3 0.0751953125 0.006510416666666667 0.001953125 0.0026041666666666665
3 0.53125 0.5 0.9375 1.0
3 0.126953125 0.0026041666666666665 0.00390625 0.005208333333333333
3 0.06640625 0.0026041666666666665 0.0078125 0.005208333333333333