3 0.78 0.9822222222222222 0.04888888888888889 0.035555555555555556
3 0.4533333333333333 0.8955555555555555 0.008888888888888889 0.013333333333333334
3 0.5333333333333333 0.8377777777777777 0.02666666666666667 0.04888888888888889
3 0.4222222222222222 0.9066666666666666 0.4444444444444444 0.18666666666666668
3 0.41555555555555557 0.8133333333333334 0.19111111111111112 0.02666666666666667
3 0.5888888888888889 0.7977777777777778 0.0044444444444444444 0.03111111111111111
3 0.5266666666666666 0.7688888888888888 0.022222222222222223 0.035555555555555556
3 0.26 0.43777777777777777 0.03111111111111111 0.0044444444444444444
3 0.2222222222222222 0.44 0.035555555555555556 0.008888888888888889
3 0.4533333333333333 0.4288888888888889 0.10666666666666667 0.013333333333333334
3 0.4822222222222222 0.4066666666666667 0.08444444444444445 0.0044444444444444444
3 0.5822222222222222 0.40444444444444444 0.035555555555555556 0.008888888888888889
3 0.21333333333333335 0.3466666666666667 0.017777777777777778 0.008888888888888889
3 0.2511111111111111 0.32666666666666666 0.0044444444444444444 0.0044444444444444444
3 0.4866666666666667 0.2288888888888889 0.03111111111111111 0.013333333333333334
3 0.4911111111111111 0.2 0.013333333333333334 0.008888888888888889
3 0.5022222222222222 0.18 0.044444444444444446 0.013333333333333334
3 0.3244444444444444 0.06222222222222222 0.008888888888888889 0.008888888888888889
3 0.29777777777777775 0.024444444444444446 0.06222222222222222 0.04888888888888889