3 0.41291666666666665 0.9158333333333334 0.005833333333333334 0.0016666666666666668
3 0.405 0.9141666666666667 0.008333333333333333 0.0016666666666666668
3 0.3875 0.9125 0.0033333333333333335 0.0016666666666666668
3 0.3570833333333333 0.8945833333333333 0.0008333333333333334 0.0008333333333333334
3 0.2833333333333333 0.8916666666666667 0.0033333333333333335 0.0016666666666666668
3 0.29375 0.8916666666666667 0.0025 0.0033333333333333335
3 0.27541666666666664 0.8870833333333333 0.0008333333333333334 0.0008333333333333334
3 0.26958333333333334 0.8875 0.0025 0.0016666666666666668
3 0.29291666666666666 0.8866666666666667 0.004166666666666667 0.0033333333333333335
3 0.6258333333333334 0.885 0.008333333333333333 0.0033333333333333335
3 0.52875 0.8841666666666667 0.0175 0.0033333333333333335
3 0.46416666666666667 0.8829166666666667 0.011666666666666667 0.0025
3 0.48791666666666667 0.8825 0.019166666666666665 0.005
3 0.38333333333333336 0.8825 0.14 0.018333333333333333
3 0.3229166666666667 0.8733333333333333 0.0025 0.0016666666666666668
3 0.31416666666666665 0.875 0.008333333333333333 0.006666666666666667
3 0.24833333333333332 0.8733333333333333 0.04833333333333333 0.023333333333333334
3 0.41375 0.8529166666666667 0.014166666666666666 0.0025
3 0.42541666666666667 0.8520833333333333 0.004166666666666667 0.0025
3 0.4370833333333333 0.8516666666666667 0.0125 0.006666666666666667
3 0.37958333333333333 0.8516666666666667 0.049166666666666664 0.006666666666666667
3 0.47333333333333333 0.85375 0.051666666666666666 0.0125
3 0.3154166666666667 0.845 0.0008333333333333334 0.0016666666666666668
3 0.28208333333333335 0.8641666666666666 0.0375 0.04666666666666667
3 0.3204166666666667 0.8408333333333333 0.004166666666666667 0.0033333333333333335
3 0.295 0.8308333333333333 0.0016666666666666668 0.0016666666666666668
3 0.33875 0.8370833333333333 0.025833333333333333 0.0175
3 0.29875 0.82875 0.0008333333333333334 0.0008333333333333334
3 0.6341666666666667 0.8191666666666667 0.0016666666666666668 0.0016666666666666668
3 0.27375 0.7970833333333334 0.0025 0.0025
3 0.2833333333333333 0.8179166666666666 0.02666666666666667 0.060833333333333336
3 0.5695833333333333 0.7841666666666667 0.0008333333333333334 0.0016666666666666668
3 0.7091666666666666 0.7741666666666667 0.006666666666666667 0.006666666666666667
3 0.26166666666666666 0.7683333333333333 0.0033333333333333335 0.01
3 0.6320833333333333 0.76125 0.0008333333333333334 0.0008333333333333334
3 0.63 0.7566666666666667 0.0016666666666666668 0.0016666666666666668
3 0.28875 0.7445833333333334 0.0025 0.0025
3 0.5658333333333333 0.73875 0.01 0.0075
3 0.28833333333333333 0.7325 0.005 0.005
3 0.2875 0.7266666666666667 0.0016666666666666668 0.0016666666666666668
3 0.5570833333333334 0.7291666666666666 0.0075 0.008333333333333333
3 0.485 0.725 0.011666666666666667 0.008333333333333333
3 0.4529166666666667 0.7283333333333334 0.014166666666666666 0.018333333333333333
3 0.5979166666666667 0.7529166666666667 0.0725 0.07083333333333333
3 0.47708333333333336 0.7179166666666666 0.0008333333333333334 0.0025
3 0.5220833333333333 0.725 0.060833333333333336 0.018333333333333333
3 0.28833333333333333 0.7183333333333334 0.0033333333333333335 0.005
3 0.28291666666666665 0.7175 0.0025 0.008333333333333333
3 0.6266666666666667 0.7325 0.10833333333333334 0.043333333333333335
3 0.42083333333333334 0.7145833333333333 0.013333333333333334 0.019166666666666665
3 0.7266666666666667 0.7041666666666667 0.0033333333333333335 0.005
3 0.6008333333333333 0.7008333333333333 0.0016666666666666668 0.0016666666666666668
3 0.6079166666666667 0.7004166666666667 0.0075 0.0025
3 0.3983333333333333 0.7025 0.006666666666666667 0.006666666666666667
3 0.5758333333333333 0.7 0.008333333333333333 0.0033333333333333335
3 0.7358333333333333 0.6879166666666666 0.0033333333333333335 0.004166666666666667
3 0.5266666666666666 0.69375 0.07 0.015833333333333335
3 0.6670833333333334 0.68875 0.04083333333333333 0.010833333333333334
3 0.48 0.685 0.018333333333333333 0.006666666666666667
3 0.6991666666666667 0.6779166666666666 0.0033333333333333335 0.0025
3 0.6929166666666666 0.6829166666666666 0.009166666666666667 0.0125
3 0.28458333333333335 0.6745833333333333 0.0008333333333333334 0.0008333333333333334
3 0.6295833333333334 0.6745833333333333 0.005833333333333334 0.0025
3 0.28541666666666665 0.6729166666666667 0.0008333333333333334 0.0008333333333333334
3 0.6220833333333333 0.67625 0.010833333333333334 0.010833333333333334
3 0.6883333333333334 0.6716666666666666 0.0033333333333333335 0.0033333333333333335
3 0.39625 0.6666666666666666 0.004166666666666667 0.0016666666666666668
3 0.73625 0.66625 0.0025 0.0025
3 0.5983333333333334 0.66625 0.018333333333333333 0.004166666666666667
3 0.30041666666666667 0.6629166666666667 0.0025 0.0025
3 0.29083333333333333 0.6641666666666667 0.0033333333333333335 0.006666666666666667
3 0.6720833333333334 0.66125 0.010833333333333334 0.0025
3 0.3129166666666667 0.66 0.0008333333333333334 0.0016666666666666668
3 0.7229166666666667 0.6779166666666666 0.015833333333333335 0.04416666666666667
3 0.28958333333333336 0.65625 0.0008333333333333334 0.0008333333333333334
3 0.3075 0.655 0.0016666666666666668 0.006666666666666667
3 0.25958333333333333 0.7483333333333333 0.0575 0.19833333333333333
3 0.32166666666666666 0.64625 0.0016666666666666668 0.0025
3 0.27708333333333335 0.645 0.015833333333333335 0.006666666666666667
3 0.7366666666666667 0.6366666666666667 0.0016666666666666668 0.0016666666666666668
3 0.6945833333333333 0.6345833333333334 0.0008333333333333334 0.0008333333333333334
3 0.6975 0.6325 0.0033333333333333335 0.0016666666666666668
3 0.6583333333333333 0.6341666666666667 0.03333333333333333 0.013333333333333334
3 0.6291666666666667 0.6283333333333333 0.008333333333333333 0.0016666666666666668
3 0.6216666666666667 0.6279166666666667 0.0016666666666666668 0.0008333333333333334
3 0.5241666666666667 0.6175 0.0033333333333333335 0.006666666666666667
3 0.6404166666666666 0.6183333333333333 0.014166666666666666 0.013333333333333334
3 0.5504166666666667 0.6175 0.005833333333333334 0.011666666666666667
3 0.6270833333333333 0.6175 0.009166666666666667 0.013333333333333334
3 0.6120833333333333 0.61625 0.014166666666666666 0.010833333333333334
3 0.525 0.6108333333333333 0.005 0.0033333333333333335
3 0.5975 0.61375 0.015 0.019166666666666665
3 0.53375 0.6120833333333333 0.010833333333333334 0.019166666666666665
3 0.6533333333333333 0.6116666666666667 0.01 0.02
3 0.545 0.6125 0.005 0.021666666666666667
3 0.5075 0.61 0.02666666666666667 0.021666666666666667
3 0.3425 0.5766666666666667 0.013333333333333334 0.006666666666666667
3 0.5391666666666667 0.5808333333333333 0.021666666666666667 0.016666666666666666
3 0.5733333333333334 0.5804166666666667 0.016666666666666666 0.0175
3 0.6058333333333333 0.5795833333333333 0.03833333333333333 0.0225
3 0.5179166666666667 0.5770833333333333 0.019166666666666665 0.0175
3 0.5054166666666666 0.5766666666666667 0.005833333333333334 0.02
3 0.3020833333333333 0.5541666666666667 0.0025 0.0033333333333333335
3 0.545 0.5525 0.0033333333333333335 0.0033333333333333335
3 0.3120833333333333 0.5495833333333333 0.0025 0.0025
3 0.3541666666666667 0.5554166666666667 0.015 0.0175
3 0.545 0.5466666666666666 0.0033333333333333335 0.005
3 0.59 0.5508333333333333 0.015 0.016666666666666666
3 0.3570833333333333 0.5429166666666667 0.0025 0.0025
3 0.5341666666666667 0.5470833333333334 0.005 0.0125
3 0.3675 0.5454166666666667 0.006666666666666667 0.0125
3 0.48083333333333333 0.5466666666666666 0.018333333333333333 0.016666666666666666
3 0.5733333333333334 0.54875 0.015 0.0225
3 0.5170833333333333 0.5466666666666666 0.015833333333333335 0.018333333333333333
3 0.6070833333333333 0.5479166666666667 0.0075 0.0225
3 0.5316666666666666 0.5383333333333333 0.016666666666666666 0.005
3 0.5 0.5470833333333334 0.016666666666666666 0.0225
3 0.6204166666666666 0.5470833333333334 0.009166666666666667 0.0275
3 0.3745833333333333 0.5358333333333334 0.0025 0.006666666666666667
3 0.31875 0.5329166666666667 0.0008333333333333334 0.0008333333333333334
3 0.29875 0.5329166666666667 0.0008333333333333334 0.0008333333333333334
3 0.30416666666666664 0.5258333333333334 0.005 0.005
3 0.7275 0.5245833333333333 0.008333333333333333 0.004166666666666667
3 0.7058333333333333 0.5241666666666667 0.01 0.005
3 0.31083333333333335 0.5225 0.006666666666666667 0.0033333333333333335
3 0.6895833333333333 0.5229166666666667 0.019166666666666665 0.005833333333333334
3 0.2991666666666667 0.5204166666666666 0.0016666666666666668 0.0025
3 0.7291666666666666 0.5191666666666667 0.0033333333333333335 0.0033333333333333335
3 0.73375 0.50625 0.0025 0.0075
3 0.685 0.4979166666666667 0.0033333333333333335 0.0025
3 0.46791666666666665 0.49625 0.0008333333333333334 0.0008333333333333334
3 0.46166666666666667 0.49625 0.01 0.0025
3 0.45166666666666666 0.4945833333333333 0.0033333333333333335 0.0008333333333333334
3 0.6425 0.49416666666666664 0.0016666666666666668 0.005
3 0.42541666666666667 0.49166666666666664 0.005833333333333334 0.0016666666666666668
3 0.73375 0.485 0.0025 0.005
3 0.36916666666666664 0.4795833333333333 0.0033333333333333335 0.0025
3 0.3625 0.47833333333333333 0.0016666666666666668 0.0016666666666666668
3 0.29083333333333333 0.4795833333333333 0.0033333333333333335 0.004166666666666667
3 0.5079166666666667 0.4845833333333333 0.025833333333333333 0.0175
3 0.425 0.4658333333333333 0.005 0.0033333333333333335
3 0.50625 0.46708333333333335 0.0075 0.009166666666666667
3 0.7120833333333333 0.45666666666666667 0.005833333333333334 0.0033333333333333335
3 0.6504166666666666 0.47541666666666665 0.0425 0.06916666666666667
3 0.30916666666666665 0.44208333333333333 0.0033333333333333335 0.004166666666666667
3 0.29833333333333334 0.44125 0.0016666666666666668 0.0025
3 0.5845833333333333 0.4579166666666667 0.04083333333333333 0.05416666666666667
3 0.41583333333333333 0.43083333333333335 0.005 0.005
3 0.34875 0.42541666666666667 0.0008333333333333334 0.0008333333333333334
3 0.30041666666666667 0.41041666666666665 0.0008333333333333334 0.0008333333333333334
3 0.28541666666666665 0.3954166666666667 0.0008333333333333334 0.0008333333333333334
3 0.4716666666666667 0.39375 0.011666666666666667 0.0025
3 0.5791666666666667 0.39166666666666666 0.0033333333333333335 0.0033333333333333335
3 0.3016666666666667 0.39166666666666666 0.0016666666666666668 0.0033333333333333335
3 0.63125 0.3908333333333333 0.08916666666666667 0.005
3 0.525 0.665 0.45 0.5583333333333333
3 0.5775 0.38458333333333333 0.0016666666666666668 0.0008333333333333334
3 0.515 0.38208333333333333 0.01 0.0025
3 0.575 0.38083333333333336 0.0016666666666666668 0.0016666666666666668
3 0.5291666666666667 0.38625 0.08833333333333333 0.0175
3 0.4716666666666667 0.36916666666666664 0.005 0.0033333333333333335
3 0.5770833333333333 0.36333333333333334 0.009166666666666667 0.006666666666666667
3 0.47833333333333333 0.35791666666666666 0.005 0.0025
3 0.7095833333333333 0.35791666666666666 0.0125 0.010833333333333334
3 0.5154166666666666 0.32666666666666666 0.010833333333333334 0.0033333333333333335
3 0.4925 0.3620833333333333 0.5116666666666667 0.5625