3 0.6041666666666666 0.8994413407821229 0.002777777777777778 0.0022346368715083797
3 0.5541666666666667 0.8865921787709498 0.008333333333333333 0.0033519553072625698
3 0.5652777777777778 0.8804469273743016 0.002777777777777778 0.0022346368715083797
3 0.275 0.8748603351955307 0.016666666666666666 0.004469273743016759
3 0.4444444444444444 0.8737430167597765 0.011111111111111112 0.004469273743016759
3 0.3138888888888889 0.8715083798882681 0.022222222222222223 0.0067039106145251395
3 0.29444444444444445 0.8659217877094972 0.005555555555555556 0.004469273743016759
3 0.2847222222222222 0.8597765363128491 0.002777777777777778 0.0011173184357541898
3 0.6277777777777778 0.8575418994413407 0.005555555555555556 0.00558659217877095
3 0.6347222222222222 0.8497206703910615 0.002777777777777778 0.0011173184357541898
3 0.3388888888888889 0.8497206703910615 0.005555555555555556 0.0011173184357541898
3 0.6402777777777777 0.840782122905028 0.008333333333333333 0.00558659217877095
3 0.3486111111111111 0.8357541899441341 0.002777777777777778 0.0022346368715083797
3 0.28888888888888886 0.841340782122905 0.07222222222222222 0.017877094972067038
3 0.24305555555555555 0.8284916201117318 0.002777777777777778 0.0011173184357541898
3 0.6083333333333333 0.823463687150838 0.005555555555555556 0.008938547486033519
3 0.35555555555555557 0.8178770949720671 0.011111111111111112 0.004469273743016759
3 0.5916666666666667 0.8145251396648044 0.011111111111111112 0.004469273743016759
3 0.6694444444444444 0.7983240223463687 0.016666666666666666 0.01005586592178771
3 0.34305555555555556 0.7960893854748603 0.041666666666666664 0.00782122905027933
3 0.5777777777777777 0.788826815642458 0.016666666666666666 0.004469273743016759
3 0.6416666666666667 0.7837988826815643 0.011111111111111112 0.0033519553072625698
3 0.6083333333333333 0.7854748603351955 0.022222222222222223 0.0067039106145251395
3 0.5208333333333334 0.7865921787709497 0.008333333333333333 0.0111731843575419
3 0.7 0.7821229050279329 0.005555555555555556 0.0067039106145251395
3 0.35138888888888886 0.7837988826815643 0.030555555555555555 0.01005586592178771
3 0.5305555555555556 0.7653631284916201 0.005555555555555556 0.0022346368715083797
3 0.525 0.7564245810055866 0.022222222222222223 0.0022346368715083797
3 0.3402777777777778 0.758659217877095 0.025 0.008938547486033519
3 0.43333333333333335 0.735195530726257 0.022222222222222223 0.0022346368715083797
3 0.5263888888888889 0.7346368715083799 0.008333333333333333 0.00558659217877095
3 0.5027777777777778 0.7340782122905027 0.027777777777777776 0.004469273743016759
3 0.4722222222222222 0.7318435754189944 0.005555555555555556 0.0022346368715083797
3 0.4361111111111111 0.729050279329609 0.005555555555555556 0.0011173184357541898
3 0.6166666666666667 0.7223463687150838 0.005555555555555556 0.0011173184357541898
3 0.2652777777777778 0.7195530726256983 0.008333333333333333 0.0022346368715083797
3 0.32916666666666666 0.7067039106145251 0.002777777777777778 0.0011173184357541898
3 0.2777777777777778 0.7027932960893855 0.005555555555555556 0.0022346368715083797
3 0.3138888888888889 0.6960893854748603 0.005555555555555556 0.0022346368715083797
3 0.25277777777777777 0.6983240223463687 0.022222222222222223 0.0111731843575419
3 0.2777777777777778 0.6837988826815642 0.016666666666666666 0.0022346368715083797
3 0.2652777777777778 0.6748603351955307 0.008333333333333333 0.0022346368715083797
3 0.31527777777777777 0.6748603351955307 0.008333333333333333 0.0067039106145251395
3 0.28888888888888886 0.664804469273743 0.005555555555555556 0.0022346368715083797
3 0.2638888888888889 0.6659217877094972 0.011111111111111112 0.004469273743016759
3 0.3013888888888889 0.6670391061452514 0.013888888888888888 0.008938547486033519
3 0.32916666666666666 0.6553072625698324 0.008333333333333333 0.00558659217877095
3 0.2652777777777778 0.6519553072625698 0.002777777777777778 0.0011173184357541898
3 0.24861111111111112 0.6480446927374302 0.008333333333333333 0.0022346368715083797
3 0.29305555555555557 0.6391061452513966 0.008333333333333333 0.008938547486033519
3 0.5986111111111111 0.6363128491620111 0.013888888888888888 0.00558659217877095
3 0.35694444444444445 0.6329608938547486 0.002777777777777778 0.0011173184357541898
3 0.2708333333333333 0.6329608938547486 0.008333333333333333 0.0033519553072625698
3 0.32083333333333336 0.6273743016759776 0.019444444444444445 0.0033519553072625698
3 0.2847222222222222 0.6273743016759776 0.008333333333333333 0.0033519553072625698
3 0.3527777777777778 0.6189944134078212 0.022222222222222223 0.0067039106145251395
3 0.5958333333333333 0.6027932960893855 0.008333333333333333 0.00782122905027933
3 0.3875 0.5659217877094972 0.03611111111111111 0.00782122905027933
3 0.35833333333333334 0.5491620111731843 0.005555555555555556 0.00558659217877095
3 0.34444444444444444 0.5201117318435754 0.005555555555555556 0.0033519553072625698
3 0.4861111111111111 0.5122905027932961 0.011111111111111112 0.0033519553072625698
3 0.35138888888888886 0.48435754189944136 0.002777777777777778 0.0011173184357541898
3 0.35138888888888886 0.44860335195530726 0.008333333333333333 0.00558659217877095
3 0.3736111111111111 0.42681564245810055 0.002777777777777778 0.0022346368715083797
3 0.3597222222222222 0.42681564245810055 0.002777777777777778 0.0022346368715083797
3 0.3486111111111111 0.4223463687150838 0.013888888888888888 0.01564245810055866
3 0.34444444444444444 0.4083798882681564 0.016666666666666666 0.0011173184357541898
3 0.30833333333333335 0.38603351955307263 0.005555555555555556 0.0011173184357541898
3 0.24027777777777778 0.3692737430167598 0.002777777777777778 0.0011173184357541898
3 0.3138888888888889 0.35698324022346367 0.005555555555555556 0.0033519553072625698
3 0.5763888888888888 0.3547486033519553 0.002777777777777778 0.0011173184357541898
3 0.31527777777777777 0.3536312849162011 0.002777777777777778 0.0011173184357541898
3 0.23055555555555557 0.33519553072625696 0.005555555555555556 0.0022346368715083797
3 0.4875 0.3139664804469274 0.008333333333333333 0.0022346368715083797
3 0.5694444444444444 0.31452513966480444 0.022222222222222223 0.01675977653631285
3 0.575 0.29832402234636873 0.005555555555555556 0.0067039106145251395
3 0.5791666666666667 0.2916201117318436 0.002777777777777778 0.0022346368715083797
3 0.5819444444444445 0.28547486033519553 0.002777777777777778 0.0033519553072625698
3 0.25972222222222224 0.2798882681564246 0.002777777777777778 0.0011173184357541898
3 0.5861111111111111 0.27932960893854747 0.005555555555555556 0.004469273743016759
3 0.2791666666666667 0.2759776536312849 0.008333333333333333 0.0022346368715083797
3 0.5930555555555556 0.27206703910614527 0.002777777777777778 0.0011173184357541898
3 0.32222222222222224 0.27318435754189946 0.022222222222222223 0.012290502793296089
3 0.5972222222222222 0.2670391061452514 0.005555555555555556 0.004469273743016759
3 0.34305555555555556 0.26424581005586595 0.002777777777777778 0.0011173184357541898
3 0.375 0.25921787709497207 0.005555555555555556 0.0022346368715083797
3 0.2861111111111111 0.26256983240223464 0.044444444444444446 0.024581005586592177
3 0.5583333333333333 0.25027932960893856 0.005555555555555556 0.0022346368715083797
3 0.30972222222222223 0.2508379888268156 0.008333333333333333 0.0033519553072625698
3 0.36527777777777776 0.24972067039106144 0.013888888888888888 0.00558659217877095
3 0.5361111111111111 0.24804469273743016 0.011111111111111112 0.004469273743016759
3 0.5402777777777777 0.2441340782122905 0.002777777777777778 0.0011173184357541898
3 0.48333333333333334 0.24022346368715083 0.005555555555555556 0.0022346368715083797
3 0.37777777777777777 0.24022346368715083 0.011111111111111112 0.004469273743016759
3 0.44722222222222224 0.23631284916201117 0.022222222222222223 0.00558659217877095
3 0.4361111111111111 0.23184357541899442 0.005555555555555556 0.0033519553072625698
3 0.37222222222222223 0.2324022346368715 0.016666666666666666 0.004469273743016759
3 0.47638888888888886 0.22905027932960895 0.019444444444444445 0.004469273743016759
3 0.45 0.22625698324022347 0.011111111111111112 0.0033519553072625698
3 0.4 0.22849162011173185 0.016666666666666666 0.00782122905027933
3 0.4097222222222222 0.22290502793296088 0.002777777777777778 0.0011173184357541898
3 0.5069444444444444 0.5050279329608939 0.7972222222222223 0.9385474860335196