3 0.4780405405405405 0.6190878378378378 0.0033783783783783786 0.005067567567567568
3 0.42905405405405406 0.6148648648648649 0.006756756756756757 0.0033783783783783786
3 0.49155405405405406 0.6081081081081081 0.0033783783783783786 0.0033783783783783786
3 0.49746621621621623 0.581081081081081 0.005067567567567568 0.0033783783783783786
3 0.5295608108108109 0.5481418918918919 0.0016891891891891893 0.0016891891891891893
3 0.09206081081081081 0.48986486486486486 0.015202702702702704 0.006756756756756757
3 0.1097972972972973 0.4822635135135135 0.013513513513513514 0.008445945945945946
3 0.581081081081081 0.47635135135135137 0.006756756756756757 0.006756756756756757
3 0.09966216216216216 0.42905405405405406 0.0033783783783783786 0.006756756756756757
3 0.12246621621621621 0.42567567567567566 0.015202702702702704 0.010135135135135136
3 0.0625 0.41131756756756754 0.010135135135135136 0.03547297297297297
3 0.06672297297297297 0.38682432432432434 0.005067567567567568 0.006756756756756757
3 0.18327702702702703 0.40033783783783783 0.06925675675675676 0.1858108108108108
3 0.5084459459459459 0.4864864864864865 0.9290540540540541 0.38175675675675674