3 0.013671875 0.953125 0.00390625 0.005208333333333333
3 0.001953125 0.9427083333333334 0.00390625 0.005208333333333333
3 0.11328125 0.7291666666666666 0.0078125 0.005208333333333333
3 0.0244140625 0.69140625 0.009765625 0.013020833333333334
3 0.0537109375 0.6184895833333334 0.005859375 0.0078125
3 0.2412109375 0.6145833333333334 0.001953125 0.005208333333333333
3 0.1142578125 0.5690104166666666 0.005859375 0.0078125
3 0.3564453125 0.328125 0.009765625 0.026041666666666668
3 0.0908203125 0.3203125 0.013671875 0.010416666666666666
3 0.353515625 0.11458333333333333 0.00390625 0.005208333333333333
3 0.5 0.5 1.0 1.0