3 0.509375 0.9722222222222222 0.0020833333333333333 0.005555555555555556
3 0.4739583333333333 0.9708333333333333 0.0020833333333333333 0.002777777777777778
3 0.3958333333333333 0.9722222222222222 0.004166666666666667 0.005555555555555556
3 0.38645833333333335 0.9722222222222222 0.010416666666666666 0.005555555555555556
3 0.403125 0.9666666666666667 0.0020833333333333333 0.005555555555555556
3 0.08854166666666667 0.9680555555555556 0.0020833333333333333 0.008333333333333333
3 0.36875 0.9666666666666667 0.008333333333333333 0.011111111111111112
3 0.403125 0.9541666666666667 0.0020833333333333333 0.002777777777777778
3 0.5104166666666666 0.9555555555555556 0.004166666666666667 0.011111111111111112
3 0.4635416666666667 0.9611111111111111 0.00625 0.022222222222222223
3 0.446875 0.9611111111111111 0.01875 0.022222222222222223
3 0.421875 0.9527777777777777 0.00625 0.005555555555555556
3 0.415625 0.9611111111111111 0.014583333333333334 0.022222222222222223
3 0.303125 0.9625 0.027083333333333334 0.025
3 0.21458333333333332 0.9638888888888889 0.008333333333333333 0.027777777777777776
3 0.203125 0.9625 0.00625 0.025
3 0.19479166666666667 0.9597222222222223 0.00625 0.019444444444444445
3 0.159375 0.9527777777777777 0.0020833333333333333 0.005555555555555556
3 0.1 0.9638888888888889 0.020833333333333332 0.027777777777777776
3 0.43125 0.9597222222222223 0.008333333333333333 0.025
3 0.271875 0.9625 0.027083333333333334 0.030555555555555555
3 0.23333333333333334 0.9666666666666667 0.016666666666666666 0.03888888888888889
3 0.18229166666666666 0.9611111111111111 0.00625 0.027777777777777776
3 0.49583333333333335 0.9597222222222223 0.016666666666666666 0.030555555555555555
3 0.4791666666666667 0.9583333333333334 0.0125 0.027777777777777776
3 0.3770833333333333 0.9527777777777777 0.008333333333333333 0.016666666666666666
3 0.16770833333333332 0.9611111111111111 0.014583333333333334 0.03333333333333333
3 0.24791666666666667 0.9569444444444445 0.008333333333333333 0.030555555555555555
3 0.31666666666666665 0.9555555555555556 0.025 0.03333333333333333
3 0.14895833333333333 0.9569444444444445 0.010416666666666666 0.03611111111111111
3 0.36666666666666664 0.9458333333333333 0.008333333333333333 0.019444444444444445
3 0.134375 0.9555555555555556 0.010416666666666666 0.03888888888888889
3 0.11979166666666667 0.9555555555555556 0.010416666666666666 0.03888888888888889
3 0.3458333333333333 0.9555555555555556 0.025 0.044444444444444446
3 0.040625 0.9583333333333334 0.08125 0.08333333333333333
3 0.4864583333333333 0.8111111111111111 0.035416666666666666 0.027777777777777776
3 0.7322916666666667 0.7916666666666666 0.00625 0.005555555555555556
3 0.496875 0.775 0.00625 0.005555555555555556
3 0.48333333333333334 0.7583333333333333 0.0625 0.044444444444444446
3 0.30625 0.6180555555555556 0.0125 0.013888888888888888
3 0.5791666666666667 0.5402777777777777 0.008333333333333333 0.008333333333333333
3 0.6302083333333334 0.5 0.010416666666666666 0.011111111111111112
3 0.6145833333333334 0.5 0.008333333333333333 0.022222222222222223
3 0.89375 0.4875 0.004166666666666667 0.002777777777777778
3 0.8083333333333333 0.4486111111111111 0.004166666666666667 0.002777777777777778
3 0.6697916666666667 0.425 0.00625 0.005555555555555556
3 0.6385416666666667 0.42777777777777776 0.010416666666666666 0.011111111111111112
3 0.6177083333333333 0.41805555555555557 0.0020833333333333333 0.002777777777777778
3 0.32916666666666666 0.41805555555555557 0.0125 0.008333333333333333
3 0.6416666666666667 0.4125 0.004166666666666667 0.002777777777777778
3 0.35520833333333335 0.4027777777777778 0.00625 0.005555555555555556
3 0.38958333333333334 0.38333333333333336 0.004166666666666667 0.005555555555555556
3 0.5 0.49722222222222223 1.0 0.7055555555555556