4 0.6350515463917525 0.19 0.004123711340206186 0.002857142857142857
4 0.920274914089347 0.15285714285714286 0.0013745704467353953 0.002857142857142857
4 0.8783505154639175 0.15285714285714286 0.0013745704467353953 0.002857142857142857
4 0.6821305841924399 0.1357142857142857 0.008934707903780068 0.002857142857142857
4 0.6202749140893471 0.12785714285714286 0.0006872852233676976 0.0014285714285714286
4 0.668041237113402 0.11642857142857142 0.0027491408934707906 0.0014285714285714286
4 0.6615120274914089 0.11571428571428571 0.003436426116838488 0.005714285714285714
4 0.7116838487972509 0.11142857142857143 0.004810996563573883 0.002857142857142857
4 0.7632302405498281 0.10428571428571429 0.002061855670103093 0.005714285714285714
4 0.5268041237113402 0.06642857142857143 0.0006872852233676976 0.0014285714285714286
4 0.7439862542955327 0.5164285714285715 0.5051546391752577 0.9585714285714285
4 0.25189003436426116 0.48928571428571427 0.49828178694158076 0.9671428571428572