4 0.54833984375 0.998046875 0.0048828125 0.00390625
4 0.5478515625 0.9931640625 0.001953125 0.001953125
4 0.55712890625 0.990234375 0.0029296875 0.001953125
4 0.328125 0.908203125 0.0078125 0.0078125
4 0.375 0.90625 0.0078125 0.01171875
4 0.30908203125 0.89990234375 0.0068359375 0.0048828125
4 0.185546875 0.89306640625 0.00390625 0.0029296875
4 0.2666015625 0.89599609375 0.01953125 0.0146484375
4 0.1689453125 0.89111328125 0.00390625 0.0048828125
4 0.1630859375 0.89111328125 0.005859375 0.0048828125
4 0.31396484375 0.89111328125 0.0087890625 0.0068359375
4 0.36376953125 0.8916015625 0.0166015625 0.009765625
4 0.10400390625 0.8876953125 0.0068359375 0.001953125
4 0.3349609375 0.8857421875 0.00390625 0.00390625
4 0.220703125 0.8837890625 0.00390625 0.005859375
4 0.1591796875 0.87939453125 0.001953125 0.0029296875
4 0.02978515625 0.87451171875 0.0009765625 0.0009765625
4 0.29736328125 0.875 0.0048828125 0.00390625
4 0.14697265625 0.87109375 0.0029296875 0.001953125
4 0.25830078125 0.87646484375 0.0166015625 0.0146484375
4 0.04296875 0.8759765625 0.015625 0.013671875
4 0.3505859375 0.8701171875 0.0078125 0.005859375
4 0.30029296875 0.8671875 0.0048828125 0.00390625
4 0.107421875 0.87158203125 0.03125 0.0126953125
4 0.263671875 0.8642578125 0.005859375 0.005859375
4 0.18408203125 0.86572265625 0.0068359375 0.0087890625
4 0.005859375 0.87060546875 0.01171875 0.0185546875
4 0.00146484375 0.861328125 0.0029296875 0.00390625
4 0.20458984375 0.8603515625 0.0048828125 0.00390625
4 0.275390625 0.861328125 0.0078125 0.0078125
4 0.23828125 0.8583984375 0.001953125 0.00390625
4 0.12158203125 0.859375 0.0029296875 0.005859375
4 0.31640625 0.86376953125 0.017578125 0.0166015625
4 0.29541015625 0.85595703125 0.0048828125 0.0068359375
4 0.00146484375 0.8544921875 0.0029296875 0.00390625
4 0.00537109375 0.8515625 0.0029296875 0.001953125
4 0.326171875 0.849609375 0.005859375 0.00390625
4 0.3037109375 0.849609375 0.009765625 0.009765625
4 0.2333984375 0.845703125 0.005859375 0.0078125
4 0.33544921875 0.84130859375 0.0087890625 0.0068359375
4 0.25341796875 0.84521484375 0.0146484375 0.0146484375
4 0.33203125 0.8369140625 0.001953125 0.001953125
4 0.2021484375 0.82958984375 0.001953125 0.0009765625
4 0.2841796875 0.8271484375 0.0078125 0.005859375
4 0.23291015625 0.8251953125 0.0048828125 0.005859375
4 0.1328125 0.82177734375 0.00390625 0.0029296875
4 0.2744140625 0.8203125 0.00390625 0.00390625
4 0.29296875 0.81787109375 0.01171875 0.0068359375
4 0.31591796875 0.80859375 0.0009765625 0.001953125
4 0.27783203125 0.8076171875 0.0048828125 0.005859375
4 0.29248046875 0.80712890625 0.0068359375 0.0068359375
4 0.2890625 0.79443359375 0.0078125 0.0048828125
4 0.24609375 0.79150390625 0.00390625 0.0029296875
4 0.2705078125 0.796875 0.01171875 0.01953125
4 0.2724609375 0.779296875 0.00390625 0.005859375
4 0.28515625 0.763671875 0.009765625 0.009765625
4 0.26708984375 0.7607421875 0.0048828125 0.005859375
4 0.27783203125 0.75341796875 0.0029296875 0.0029296875
4 0.28466796875 0.74267578125 0.0048828125 0.0029296875
4 0.244140625 0.701171875 0.001953125 0.001953125
4 0.04052734375 0.453125 0.0048828125 0.00390625
4 0.02880859375 0.447265625 0.0009765625 0.001953125
4 0.0439453125 0.44482421875 0.001953125 0.0009765625
4 0.05322265625 0.4404296875 0.0029296875 0.001953125
4 0.03466796875 0.44482421875 0.0087890625 0.0107421875
4 0.0224609375 0.4384765625 0.001953125 0.001953125
4 0.0595703125 0.4365234375 0.001953125 0.001953125
4 0.0439453125 0.43701171875 0.001953125 0.0029296875
4 0.029296875 0.43505859375 0.00390625 0.0048828125
4 0.0546875 0.4326171875 0.001953125 0.005859375
4 0.04931640625 0.42822265625 0.0009765625 0.0009765625
4 0.0185546875 0.4306640625 0.01171875 0.009765625
4 0.04638671875 0.423828125 0.0009765625 0.001953125
4 0.041015625 0.4228515625 0.001953125 0.001953125
4 0.03759765625 0.4189453125 0.0029296875 0.001953125
4 0.01318359375 0.4169921875 0.0048828125 0.00390625
4 0.015625 0.4130859375 0.001953125 0.001953125
4 0.00146484375 0.41357421875 0.0029296875 0.0048828125
4 0.0166015625 0.4072265625 0.001953125 0.00390625
4 0.05126953125 0.40380859375 0.0009765625 0.0009765625
4 0.00146484375 0.40283203125 0.0029296875 0.0048828125
4 0.01220703125 0.3994140625 0.0029296875 0.00390625
4 0.00146484375 0.39794921875 0.0029296875 0.0029296875
4 0.00830078125 0.38525390625 0.0009765625 0.0009765625
4 0.01611328125 0.384765625 0.0029296875 0.001953125
4 0.0009765625 0.380859375 0.001953125 0.00390625
4 0.0009765625 0.3720703125 0.001953125 0.001953125
4 0.00732421875 0.36279296875 0.0009765625 0.0009765625
4 0.0009765625 0.3603515625 0.001953125 0.00390625
4 0.02099609375 0.35791015625 0.0009765625 0.0009765625
4 0.01025390625 0.3603515625 0.0048828125 0.005859375
4 0.02392578125 0.3515625 0.0048828125 0.00390625
4 0.1181640625 0.30126953125 0.001953125 0.0009765625
4 0.1533203125 0.26611328125 0.001953125 0.0068359375
4 0.1552734375 0.25341796875 0.001953125 0.0009765625
4 0.16845703125 0.25 0.0029296875 0.00390625
4 0.16064453125 0.2509765625 0.0029296875 0.0078125
4 0.166015625 0.2431640625 0.001953125 0.001953125
4 0.1826171875 0.23388671875 0.00390625 0.0048828125
4 0.5 0.5 1.0 1.0