4 0.0125 0.33666666666666667 0.025 0.02
4 0.0125 0.3055555555555556 0.025 0.015555555555555555
4 0.155 0.20666666666666667 0.0025 0.0044444444444444444
4 0.125 0.1688888888888889 0.0025 0.0044444444444444444
4 0.108125 0.14777777777777779 0.00125 0.0022222222222222222
4 0.01 0.11444444444444445 0.02 0.02
4 0.278125 0.06555555555555556 0.02375 0.02
4 0.05 0.08222222222222222 0.1 0.10666666666666667
4 0.205 0.0077777777777777776 0.0075 0.006666666666666667
4 0.5 0.5 1.0 1.0
4 0.195 0.0033333333333333335 0.005 0.006666666666666667
4 0.001875 0.0044444444444444444 0.00375 0.008888888888888889