4 0.4015625 0.389375 0.001875 0.00125
4 0.58125 0.1840625 0.0075 0.001875
4 0.55125 0.1834375 0.0025 0.000625
4 0.4175 0.1796875 0.005 0.000625
4 0.37125 0.1775 0.00125 0.00125
4 0.7025 0.1621875 0.01125 0.005625
4 0.7103125 0.1584375 0.000625 0.000625
4 0.3090625 0.1590625 0.001875 0.001875
4 0.3275 0.1534375 0.00375 0.000625
4 0.5946875 0.12875 0.001875 0.00125
4 0.5125 0.3696875 0.40125 0.493125
4 0.585 0.1146875 0.01 0.009375
4 0.5959375 0.1090625 0.001875 0.001875
4 0.5625 0.1090625 0.005 0.001875
4 0.5525 0.1090625 0.005 0.001875
4 0.5675 0.104375 0.00375 0.00125
4 0.5275 0.104375 0.00375 0.00125
4 0.4584375 0.1234375 0.261875 0.043125