4 0.995 0.879375 0.01 0.005
4 0.9640625 0.8759375 0.000625 0.000625
4 0.990625 0.8675 0.015 0.01125
4 0.9778125 0.8553125 0.005625 0.004375
4 0.9446875 0.853125 0.005625 0.00375
4 0.9475 0.846875 0.005 0.00125
4 0.953125 0.8471875 0.005 0.003125
4 0.92375 0.8478125 0.00125 0.004375
4 0.9340625 0.8465625 0.011875 0.006875
4 0.92625 0.8421875 0.00125 0.004375
4 0.984375 0.8290625 0.0025 0.001875
4 0.925 0.82875 0.00625 0.00375
4 0.939375 0.825625 0.0025 0.0025
4 0.6359375 0.825 0.008125 0.00375
4 0.655625 0.818125 0.0025 0.0025
4 0.6303125 0.8165625 0.010625 0.006875
4 0.6503125 0.8140625 0.021875 0.011875
4 0.5409375 0.8084375 0.003125 0.003125
4 0.5475 0.806875 0.005 0.005
4 0.6325 0.8028125 0.005 0.001875
4 0.555625 0.8003125 0.00125 0.000625
4 0.58875 0.81375 0.0275 0.03375
4 0.5525 0.7978125 0.00125 0.003125
4 0.485 0.7959375 0.00125 0.001875
4 0.6671875 0.7940625 0.003125 0.003125
4 0.6478125 0.79125 0.004375 0.00125
4 0.6390625 0.79 0.000625 0.00125
4 0.4846875 0.7859375 0.001875 0.001875
4 0.578125 0.7875 0.0275 0.01125
4 0.606875 0.7809375 0.00125 0.000625
4 0.5525 0.7828125 0.00875 0.008125
4 0.6046875 0.78 0.009375 0.00625
4 0.47875 0.77625 0.00125 0.00125
4 0.5296875 0.769375 0.003125 0.0025
4 0.6321875 0.76625 0.004375 0.00125
4 0.5759375 0.7628125 0.001875 0.000625
4 0.4578125 0.7621875 0.003125 0.003125
4 0.648125 0.770625 0.02375 0.02125
4 0.6725 0.7621875 0.005 0.005625
4 0.5090625 0.759375 0.001875 0.00125
4 0.605625 0.7640625 0.0175 0.013125
4 0.5340625 0.760625 0.011875 0.0075
4 0.454375 0.755 0.00375 0.0025
4 0.6896875 0.754375 0.004375 0.0025
4 0.6675 0.755 0.005 0.00375
4 0.6521875 0.755 0.016875 0.00625
4 0.565625 0.761875 0.045 0.02125
4 0.58625 0.7496875 0.00125 0.000625
4 0.6284375 0.7540625 0.021875 0.010625
4 0.440625 0.7515625 0.015 0.005625
4 0.6115625 0.749375 0.001875 0.0025
4 0.6596875 0.748125 0.001875 0.00125
4 0.4628125 0.74875 0.001875 0.0025
4 0.481875 0.7496875 0.00375 0.005625
4 0.6484375 0.74875 0.005625 0.005
4 0.4546875 0.7453125 0.000625 0.000625
4 0.6684375 0.746875 0.013125 0.005
4 0.513125 0.744375 0.00125 0.00125
4 0.6784375 0.7453125 0.003125 0.004375
4 0.4528125 0.7434375 0.000625 0.000625
4 0.604375 0.7434375 0.00125 0.001875
4 0.50625 0.743125 0.00125 0.00125
4 0.6359375 0.744375 0.009375 0.005
4 0.5103125 0.7415625 0.000625 0.000625
4 0.500625 0.7425 0.005 0.0025
4 0.575625 0.74 0.00125 0.00125
4 0.4896875 0.7396875 0.000625 0.000625
4 0.5615625 0.7409375 0.004375 0.004375
4 0.5653125 0.7390625 0.001875 0.001875
4 0.6421875 0.7409375 0.014375 0.006875
4 0.5225 0.73875 0.0025 0.0025
4 0.5703125 0.73875 0.003125 0.00375
4 0.5840625 0.7375 0.003125 0.0025
4 0.474375 0.7378125 0.00625 0.003125
4 0.4903125 0.7365625 0.001875 0.001875
4 0.493125 0.7353125 0.0025 0.001875
4 0.4396875 0.7328125 0.001875 0.000625
4 0.67375 0.733125 0.0025 0.0025
4 0.483125 0.7325 0.00125 0.00125
4 0.6471875 0.73375 0.003125 0.005
4 0.5071875 0.73125 0.001875 0.00125
4 0.49125 0.7309375 0.00125 0.001875
4 0.66 0.73625 0.02125 0.015
4 0.4853125 0.7296875 0.001875 0.001875
4 0.4278125 0.71875 0.004375 0.005
4 0.4396875 0.71375 0.001875 0.00375
4 0.4440625 0.708125 0.001875 0.0025
4 0.9490625 0.7071875 0.008125 0.005625
4 0.4596875 0.6915625 0.008125 0.009375
4 0.4425 0.679375 0.00125 0.0025
4 0.994375 0.681875 0.01125 0.0125
4 0.4434375 0.6740625 0.000625 0.001875
4 0.97 0.67 0.01 0.00375
4 0.936875 0.6725 0.015 0.00875
4 0.4825 0.665625 0.0025 0.00375
4 0.933125 0.6625 0.0025 0.00375
4 0.9125 0.65375 0.005 0.00125
4 0.9525 0.6525 0.005 0.00875
4 0.9409375 0.6515625 0.008125 0.006875
4 0.465 0.655625 0.00625 0.015
4 0.4409375 0.6415625 0.000625 0.000625
4 0.4465625 0.64125 0.001875 0.00625
4 0.4425 0.636875 0.00125 0.0025
4 0.9890625 0.634375 0.003125 0.00125
4 0.7375 0.634375 0.005 0.0025
4 0.4434375 0.633125 0.001875 0.0025
4 0.96375 0.6321875 0.00125 0.004375
4 0.7490625 0.6303125 0.001875 0.001875
4 0.7825 0.629375 0.0025 0.0025
4 0.7209375 0.62875 0.008125 0.0025
4 0.951875 0.62 0.00625 0.00375
4 0.720625 0.616875 0.00125 0.00125
4 0.8340625 0.6159375 0.000625 0.000625
4 0.8534375 0.615 0.005625 0.0025
4 0.4503125 0.6140625 0.000625 0.000625
4 0.4515625 0.61125 0.000625 0.00125
4 0.7265625 0.61 0.001875 0.0025
4 0.7209375 0.6090625 0.000625 0.000625
4 0.95125 0.6071875 0.00625 0.005625
4 0.956875 0.6009375 0.00125 0.000625
4 0.36125 0.60125 0.0025 0.0025
4 0.94875 0.596875 0.00625 0.00625
4 0.9196875 0.5965625 0.019375 0.006875
4 0.4978125 0.583125 0.000625 0.00125
4 0.9359375 0.59 0.011875 0.02
4 0.44125 0.58 0.00375 0.00125
4 0.8209375 0.5775 0.001875 0.005
4 0.503125 0.5753125 0.0025 0.003125
4 0.445 0.5746875 0.00125 0.001875
4 0.0959375 0.5759375 0.009375 0.010625
4 0.11 0.57125 0.0075 0.0075
4 0.123125 0.5684375 0.00625 0.005625
4 0.4371875 0.565625 0.001875 0.0025
4 0.13625 0.5653125 0.00625 0.005625
4 0.1003125 0.563125 0.009375 0.005
4 0.44 0.561875 0.0025 0.00375
4 0.4584375 0.56 0.000625 0.00125
4 0.14875 0.5609375 0.00625 0.005625
4 0.160625 0.5584375 0.0025 0.001875
4 0.4659375 0.5546875 0.003125 0.001875
4 0.38875 0.5559375 0.02375 0.006875
4 0.353125 0.5525 0.005 0.0025
4 0.4021875 0.545625 0.001875 0.00125
4 0.4703125 0.545625 0.001875 0.0025
4 0.3775 0.5434375 0.005 0.001875
4 0.4559375 0.5421875 0.001875 0.001875
4 0.4078125 0.5421875 0.006875 0.005625
4 0.4728125 0.5390625 0.001875 0.001875
4 0.47625 0.5328125 0.00125 0.001875
4 0.4853125 0.524375 0.001875 0.0025
4 0.1028125 0.550625 0.205625 0.055
4 0.41 0.5175 0.0025 0.0025
4 0.456875 0.53375 0.02625 0.04375
4 0.4153125 0.511875 0.003125 0.00375
4 0.0075 0.513125 0.015 0.02625
4 0.3909375 0.4996875 0.000625 0.000625
4 0.3646875 0.49875 0.010625 0.005
4 0.409375 0.496875 0.0025 0.0025
4 0.3746875 0.4946875 0.000625 0.000625
4 0.268125 0.4971875 0.00625 0.006875
4 0.3759375 0.4853125 0.003125 0.003125
4 0.385625 0.468125 0.0025 0.0075
4 0.26 0.4784375 0.025 0.028125
4 0.390625 0.465 0.0025 0.00375
4 0.3840625 0.460625 0.003125 0.005
4 0.3671875 0.476875 0.028125 0.04
4 0.751875 0.3915625 0.03 0.026875
4 0.0721875 0.3128125 0.004375 0.001875
4 0.4475 0.29125 0.00375 0.00125
4 0.34875 0.2771875 0.0175 0.021875
4 0.140625 0.249375 0.0075 0.01125
4 0.5 0.613125 1.0 0.77375
4 0.11125 0.225 0.00125 0.0025
4 0.106875 0.22125 0.005 0.00125
4 0.13375 0.2175 0.00125 0.00375
4 0.13125 0.2125 0.00125 0.00375
4 0.1 0.1878125 0.00875 0.014375
4 0.1321875 0.1771875 0.005625 0.003125
4 0.138125 0.17 0.005 0.00375
4 0.1290625 0.1340625 0.011875 0.011875
4 0.1040625 0.1025 0.014375 0.01875
4 0.103125 0.0859375 0.00125 0.000625
4 0.076875 0.040625 0.0125 0.0175
4 0.138125 0.2240625 0.27625 0.448125