4 0.02875 0.8297222222222222 0.0025 0.0038888888888888888
4 0.0008333333333333334 0.8230555555555555 0.0016666666666666668 0.0016666666666666668
4 0.020416666666666666 0.8266666666666667 0.009166666666666667 0.011111111111111112
4 0.014166666666666666 0.8225 0.0033333333333333335 0.002777777777777778
4 0.35333333333333333 0.8197222222222222 0.02 0.02277777777777778
4 0.02125 0.8125 0.015833333333333335 0.011666666666666667
4 0.3179166666666667 0.7977777777777778 0.009166666666666667 0.01
4 0.7716666666666666 0.7661111111111111 0.008333333333333333 0.008888888888888889
4 0.007916666666666667 0.7861111111111111 0.015833333333333335 0.052222222222222225
4 0.7066666666666667 0.7475 0.0016666666666666668 0.0016666666666666668
4 0.2875 0.7444444444444445 0.005 0.008888888888888889
4 0.7220833333333333 0.7408333333333333 0.0025 0.002777777777777778
4 0.72875 0.7305555555555555 0.0125 0.013333333333333334
4 0.73375 0.7225 0.0008333333333333334 0.002777777777777778
4 0.015416666666666667 0.7133333333333334 0.0025 0.0022222222222222222
4 0.72875 0.7075 0.0025 0.0016666666666666668
4 0.005833333333333334 0.7169444444444445 0.011666666666666667 0.020555555555555556
4 0.2708333333333333 0.7047222222222222 0.0016666666666666668 0.0005555555555555556
4 0.27375 0.7027777777777777 0.0008333333333333334 0.0011111111111111111
4 0.0016666666666666668 0.6916666666666667 0.0033333333333333335 0.008888888888888889
4 0.24541666666666667 0.6688888888888889 0.0025 0.0011111111111111111
4 0.19541666666666666 0.7397222222222222 0.2375 0.18722222222222223
4 0.015416666666666667 0.6463888888888889 0.0025 0.002777777777777778
4 0.02125 0.6375 0.0008333333333333334 0.0005555555555555556
4 0.023333333333333334 0.6272222222222222 0.0033333333333333335 0.0033333333333333335
4 0.07083333333333333 0.6333333333333333 0.025 0.027777777777777776
4 0.02875 0.6188888888888889 0.004166666666666667 0.0033333333333333335
4 0.056666666666666664 0.6175 0.005 0.0038888888888888888
4 0.03125 0.6122222222222222 0.0025 0.0022222222222222222
4 0.020833333333333332 0.6066666666666667 0.0016666666666666668 0.0011111111111111111
4 0.06291666666666666 0.6016666666666667 0.0025 0.0022222222222222222
4 0.6804166666666667 0.5963888888888889 0.0008333333333333334 0.0005555555555555556
4 0.6804166666666667 0.5919444444444445 0.0008333333333333334 0.0005555555555555556
4 0.016666666666666666 0.6066666666666667 0.03333333333333333 0.044444444444444446
4 0.12333333333333334 0.5827777777777777 0.0016666666666666668 0.0011111111111111111
4 0.041666666666666664 0.5836111111111111 0.0033333333333333335 0.002777777777777778
4 0.020416666666666666 0.5825 0.005833333333333334 0.0038888888888888888
4 0.34958333333333336 0.5791666666666667 0.0008333333333333334 0.0005555555555555556
4 0.1525 0.5772222222222222 0.008333333333333333 0.006666666666666667
4 0.12166666666666667 0.5697222222222222 0.0033333333333333335 0.0016666666666666668
4 0.16083333333333333 0.5688888888888889 0.0016666666666666668 0.0022222222222222222
4 0.0475 0.5630555555555555 0.0016666666666666668 0.0016666666666666668
4 0.11666666666666667 0.5619444444444445 0.0033333333333333335 0.0016666666666666668
4 0.10416666666666667 0.5586111111111111 0.01 0.006111111111111111
4 0.027083333333333334 0.5569444444444445 0.0075 0.0038888888888888888
4 0.035833333333333335 0.5530555555555555 0.0016666666666666668 0.0005555555555555556
4 0.07375 0.5519444444444445 0.004166666666666667 0.002777777777777778
4 0.08875 0.5497222222222222 0.0025 0.0038888888888888888
4 0.0975 0.5491666666666667 0.01 0.009444444444444445
4 0.8020833333333334 0.5466666666666666 0.0125 0.015555555555555555
4 0.050833333333333335 0.5594444444444444 0.07333333333333333 0.04111111111111111
4 0.14625 0.5397222222222222 0.004166666666666667 0.0038888888888888888
4 0.15791666666666668 0.5344444444444445 0.004166666666666667 0.0022222222222222222
4 0.7658333333333334 0.5419444444444445 0.023333333333333334 0.018333333333333333
4 0.09416666666666666 0.5308333333333334 0.0016666666666666668 0.0005555555555555556
4 0.13208333333333333 0.5252777777777777 0.0008333333333333334 0.0005555555555555556
4 0.32875 0.5361111111111111 0.015833333333333335 0.025555555555555557
4 0.15 0.5247222222222222 0.0016666666666666668 0.002777777777777778
4 0.115 0.5308333333333334 0.008333333333333333 0.017222222222222222
4 0.14083333333333334 0.5233333333333333 0.0033333333333333335 0.0033333333333333335
4 0.15458333333333332 0.5202777777777777 0.0025 0.002777777777777778
4 0.7616666666666667 0.5177777777777778 0.0016666666666666668 0.0044444444444444444
4 0.13458333333333333 0.5108333333333334 0.004166666666666667 0.007222222222222222
4 0.14416666666666667 0.5102777777777778 0.01 0.012777777777777779
4 0.11916666666666667 0.5116666666666667 0.01 0.016666666666666666
4 0.09708333333333333 0.5147222222222222 0.015833333333333335 0.03277777777777778
4 0.21958333333333332 0.4963888888888889 0.0008333333333333334 0.0005555555555555556
4 0.034583333333333334 0.49666666666666665 0.004166666666666667 0.005555555555555556
4 0.15583333333333332 0.49472222222222223 0.0033333333333333335 0.002777777777777778
4 0.66375 0.49 0.0025 0.0022222222222222222
4 0.17291666666666666 0.5138888888888888 0.03916666666666667 0.056666666666666664
4 0.2175 0.4861111111111111 0.0033333333333333335 0.0033333333333333335
4 0.16125 0.4880555555555556 0.005833333333333334 0.008333333333333333
4 0.008333333333333333 0.4822222222222222 0.0033333333333333335 0.0022222222222222222
4 0.22541666666666665 0.4866666666666667 0.0125 0.015555555555555555
4 0.013333333333333334 0.47638888888888886 0.0033333333333333335 0.002777777777777778
4 0.23375 0.47305555555555556 0.004166666666666667 0.005
4 0.24291666666666667 0.46694444444444444 0.0025 0.002777777777777778
4 0.70125 0.4538888888888889 0.005833333333333334 0.0033333333333333335
4 0.32083333333333336 0.4463888888888889 0.0016666666666666668 0.0038888888888888888
4 0.0008333333333333334 0.4452777777777778 0.0016666666666666668 0.0016666666666666668
4 0.035 0.42777777777777776 0.0016666666666666668 0.0011111111111111111
4 0.030416666666666668 0.42083333333333334 0.0025 0.005
4 0.2654166666666667 0.41555555555555557 0.0008333333333333334 0.0011111111111111111
4 0.06625 0.4061111111111111 0.0008333333333333334 0.0011111111111111111
4 0.0075 0.41055555555555556 0.015 0.02
4 0.92375 0.40444444444444444 0.0075 0.014444444444444444
4 0.21541666666666667 0.39805555555555555 0.0025 0.0038888888888888888
4 0.02666666666666667 0.4063888888888889 0.02 0.02277777777777778
4 0.04125 0.3925 0.0025 0.002777777777777778
4 0.22125 0.3902777777777778 0.0075 0.008333333333333333
4 0.12916666666666668 0.3863888888888889 0.0033333333333333335 0.002777777777777778
4 0.13625 0.3827777777777778 0.004166666666666667 0.005555555555555556
4 0.21833333333333332 0.37916666666666665 0.0016666666666666668 0.0005555555555555556
4 0.11666666666666667 0.37972222222222224 0.0033333333333333335 0.0016666666666666668
4 0.14166666666666666 0.3738888888888889 0.005 0.008888888888888889
4 0.125 0.3663888888888889 0.008333333333333333 0.012777777777777779
4 0.99375 0.36666666666666664 0.0125 0.022222222222222223
4 0.995 0.3522222222222222 0.0016666666666666668 0.0022222222222222222
4 0.79375 0.3491666666666667 0.0008333333333333334 0.0005555555555555556
4 0.12291666666666666 0.3383333333333333 0.0025 0.0011111111111111111
4 0.22791666666666666 0.30666666666666664 0.0025 0.008888888888888889
4 0.2325 0.29944444444444446 0.0016666666666666668 0.0011111111111111111
4 0.5270833333333333 0.2997222222222222 0.015833333333333335 0.011666666666666667
4 0.23416666666666666 0.2922222222222222 0.006666666666666667 0.011111111111111112
4 0.28375 0.2847222222222222 0.0025 0.0016666666666666668
4 0.042083333333333334 0.2811111111111111 0.0008333333333333334 0.0011111111111111111
4 0.12833333333333333 0.2797222222222222 0.0033333333333333335 0.007222222222222222
4 0.2875 0.2783333333333333 0.0016666666666666668 0.005555555555555556
4 0.2808333333333333 0.2775 0.0016666666666666668 0.0038888888888888888
4 0.03666666666666667 0.27444444444444444 0.0016666666666666668 0.0011111111111111111
4 0.24375 0.275 0.0025 0.0033333333333333335
4 0.5504166666666667 0.25472222222222224 0.0025 0.0016666666666666668
4 0.5358333333333334 0.24972222222222223 0.0016666666666666668 0.0016666666666666668
4 0.5470833333333334 0.25 0.004166666666666667 0.0033333333333333335
4 0.13541666666666666 0.24666666666666667 0.0008333333333333334 0.0044444444444444444
4 0.155 0.24888888888888888 0.0033333333333333335 0.01
4 0.013333333333333334 0.24916666666666668 0.013333333333333334 0.010555555555555556
4 0.5220833333333333 0.245 0.004166666666666667 0.0033333333333333335
4 0.16083333333333333 0.25305555555555553 0.0033333333333333335 0.019444444444444445
4 0.027083333333333334 0.24194444444444443 0.0025 0.0016666666666666668
4 0.5404166666666667 0.24194444444444443 0.009166666666666667 0.009444444444444445
4 0.13541666666666666 0.23805555555555555 0.0008333333333333334 0.0038888888888888888
4 0.027916666666666666 0.2363888888888889 0.0008333333333333334 0.0005555555555555556
4 0.04125 0.235 0.0025 0.0022222222222222222
4 0.04791666666666667 0.23194444444444445 0.0025 0.0016666666666666668
4 0.12833333333333333 0.23222222222222222 0.0033333333333333335 0.0033333333333333335
4 0.5341666666666667 0.2325 0.005 0.005
4 0.4141666666666667 0.22333333333333333 0.0033333333333333335 0.0011111111111111111
4 0.03 0.2275 0.01 0.009444444444444445
4 0.04125 0.22333333333333333 0.0025 0.0022222222222222222
4 0.40041666666666664 0.2247222222222222 0.010833333333333334 0.007222222222222222
4 0.37416666666666665 0.21833333333333332 0.0016666666666666668 0.0011111111111111111
4 0.38416666666666666 0.21888888888888888 0.016666666666666666 0.01
4 0.10291666666666667 0.21388888888888888 0.004166666666666667 0.0011111111111111111
4 0.04041666666666666 0.21388888888888888 0.004166666666666667 0.0022222222222222222
4 0.04958333333333333 0.21833333333333332 0.0075 0.012222222222222223
4 0.017083333333333332 0.21388888888888888 0.004166666666666667 0.005555555555555556
4 0.7604166666666666 0.30583333333333335 0.27416666666666667 0.1938888888888889
4 0.43666666666666665 0.20333333333333334 0.008333333333333333 0.0033333333333333335
4 0.44208333333333333 0.20083333333333334 0.0008333333333333334 0.0005555555555555556
4 0.4170833333333333 0.205 0.034166666666666665 0.015555555555555555
4 0.3720833333333333 0.1975 0.0075 0.0038888888888888888
4 0.44083333333333335 0.19305555555555556 0.0016666666666666668 0.0016666666666666668
4 0.9054166666666666 0.1988888888888889 0.014166666666666666 0.016666666666666666
4 0.4579166666666667 0.19444444444444445 0.009166666666666667 0.008888888888888889
4 0.8025 0.19111111111111112 0.025 0.0077777777777777776
4 0.9158333333333334 0.18416666666666667 0.0033333333333333335 0.0038888888888888888
4 0.51625 0.1825 0.0025 0.0016666666666666668
4 0.06041666666666667 0.1827777777777778 0.0025 0.0022222222222222222
4 0.3275 0.17805555555555555 0.0033333333333333335 0.002777777777777778
4 0.5129166666666667 0.1775 0.0025 0.002777777777777778
4 0.41125 0.1786111111111111 0.009166666666666667 0.007222222222222222
4 0.059166666666666666 0.17444444444444446 0.0016666666666666668 0.0011111111111111111
4 0.05375 0.17472222222222222 0.0025 0.0016666666666666668
4 0.0016666666666666668 0.17472222222222222 0.0033333333333333335 0.0016666666666666668
4 0.04041666666666666 0.17416666666666666 0.005833333333333334 0.002777777777777778
4 0.4816666666666667 0.17527777777777778 0.006666666666666667 0.006111111111111111
4 0.37166666666666665 0.18166666666666667 0.01 0.01888888888888889
4 0.51375 0.17277777777777778 0.0025 0.0033333333333333335
4 0.5816666666666667 0.16944444444444445 0.01 0.0022222222222222222
4 0.5 0.1688888888888889 0.0033333333333333335 0.0022222222222222222
4 0.3825 0.17777777777777778 0.016666666666666666 0.02
4 0.32125 0.16833333333333333 0.0025 0.0011111111111111111
4 0.057916666666666665 0.1713888888888889 0.030833333333333334 0.007222222222222222
4 0.36 0.17055555555555554 0.006666666666666667 0.006666666666666667
4 0.4275 0.1875 0.085 0.041666666666666664
4 0.7091666666666666 0.18638888888888888 0.23 0.04055555555555555
4 0.39916666666666667 0.48833333333333334 0.65 0.6444444444444445