4 0.9903125 0.88 0.019375 0.005
4 0.93875 0.8640625 0.0025 0.001875
4 0.989375 0.8671875 0.01625 0.010625
4 0.98875 0.8565625 0.0075 0.001875
4 0.9775 0.8553125 0.005 0.004375
4 0.9446875 0.85375 0.008125 0.00375
4 0.950625 0.8465625 0.0075 0.003125
4 0.925 0.82875 0.005 0.0025
4 0.6375 0.8253125 0.00625 0.004375
4 0.93875 0.824375 0.00375 0.00375
4 0.628125 0.81625 0.01375 0.01
4 0.65 0.81375 0.0225 0.0125
4 0.54125 0.80875 0.0025 0.0025
4 0.5478125 0.80625 0.004375 0.0025
4 0.5525 0.7978125 0.0025 0.004375
4 0.64875 0.7909375 0.00125 0.000625
4 0.6390625 0.7909375 0.000625 0.000625
4 0.4846875 0.785625 0.001875 0.00125
4 0.5790625 0.7871875 0.028125 0.010625
4 0.5890625 0.7815625 0.000625 0.000625
4 0.5525 0.783125 0.01 0.0075
4 0.6434375 0.7790625 0.000625 0.000625
4 0.4703125 0.780625 0.004375 0.00375
4 0.6490625 0.7790625 0.005625 0.004375
4 0.60375 0.78 0.0075 0.00625
4 0.46125 0.7765625 0.0025 0.001875
4 0.51 0.7740625 0.005 0.000625
4 0.458125 0.7740625 0.00125 0.000625
4 0.6403125 0.7728125 0.006875 0.003125
4 0.529375 0.76875 0.00375 0.0025
4 0.631875 0.76625 0.00125 0.00125
4 0.546875 0.7659375 0.00625 0.005625
4 0.57625 0.7628125 0.0025 0.001875
4 0.5934375 0.761875 0.001875 0.00125
4 0.458125 0.7625 0.00375 0.0025
4 0.655 0.7678125 0.0125 0.018125
4 0.509375 0.759375 0.00125 0.00125
4 0.605625 0.76375 0.01625 0.01375
4 0.5353125 0.76 0.013125 0.00875
4 0.6903125 0.754375 0.003125 0.00125
4 0.4553125 0.7546875 0.005625 0.003125
4 0.6684375 0.7546875 0.003125 0.004375
4 0.6215625 0.75375 0.006875 0.00375
4 0.56625 0.7628125 0.04375 0.024375
4 0.6321875 0.75375 0.013125 0.01
4 0.58625 0.7496875 0.0025 0.001875
4 0.439375 0.75125 0.0125 0.005
4 0.651875 0.7528125 0.01875 0.009375
4 0.61125 0.7490625 0.0025 0.003125
4 0.4628125 0.7484375 0.001875 0.001875
4 0.481875 0.749375 0.00375 0.005
4 0.668125 0.7478125 0.01375 0.005625
4 0.4784375 0.7615625 0.058125 0.034375
4 0.454375 0.745 0.00125 0.00125
4 0.513125 0.744375 0.00125 0.00125
4 0.679375 0.7453125 0.005 0.004375
4 0.605 0.743125 0.00125 0.00125
4 0.506875 0.74375 0.00125 0.0025
4 0.635625 0.7446875 0.00875 0.005625
4 0.5003125 0.7425 0.004375 0.0025
4 0.575625 0.74 0.00125 0.00125
4 0.569375 0.74125 0.00625 0.005
4 0.49 0.739375 0.00125 0.00125
4 0.6425 0.740625 0.01375 0.00625
4 0.5840625 0.7378125 0.003125 0.003125
4 0.571875 0.7371875 0.00125 0.001875
4 0.474375 0.7378125 0.00625 0.003125
4 0.489375 0.736875 0.0025 0.0025
4 0.493125 0.7353125 0.0025 0.001875
4 0.674375 0.7325 0.00125 0.00125
4 0.5075 0.73125 0.00125 0.00125
4 0.6584375 0.7303125 0.000625 0.000625
4 0.49125 0.730625 0.00125 0.0025
4 0.4853125 0.7296875 0.001875 0.001875
4 0.4275 0.7184375 0.005 0.005625
4 0.4396875 0.7134375 0.001875 0.003125
4 0.4440625 0.70875 0.001875 0.005
4 0.9490625 0.7071875 0.008125 0.005625
4 0.4596875 0.6915625 0.009375 0.009375
4 0.9771875 0.68375 0.003125 0.0025
4 0.4425 0.67875 0.00125 0.0025
4 0.994375 0.6828125 0.01125 0.014375
4 0.98125 0.6765625 0.0025 0.001875
4 0.93625 0.6728125 0.0125 0.009375
4 0.9703125 0.67 0.010625 0.005
4 0.9925 0.6665625 0.005 0.001875
4 0.4825 0.665625 0.0025 0.00375
4 0.94625 0.651875 0.00125 0.00125
4 0.939375 0.651875 0.00625 0.00625
4 0.465 0.6559375 0.00625 0.014375
4 0.731875 0.63875 0.00125 0.00125
4 0.4465625 0.64125 0.001875 0.00625
4 0.988125 0.6340625 0.00125 0.000625
4 0.7375 0.6340625 0.005 0.001875
4 0.4428125 0.6359375 0.003125 0.006875
4 0.7490625 0.6303125 0.000625 0.000625
4 0.7559375 0.629375 0.004375 0.00125
4 0.72125 0.6290625 0.0075 0.003125
4 0.95375 0.6190625 0.0025 0.001875
4 0.896875 0.6165625 0.00375 0.001875
4 0.85375 0.615 0.005 0.0025
4 0.833125 0.6140625 0.00125 0.000625
4 0.9465625 0.6140625 0.001875 0.001875
4 0.93625 0.6140625 0.0025 0.001875
4 0.4515625 0.6109375 0.000625 0.001875
4 0.72625 0.609375 0.0025 0.00375
4 0.9515625 0.6071875 0.005625 0.004375
4 0.931875 0.6040625 0.00125 0.000625
4 0.3615625 0.60125 0.001875 0.0025
4 0.95125 0.5978125 0.0025 0.004375
4 0.92 0.595625 0.02 0.00625
4 0.7825 0.595 0.005 0.005
4 0.7946875 0.5971875 0.015625 0.013125
4 0.786875 0.58875 0.00375 0.0025
4 0.0878125 0.588125 0.003125 0.00125
4 0.4978125 0.583125 0.000625 0.00125
4 0.935 0.59 0.01 0.02
4 0.4415625 0.58 0.003125 0.00125
4 0.820625 0.5784375 0.00375 0.001875
4 0.445 0.5746875 0.00125 0.001875
4 0.0959375 0.57625 0.009375 0.01
4 0.11 0.5715625 0.00875 0.006875
4 0.123125 0.5684375 0.00625 0.005625
4 0.4371875 0.565625 0.001875 0.0025
4 0.13625 0.5653125 0.00625 0.005625
4 0.1 0.563125 0.01 0.005
4 0.44 0.561875 0.0025 0.00375
4 0.14875 0.5609375 0.00625 0.005625
4 0.1603125 0.5584375 0.001875 0.001875
4 0.333125 0.555 0.0025 0.00125
4 0.4659375 0.5546875 0.003125 0.003125
4 0.3890625 0.55625 0.023125 0.0075
4 0.355625 0.553125 0.00125 0.0025
4 0.4028125 0.5453125 0.000625 0.000625
4 0.4703125 0.545625 0.001875 0.0025
4 0.3771875 0.54375 0.004375 0.00125
4 0.4559375 0.5421875 0.001875 0.001875
4 0.4646875 0.541875 0.000625 0.0025
4 0.4078125 0.5421875 0.006875 0.005625
4 0.4728125 0.54 0.001875 0.00375
4 0.475625 0.5334375 0.00125 0.001875
4 0.4853125 0.524375 0.001875 0.00375
4 0.41 0.5175 0.0025 0.0025
4 0.456875 0.53375 0.02625 0.04375
4 0.4153125 0.511875 0.003125 0.00375
4 0.3625 0.5 0.00625 0.0025
4 0.1028125 0.5384375 0.205625 0.079375
4 0.3909375 0.49875 0.000625 0.00125
4 0.3690625 0.4971875 0.001875 0.001875
4 0.409375 0.496875 0.0025 0.0025
4 0.268125 0.4975 0.00625 0.00625
4 0.374375 0.4940625 0.00125 0.001875
4 0.3759375 0.485625 0.003125 0.0025
4 0.385625 0.468125 0.0025 0.0075
4 0.26 0.4784375 0.025 0.028125
4 0.3909375 0.465 0.001875 0.00375
4 0.3846875 0.460625 0.001875 0.00375
4 0.3675 0.47625 0.02875 0.04
4 0.7521875 0.3915625 0.030625 0.026875
4 0.11125 0.2740625 0.00125 0.000625
4 0.3484375 0.276875 0.016875 0.0225
4 0.39 0.2609375 0.00125 0.000625
4 0.1409375 0.24875 0.006875 0.01125
4 0.5 0.613125 1.0 0.77375
4 0.11125 0.225 0.00125 0.00375
4 0.1065625 0.22125 0.005625 0.00125
4 0.13375 0.2175 0.00125 0.00375
4 0.13125 0.213125 0.00125 0.0025
4 0.1 0.1878125 0.00875 0.014375
4 0.131875 0.1765625 0.005 0.003125
4 0.1384375 0.17 0.005625 0.00375
4 0.1284375 0.1346875 0.011875 0.011875
4 0.103125 0.101875 0.01625 0.01875
4 0.076875 0.0403125 0.0125 0.018125
4 0.138125 0.2246875 0.27625 0.449375