4 0.7412109375 0.99951171875 0.001953125 0.0009765625
4 0.6767578125 0.9990234375 0.001953125 0.001953125
4 0.71240234375 0.9970703125 0.0068359375 0.005859375
4 0.68603515625 0.974609375 0.0068359375 0.009765625
4 0.51220703125 0.91943359375 0.0009765625 0.0009765625
4 0.12841796875 0.9453125 0.2568359375 0.109375
4 0.001953125 0.88330078125 0.00390625 0.0166015625
4 0.0185546875 0.86376953125 0.001953125 0.0009765625
4 0.1982421875 0.86279296875 0.001953125 0.0009765625
4 0.0126953125 0.8623046875 0.009765625 0.0078125
4 0.04345703125 0.84765625 0.0029296875 0.00390625
4 0.12353515625 0.84326171875 0.0009765625 0.0009765625
4 0.10400390625 0.84423828125 0.0048828125 0.0029296875
4 0.5 0.5 1.0 1.0