4 0.22625 0.4353125 0.00125 0.001875
4 0.1796875 0.4303125 0.000625 0.000625
4 0.1353125 0.4203125 0.001875 0.000625
4 0.129375 0.4175 0.00125 0.00125
4 0.1103125 0.39875 0.001875 0.0025
4 0.1846875 0.3975 0.004375 0.0025
4 0.114375 0.3959375 0.00125 0.001875
4 0.341875 0.38625 0.00125 0.00125
4 0.503125 0.5790625 0.87875 0.396875
4 0.2846875 0.39125 0.130625 0.04
4 0.5378125 0.3709375 0.000625 0.000625
4 0.27625 0.369375 0.0175 0.00625
4 0.365 0.37875 0.0975 0.0275
4 0.320625 0.3675 0.3175 0.05375