4 0.54833984375 0.99609375 0.0068359375 0.0078125
4 0.32861328125 0.90869140625 0.0068359375 0.0068359375
4 0.375 0.90625 0.0078125 0.009765625
4 0.30859375 0.89990234375 0.005859375 0.0048828125
4 0.26708984375 0.89599609375 0.0185546875 0.0146484375
4 0.18603515625 0.8916015625 0.0048828125 0.005859375
4 0.16552734375 0.89111328125 0.0107421875 0.0048828125
4 0.31396484375 0.89111328125 0.0087890625 0.0068359375
4 0.36376953125 0.8916015625 0.0166015625 0.009765625
4 0.1044921875 0.88720703125 0.005859375 0.0029296875
4 0.3349609375 0.8857421875 0.00390625 0.00390625
4 0.220703125 0.8837890625 0.00390625 0.005859375
4 0.1591796875 0.87939453125 0.001953125 0.0029296875
4 0.29736328125 0.875 0.0048828125 0.00390625
4 0.14599609375 0.87109375 0.0029296875 0.001953125
4 0.25830078125 0.87646484375 0.0166015625 0.0146484375
4 0.0439453125 0.875 0.01171875 0.01171875
4 0.3505859375 0.8701171875 0.0078125 0.005859375
4 0.30078125 0.86767578125 0.005859375 0.0048828125
4 0.10693359375 0.87158203125 0.0302734375 0.0126953125
4 0.263671875 0.8642578125 0.005859375 0.005859375
4 0.18408203125 0.86572265625 0.0068359375 0.0087890625
4 0.005859375 0.8701171875 0.01171875 0.017578125
4 0.0009765625 0.86083984375 0.001953125 0.0029296875
4 0.2041015625 0.86083984375 0.00390625 0.0048828125
4 0.27490234375 0.861328125 0.0068359375 0.0078125
4 0.12158203125 0.85986328125 0.0029296875 0.0048828125
4 0.23876953125 0.8583984375 0.0029296875 0.00390625
4 0.31640625 0.86328125 0.017578125 0.015625
4 0.29541015625 0.85595703125 0.0048828125 0.0068359375
4 0.0009765625 0.85400390625 0.001953125 0.0029296875
4 0.00634765625 0.8505859375 0.0029296875 0.001953125
4 0.326171875 0.85009765625 0.005859375 0.0048828125
4 0.3037109375 0.849609375 0.009765625 0.009765625
4 0.2333984375 0.845703125 0.005859375 0.0078125
4 0.3359375 0.841796875 0.009765625 0.0078125
4 0.25341796875 0.8447265625 0.0146484375 0.013671875
4 0.33154296875 0.83642578125 0.0029296875 0.0009765625
4 0.20166015625 0.82958984375 0.0009765625 0.0009765625
4 0.2841796875 0.82666015625 0.0078125 0.0048828125
4 0.23291015625 0.8251953125 0.0048828125 0.005859375
4 0.13330078125 0.82177734375 0.0029296875 0.0029296875
4 0.27490234375 0.8203125 0.0029296875 0.00390625
4 0.28857421875 0.81591796875 0.0009765625 0.0009765625
4 0.29443359375 0.8173828125 0.0087890625 0.005859375
4 0.27685546875 0.80810546875 0.0048828125 0.0068359375
4 0.29248046875 0.806640625 0.0068359375 0.0078125
4 0.30859375 0.79736328125 0.001953125 0.0029296875
4 0.28857421875 0.794921875 0.0068359375 0.00390625
4 0.24609375 0.791015625 0.001953125 0.001953125
4 0.2705078125 0.79736328125 0.01171875 0.0185546875
4 0.27294921875 0.77978515625 0.0048828125 0.0068359375
4 0.28466796875 0.763671875 0.0087890625 0.009765625
4 0.26708984375 0.7607421875 0.0048828125 0.005859375
4 0.27783203125 0.7529296875 0.0029296875 0.001953125
4 0.24365234375 0.701171875 0.0009765625 0.001953125
4 0.056640625 0.4521484375 0.001953125 0.001953125
4 0.03369140625 0.44482421875 0.0068359375 0.0107421875
4 0.0224609375 0.4384765625 0.001953125 0.001953125
4 0.02880859375 0.435546875 0.0029296875 0.00390625
4 0.0556640625 0.43310546875 0.001953125 0.0048828125
4 0.0009765625 0.4140625 0.001953125 0.00390625
4 0.00439453125 0.40478515625 0.0009765625 0.0009765625
4 0.00732421875 0.40087890625 0.0009765625 0.0009765625
4 0.01220703125 0.3994140625 0.0029296875 0.001953125
4 0.001953125 0.40087890625 0.00390625 0.0087890625
4 0.1142578125 0.39013671875 0.001953125 0.0009765625
4 0.00048828125 0.380859375 0.0009765625 0.001953125
4 0.00048828125 0.37255859375 0.0009765625 0.0009765625
4 0.0009765625 0.35986328125 0.001953125 0.0029296875
4 0.009765625 0.35888671875 0.00390625 0.0029296875
4 0.01220703125 0.35400390625 0.0029296875 0.0029296875
4 0.02490234375 0.35107421875 0.0048828125 0.0029296875
4 0.15283203125 0.2685546875 0.0009765625 0.001953125
4 0.15283203125 0.26416015625 0.0009765625 0.0009765625
4 0.16064453125 0.25244140625 0.0009765625 0.0009765625
4 0.16064453125 0.2490234375 0.0009765625 0.001953125
4 0.18212890625 0.23486328125 0.0029296875 0.0029296875
4 0.177734375 0.23193359375 0.001953125 0.0029296875
4 0.5 0.5 1.0 1.0