4 0.800498753117207 0.999 0.004987531172069825 0.002
4 0.6122194513715711 0.999 0.0024937655860349127 0.002
4 0.5648379052369077 0.996 0.007481296758104738 0.008
4 0.5361596009975063 0.996 0.00997506234413965 0.008
4 0.5174563591022444 0.994 0.0024937655860349127 0.004
4 0.4389027431421446 0.996 0.00997506234413965 0.008
4 0.9301745635910225 0.995 0.004987531172069825 0.01
4 0.8678304239401496 0.992 0.0199501246882793 0.016
4 0.9887780548628429 0.991 0.022443890274314215 0.018
4 0.5461346633416458 0.987 0.00997506234413965 0.01
4 0.7531172069825436 0.99 0.06982543640897755 0.02
4 0.516209476309227 0.976 0.02493765586034913 0.02
4 0.7618453865336658 0.96 0.0024937655860349127 0.004
4 0.942643391521197 0.974 0.05486284289276808 0.052
4 0.9014962593516209 0.944 0.022443890274314215 0.012
4 0.8802992518703242 0.937 0.014962593516209476 0.01
4 0.8765586034912718 0.922 0.03740648379052369 0.016
4 0.9526184538653366 0.841 0.004987531172069825 0.002
4 0.9875311720698254 0.841 0.00997506234413965 0.006
4 0.7743142144638404 0.538 0.02743142144638404 0.028
4 0.05486284289276808 0.518 0.004987531172069825 0.004
4 0.05112219451371571 0.499 0.017456359102244388 0.006
4 0.8042394014962594 0.489 0.0024937655860349127 0.002
4 0.8478802992518704 0.428 0.00997506234413965 0.012
4 0.27057356608478805 0.367 0.0024937655860349127 0.002
4 0.24688279301745636 0.34 0.004987531172069825 0.004
4 0.2506234413965087 0.329 0.0024937655860349127 0.002
4 0.0024937655860349127 0.3 0.004987531172069825 0.004
4 0.01371571072319202 0.287 0.012468827930174564 0.01
4 0.7755610972568578 0.28 0.0199501246882793 0.028
4 0.7344139650872819 0.256 0.012468827930174564 0.024
4 0.0798004987531172 0.244 0.004987531172069825 0.004
4 0.02743142144638404 0.249 0.00997506234413965 0.014
4 0.743142144638404 0.204 0.014962593516209476 0.012
4 0.02493765586034913 0.149 0.04987531172069826 0.082
4 0.0798004987531172 0.067 0.0199501246882793 0.022
4 0.25561097256857856 0.043 0.007481296758104738 0.01
4 0.29925187032418954 0.043 0.014962593516209476 0.026
4 0.2119700748129676 0.012 0.00997506234413965 0.008
4 0.5 0.5 1.0 1.0
4 0.33790523690773067 0.019 0.032418952618453865 0.038
4 0.3092269326683292 0.013 0.0199501246882793 0.026
4 0.2730673316708229 0.012 0.022443890274314215 0.024
4 0.07107231920199501 0.066 0.14214463840399003 0.132