4 0.9088994565217391 0.6794375382107194 0.0001358695652173913 0.0004075810067250866
4 0.9074728260869566 0.6768901569186876 0.0002717391304347826 0.0006113715100876299
4 0.9092391304347827 0.6762787854086 0.0002717391304347826 0.0002037905033625433
4 0.9099864130434783 0.6743427756266558 0.0006793478260869565 0.002037905033625433
4 0.9084918478260869 0.672508661096393 0.0001358695652173913 0.0004075810067250866
4 0.9067255434782608 0.6715916038312615 0.0004076086956521739 0.0006113715100876299
4 0.9061141304347826 0.6715916038312615 0.0002717391304347826 0.0006113715100876299
4 0.9074728260869566 0.6708783370694925 0.0005434782608695652 0.0008151620134501732
4 0.9055706521739131 0.6702669655594049 0.0002717391304347826 0.0004075810067250866
4 0.9067255434782608 0.6701650703077237 0.0004076086956521739 0.0006113715100876299
4 0.904891304347826 0.6697574893009985 0.0002717391304347826 0.0002037905033625433
4 0.908695652173913 0.6694518035459548 0.0002717391304347826 0.0004075810067250866
4 0.904891304347826 0.6681271652740982 0.0002717391304347826 0.0002037905033625433
4 0.9078125 0.6682290605257795 0.0004076086956521739 0.0008151620134501732
4 0.9084918478260869 0.6671082127572855 0.0004076086956521739 0.0006113715100876299
4 0.9226222826086956 0.6670063175056042 0.0004076086956521739 0.0008151620134501732
4 0.9055027173913044 0.6668025270022417 0.0004076086956521739 0.0008151620134501732
4 0.9043478260869565 0.6663949459955166 0.0002717391304347826 0.0004075810067250866
4 0.904891304347826 0.6653759934787039 0.0002717391304347826 0.0004075810067250866
4 0.910258152173913 0.6648665172202975 0.0012228260869565218 0.0014265335235378032
4 0.9258152173913043 0.6486651722029754 0.0002717391304347826 0.0004075810067250866
4 0.9317255434782609 0.6302221316486651 0.0004076086956521739 0.0006113715100876299
4 0.916508152173913 0.6247197880578765 0.0004076086956521739 0.0010189525168127166
4 0.9788043478260869 0.575402486244141 0.0005434782608695652 0.0006113715100876299
4 0.9781929347826087 0.5741797432239658 0.0004076086956521739 0.0006113715100876299
4 0.9900135869565218 0.5707153046668025 0.0001358695652173913 0.0002037905033625433
4 0.9878396739130435 0.5707153046668025 0.0001358695652173913 0.0002037905033625433
4 0.9633152173913043 0.5781536580395353 0.07336956521739131 0.09659669859384552
4 0.5 0.5 1.0 1.0