4 0.9033333333333333 0.9988888888888889 0.03777777777777778 0.0022222222222222222
4 0.5461111111111111 0.9988888888888889 0.005555555555555556 0.0022222222222222222
4 0.9705555555555555 0.9983333333333333 0.016666666666666666 0.0033333333333333335
4 0.7733333333333333 0.965 0.44666666666666666 0.07
4 0.6294444444444445 0.47333333333333333 0.01888888888888889 0.013333333333333334
4 0.9133333333333333 0.3861111111111111 0.04 0.012222222222222223
4 0.8188888888888889 0.49833333333333335 0.34444444444444444 0.2788888888888889
4 0.9022222222222223 0.3605555555555556 0.006666666666666667 0.01888888888888889
4 0.9061111111111111 0.34833333333333333 0.0011111111111111111 0.0011111111111111111
4 0.8377777777777777 0.33166666666666667 0.15777777777777777 0.023333333333333334
4 0.18722222222222223 0.47833333333333333 0.3477777777777778 0.32555555555555554
4 0.16444444444444445 0.31333333333333335 0.0044444444444444444 0.0022222222222222222
4 0.21722222222222223 0.31333333333333335 0.09444444444444444 0.013333333333333334
4 0.505 0.47944444444444445 0.27 0.3566666666666667
4 0.49777777777777776 0.295 0.22666666666666666 0.025555555555555557