4 0.087890625 0.9997395833333333 0.00078125 0.0005208333333333333
4 0.2123046875 0.99921875 0.001953125 0.0015625
4 0.0900390625 0.99921875 0.001953125 0.0015625
4 0.260546875 0.9989583333333333 0.0015625 0.0020833333333333333
4 0.198828125 0.99765625 0.0015625 0.0015625
4 0.106640625 0.99765625 0.00078125 0.0015625
4 0.26328125 0.9973958333333334 0.0015625 0.0020833333333333333
4 0.28359375 0.9979166666666667 0.0046875 0.004166666666666667
4 0.2416015625 0.99765625 0.006640625 0.0046875
4 0.233984375 0.99765625 0.00625 0.0046875
4 0.094140625 0.996875 0.00546875 0.003125
4 0.2755859375 0.9955729166666667 0.001171875 0.0015625
4 0.2943359375 0.99453125 0.000390625 0.0005208333333333333
4 0.2701171875 0.9966145833333333 0.003515625 0.0046875
4 0.1673828125 0.99453125 0.001171875 0.0005208333333333333
4 0.1650390625 0.9958333333333333 0.002734375 0.003125
4 0.17890625 0.99375 0.0015625 0.0010416666666666667
4 0.2912109375 0.9947916666666666 0.004296875 0.005208333333333333
4 0.1810546875 0.9927083333333333 0.001171875 0.0010416666666666667
4 0.3009765625 0.9921875 0.000390625 0.0010416666666666667
4 0.298046875 0.9934895833333334 0.00234375 0.0036458333333333334
4 0.2775390625 0.99296875 0.002734375 0.0026041666666666665
4 0.1154296875 0.9919270833333333 0.001171875 0.0015625
4 0.2833984375 0.9927083333333333 0.005859375 0.004166666666666667
4 0.21953125 0.9953125 0.00625 0.009375
4 0.835546875 0.9903645833333333 0.00078125 0.0005208333333333333
4 0.265234375 0.990625 0.00078125 0.0010416666666666667
4 0.28984375 0.990625 0.0015625 0.0020833333333333333
4 0.28671875 0.9901041666666667 0.00078125 0.0010416666666666667
4 0.2732421875 0.9890625 0.001171875 0.0010416666666666667
4 0.2712890625 0.9903645833333333 0.001953125 0.0036458333333333334
4 0.2314453125 0.9942708333333333 0.016796875 0.011458333333333333
4 0.2140625 0.9911458333333333 0.00390625 0.005208333333333333
4 0.2435546875 0.9911458333333333 0.003515625 0.00625
4 0.14375 0.9888020833333333 0.00078125 0.0015625
4 0.2978515625 0.98828125 0.001171875 0.0015625
4 0.109765625 0.9877604166666667 0.00078125 0.0005208333333333333
4 0.2306640625 0.9880208333333333 0.001953125 0.0020833333333333333
4 0.0951171875 0.9877604166666667 0.001171875 0.0015625
4 0.1228515625 0.98671875 0.000390625 0.0005208333333333333
4 0.2626953125 0.9864583333333333 0.001171875 0.0010416666666666667
4 0.244140625 0.98671875 0.00078125 0.0015625
4 0.1947265625 0.9888020833333333 0.005078125 0.005729166666666666
4 0.2998046875 0.98671875 0.001953125 0.0026041666666666665
4 0.2927734375 0.9880208333333333 0.003515625 0.005208333333333333
4 0.2365234375 0.9861979166666667 0.001171875 0.0015625
4 0.1681640625 0.9859375 0.001171875 0.0010416666666666667
4 0.096875 0.9864583333333333 0.0015625 0.0020833333333333333
4 0.3060546875 0.9877604166666667 0.002734375 0.005729166666666666
4 0.23828125 0.9854166666666667 0.00078125 0.0010416666666666667
4 0.2310546875 0.98515625 0.001171875 0.0015625
4 0.1708984375 0.98515625 0.002734375 0.0015625
4 0.249609375 0.9919270833333333 0.0078125 0.016145833333333335
4 0.29296875 0.9841145833333333 0.00078125 0.0015625
4 0.28984375 0.9838541666666667 0.00078125 0.0010416666666666667
4 0.2443359375 0.9838541666666667 0.000390625 0.0010416666666666667
4 0.2828125 0.98671875 0.01171875 0.0078125
4 0.103125 0.98359375 0.0015625 0.0015625
4 0.246875 0.9828125 0.0015625 0.0020833333333333333
4 0.0962890625 0.9822916666666667 0.000390625 0.0010416666666666667
4 0.2740234375 0.9830729166666666 0.004296875 0.0036458333333333334
4 0.2537109375 0.9822916666666667 0.002734375 0.0020833333333333333
4 0.10546875 0.98203125 0.0015625 0.0015625
4 0.1783203125 0.9809895833333333 0.001171875 0.0005208333333333333
4 0.1755859375 0.98125 0.002734375 0.003125
4 0.2666015625 0.98203125 0.003515625 0.005729166666666666
4 0.24609375 0.9794270833333333 0.00078125 0.0005208333333333333
4 0.2541015625 0.9791666666666666 0.000390625 0.0010416666666666667
4 0.1828125 0.9796875 0.0015625 0.0020833333333333333
4 0.1873046875 0.9786458333333333 0.001171875 0.0010416666666666667
4 0.1671875 0.9802083333333333 0.00703125 0.004166666666666667
4 0.2685546875 0.978125 0.000390625 0.0010416666666666667
4 0.2482421875 0.9778645833333334 0.001953125 0.0015625
4 0.2408203125 0.9778645833333334 0.001171875 0.0015625
4 0.0287109375 0.978125 0.001171875 0.0020833333333333333
4 0.273046875 0.9770833333333333 0.00078125 0.0010416666666666667
4 0.2552734375 0.97734375 0.001953125 0.0015625
4 0.09921875 0.9778645833333334 0.00390625 0.0046875
4 0.2740234375 0.9752604166666666 0.000390625 0.0005208333333333333
4 0.104296875 0.9760416666666667 0.0015625 0.0020833333333333333
4 0.05234375 0.9778645833333334 0.00390625 0.005729166666666666
4 0.0357421875 0.975 0.000390625 0.0010416666666666667
4 0.2814453125 0.9736979166666667 0.000390625 0.0005208333333333333
4 0.133203125 0.9723958333333333 0.00078125 0.0010416666666666667
4 0.0322265625 0.97421875 0.005078125 0.005729166666666666
4 0.2771484375 0.9734375 0.004296875 0.005208333333333333
4 0.26875 0.9739583333333334 0.00390625 0.00625
4 0.108203125 0.9723958333333333 0.003125 0.003125
4 0.0490234375 0.9729166666666667 0.005078125 0.005208333333333333
4 0.1119140625 0.9708333333333333 0.001953125 0.0020833333333333333
4 0.1486328125 0.9700520833333334 0.001171875 0.0015625
4 0.26015625 0.9841145833333333 0.01484375 0.03177083333333333
4 0.1041015625 0.9682291666666667 0.001953125 0.0010416666666666667
4 0.1013671875 0.9692708333333333 0.002734375 0.003125
4 0.8037109375 0.9674479166666666 0.000390625 0.0005208333333333333
4 0.11640625 0.9677083333333333 0.00078125 0.0010416666666666667
4 0.0951171875 0.9671875 0.000390625 0.0010416666666666667
4 0.0908203125 0.9690104166666667 0.006640625 0.0046875
4 0.155078125 0.9666666666666667 0.00078125 0.0010416666666666667
4 0.1205078125 0.96640625 0.000390625 0.0005208333333333333
4 0.118359375 0.9666666666666667 0.00078125 0.0010416666666666667
4 0.039453125 0.9677083333333333 0.00390625 0.003125
4 0.156640625 0.9653645833333333 0.0015625 0.0015625
4 0.14453125 0.9658854166666667 0.00546875 0.0036458333333333334
4 0.148046875 0.9638020833333333 0.00078125 0.0005208333333333333
4 0.155859375 0.9635416666666666 0.00078125 0.0010416666666666667
4 0.1263671875 0.9627604166666667 0.000390625 0.0005208333333333333
4 0.044140625 0.96328125 0.0015625 0.0015625
4 0.1373046875 0.9627604166666667 0.001171875 0.0015625
4 0.1111328125 0.9640625 0.004296875 0.004166666666666667
4 0.0509765625 0.9651041666666667 0.005078125 0.00625
4 0.1287109375 0.9622395833333334 0.001171875 0.0015625
4 0.0548828125 0.9622395833333334 0.001171875 0.0015625
4 0.137890625 0.9609375 0.00078125 0.0010416666666666667
4 0.1236328125 0.9630208333333333 0.004296875 0.005208333333333333
4 0.0384765625 0.9606770833333333 0.001171875 0.0015625
4 0.109375 0.9591145833333333 0.00078125 0.0005208333333333333
4 0.0404296875 0.959375 0.000390625 0.0010416666666666667
4 0.105859375 0.96015625 0.00546875 0.0036458333333333334
4 0.1330078125 0.9596354166666666 0.005859375 0.0046875
4 0.1208984375 0.9588541666666667 0.005078125 0.003125
4 0.0423828125 0.9572916666666667 0.001953125 0.0020833333333333333
4 0.0357421875 0.9559895833333333 0.000390625 0.0005208333333333333
4 0.03671875 0.9549479166666667 0.00078125 0.0015625
4 0.12734375 0.9549479166666667 0.0046875 0.0046875
4 0.0466796875 0.9528645833333333 0.000390625 0.0005208333333333333
4 0.7798828125 0.9526041666666667 0.001171875 0.0020833333333333333
4 0.073046875 0.9533854166666667 0.00625 0.0046875
4 0.84453125 0.94921875 0.0015625 0.0015625
4 0.050390625 0.9502604166666667 0.0046875 0.0036458333333333334
4 0.0533203125 0.9479166666666666 0.000390625 0.0010416666666666667
4 0.87578125 0.9473958333333333 0.00078125 0.0010416666666666667
4 0.051953125 0.9471354166666667 0.0015625 0.0015625
4 0.0546875 0.9541666666666667 0.01875 0.016666666666666666
4 0.8697265625 0.9463541666666667 0.001171875 0.0020833333333333333
4 0.0568359375 0.9450520833333333 0.005859375 0.0046875
4 0.0580078125 0.94140625 0.000390625 0.0005208333333333333
4 0.8736328125 0.94296875 0.004296875 0.0046875
4 0.7302734375 0.93828125 0.000390625 0.0005208333333333333
4 0.8783203125 0.93828125 0.001953125 0.0015625
4 0.884765625 0.9346354166666667 0.00078125 0.0005208333333333333
4 0.7291015625 0.9354166666666667 0.001171875 0.0020833333333333333
4 0.8814453125 0.9346354166666667 0.001171875 0.0015625
4 0.735546875 0.9361979166666666 0.00390625 0.0046875
4 0.8830078125 0.93359375 0.001171875 0.0015625
4 0.726953125 0.9317708333333333 0.00078125 0.0010416666666666667
4 0.8869140625 0.9302083333333333 0.001171875 0.0010416666666666667
4 0.771875 0.9296875 0.0015625 0.0020833333333333333
4 0.9 0.93046875 0.0078125 0.005729166666666666
4 0.1630859375 0.9278645833333333 0.001953125 0.0026041666666666665
4 0.9669921875 0.9263020833333333 0.001953125 0.0015625
4 0.962890625 0.92578125 0.00078125 0.0005208333333333333
4 0.890234375 0.9263020833333333 0.0015625 0.0015625
4 0.921484375 0.9255208333333333 0.0015625 0.0010416666666666667
4 0.95546875 0.9255208333333333 0.0015625 0.0020833333333333333
4 0.9392578125 0.92421875 0.000390625 0.0005208333333333333
4 0.1591796875 0.9231770833333334 0.002734375 0.0015625
4 0.1421875 0.9135416666666667 0.00078125 0.0010416666666666667
4 0.85625 0.9559895833333333 0.2875 0.08802083333333334
4 0.686328125 0.91328125 0.0015625 0.0026041666666666665
4 0.6900390625 0.9130208333333333 0.004296875 0.003125
4 0.695703125 0.9138020833333333 0.00390625 0.005729166666666666
4 0.7060546875 0.9171875 0.015234375 0.014583333333333334
4 0.6845703125 0.9106770833333333 0.001171875 0.0015625
4 0.6783203125 0.9088541666666666 0.000390625 0.0010416666666666667
4 0.6853515625 0.90859375 0.001171875 0.0015625
4 0.6830078125 0.9080729166666667 0.000390625 0.0005208333333333333
4 0.688671875 0.9078125 0.00078125 0.0010416666666666667
4 0.692578125 0.9057291666666667 0.0015625 0.0020833333333333333
4 0.7013671875 0.9033854166666667 0.001171875 0.0015625
4 0.6814453125 0.9028645833333333 0.000390625 0.0005208333333333333
4 0.076953125 0.9028645833333333 0.00078125 0.0005208333333333333
4 0.6650390625 0.90234375 0.000390625 0.0005208333333333333
4 0.68671875 0.9015625 0.00078125 0.0010416666666666667
4 0.696875 0.9018229166666667 0.00234375 0.0026041666666666665
4 0.684765625 0.9 0.00078125 0.0010416666666666667
4 0.66953125 0.9002604166666667 0.0015625 0.0015625
4 0.683984375 0.8979166666666667 0.00078125 0.0010416666666666667
4 0.0611328125 0.8981770833333333 0.001171875 0.0015625
4 0.67890625 0.896875 0.00078125 0.0010416666666666667
4 0.04453125 0.89453125 0.00078125 0.0015625
4 0.7177734375 0.8940104166666667 0.003515625 0.0026041666666666665
4 0.02109375 0.88984375 0.00078125 0.0005208333333333333
4 0.0287109375 0.8893229166666666 0.002734375 0.0026041666666666665
4 0.9939453125 0.88515625 0.000390625 0.0005208333333333333
4 0.9904296875 0.88515625 0.002734375 0.0026041666666666665
4 0.99765625 0.8854166666666666 0.0046875 0.005208333333333333
4 0.0373046875 0.88359375 0.001171875 0.0015625
4 0.0251953125 0.884375 0.006640625 0.003125
4 0.1302734375 0.9401041666666666 0.260546875 0.11979166666666667
4 0.01015625 0.8815104166666666 0.00546875 0.0046875
4 0.9880859375 0.87890625 0.000390625 0.0005208333333333333
4 0.0203125 0.8799479166666667 0.00546875 0.0036458333333333334
4 0.044140625 0.878125 0.00078125 0.0010416666666666667
4 0.032421875 0.878125 0.00078125 0.0010416666666666667
4 0.9767578125 0.8768229166666667 0.000390625 0.0005208333333333333
4 0.9828125 0.8770833333333333 0.00234375 0.003125
4 0.0056640625 0.8760416666666667 0.001953125 0.0020833333333333333
4 0.96953125 0.8744791666666667 0.00078125 0.0010416666666666667
4 0.9552734375 0.87421875 0.000390625 0.0005208333333333333
4 0.640234375 0.87421875 0.00078125 0.0015625
4 0.7154296875 0.8739583333333333 0.001953125 0.0020833333333333333
4 0.0177734375 0.8739583333333333 0.002734375 0.0020833333333333333
4 0.9669921875 0.8729166666666667 0.000390625 0.0010416666666666667
4 0.944140625 0.8713541666666667 0.00078125 0.0010416666666666667
4 0.6236328125 0.8713541666666667 0.000390625 0.0010416666666666667
4 0.0017578125 0.8708333333333333 0.003515625 0.004166666666666667
4 0.0337890625 0.86796875 0.000390625 0.0005208333333333333
4 0.0126953125 0.86875 0.003515625 0.003125
4 0.628515625 0.8705729166666667 0.00390625 0.0109375
4 0.0064453125 0.8651041666666667 0.000390625 0.0010416666666666667
4 0.0048828125 0.86484375 0.000390625 0.0005208333333333333
4 0.633203125 0.8653645833333333 0.00234375 0.0026041666666666665
4 0.008984375 0.8635416666666667 0.00078125 0.0010416666666666667
4 0.61875 0.8653645833333333 0.0109375 0.008854166666666666
4 0.570703125 0.8604166666666667 0.00078125 0.0010416666666666667
4 0.569140625 0.8606770833333334 0.00078125 0.0015625
4 0.6076171875 0.8622395833333333 0.010546875 0.0067708333333333336
4 0.5740234375 0.8596354166666667 0.003515625 0.0026041666666666665
4 0.56328125 0.8591145833333333 0.00078125 0.0015625
4 0.5859375 0.8598958333333333 0.0046875 0.004166666666666667
4 0.594921875 0.86015625 0.009375 0.005729166666666666
4 0.58125 0.8596354166666667 0.00234375 0.0046875
4 0.003515625 0.85859375 0.00234375 0.0026041666666666665
4 0.56875 0.8575520833333333 0.0015625 0.0015625
4 0.5626953125 0.8567708333333334 0.000390625 0.0010416666666666667
4 0.8564453125 0.8567708333333334 0.001171875 0.0020833333333333333
4 0.01484375 0.8567708333333334 0.00234375 0.0020833333333333333
4 0.8798828125 0.8536458333333333 0.001171875 0.0010416666666666667
4 0.8734375 0.853125 0.00078125 0.0010416666666666667
4 0.8611328125 0.8526041666666667 0.001953125 0.0020833333333333333
4 0.0333984375 0.84921875 0.000390625 0.0005208333333333333
4 0.023046875 0.8497395833333333 0.0015625 0.0015625
4 0.8732421875 0.8481770833333333 0.000390625 0.0005208333333333333
4 0.8666015625 0.8481770833333333 0.004296875 0.0026041666666666665
4 0.01875 0.84375 0.00078125 0.0010416666666666667
4 0.040234375 0.84296875 0.0015625 0.0015625
4 0.8541015625 0.8424479166666666 0.001171875 0.0015625
4 0.0294921875 0.8432291666666667 0.001953125 0.003125
4 0.005078125 0.8473958333333333 0.01015625 0.011458333333333333
4 0.8521484375 0.8419270833333333 0.001953125 0.0015625
4 0.0314453125 0.8416666666666667 0.000390625 0.0010416666666666667
4 0.847265625 0.84140625 0.00234375 0.0026041666666666665
4 0.9916015625 0.8393229166666667 0.000390625 0.0005208333333333333
4 0.024609375 0.8390625 0.00234375 0.003125
4 0.8359375 0.8377604166666667 0.003125 0.0026041666666666665
4 0.8328125 0.8372395833333334 0.00078125 0.0015625
4 0.02734375 0.83671875 0.00234375 0.0026041666666666665
4 0.0361328125 0.8364583333333333 0.004296875 0.00625
4 0.0486328125 0.8354166666666667 0.005078125 0.005208333333333333
4 0.816015625 0.8322916666666667 0.0015625 0.0020833333333333333
4 0.0658203125 0.8302083333333333 0.001171875 0.0020833333333333333
4 0.7931640625 0.8278645833333333 0.000390625 0.0005208333333333333
4 0.1005859375 0.8270833333333333 0.001171875 0.0010416666666666667
4 0.0568359375 0.82890625 0.005078125 0.005729166666666666
4 0.7689453125 0.8263020833333333 0.001953125 0.0015625
4 0.7642578125 0.82421875 0.002734375 0.0015625
4 0.6380859375 0.8197916666666667 0.000390625 0.0010416666666666667
4 0.1599609375 0.8140625 0.000390625 0.0010416666666666667
4 0.7330078125 0.8138020833333334 0.002734375 0.0015625
4 0.18203125 0.8135416666666667 0.00078125 0.0010416666666666667
4 0.30078125 0.8122395833333333 0.00234375 0.0015625
4 0.6375 0.8114583333333333 0.0015625 0.0010416666666666667
4 0.3060546875 0.80859375 0.001953125 0.0015625
4 0.4853515625 0.8059895833333334 0.000390625 0.0005208333333333333
4 0.2671875 0.80625 0.00078125 0.0010416666666666667
4 0.469140625 0.8057291666666667 0.00078125 0.0010416666666666667
4 0.3236328125 0.8057291666666667 0.001171875 0.0010416666666666667
4 0.4580078125 0.8049479166666667 0.000390625 0.0005208333333333333
4 0.4498046875 0.8049479166666667 0.000390625 0.0005208333333333333
4 0.4013671875 0.8052083333333333 0.000390625 0.0010416666666666667
4 0.7083984375 0.80546875 0.002734375 0.0036458333333333334
4 0.412109375 0.8041666666666667 0.00078125 0.0010416666666666667
4 0.4455078125 0.80390625 0.001171875 0.0015625
4 0.4076171875 0.8036458333333333 0.000390625 0.0010416666666666667
4 0.4861328125 0.8028645833333333 0.000390625 0.0005208333333333333
4 0.4697265625 0.8033854166666666 0.000390625 0.0015625
4 0.5314453125 0.8028645833333333 0.001171875 0.0015625
4 0.446875 0.8026041666666667 0.00078125 0.0010416666666666667
4 0.6626953125 0.7997395833333333 0.000390625 0.0005208333333333333
4 0.5029296875 0.8005208333333333 0.001171875 0.003125
4 0.6748046875 0.7997395833333333 0.003515625 0.0026041666666666665
4 0.1580078125 0.79765625 0.000390625 0.0005208333333333333
4 0.6189453125 0.7966145833333333 0.000390625 0.0005208333333333333
4 0.5978515625 0.796875 0.003515625 0.003125
4 0.6576171875 0.7958333333333333 0.001171875 0.0020833333333333333
4 0.6076171875 0.7950520833333333 0.000390625 0.0005208333333333333
4 0.1365234375 0.7940104166666667 0.000390625 0.0005208333333333333
4 0.19296875 0.7877604166666666 0.0015625 0.0015625
4 0.0859375 0.7846354166666667 0.0015625 0.0015625
4 0.0759765625 0.7841145833333333 0.000390625 0.0005208333333333333
4 0.05703125 0.78359375 0.00078125 0.0005208333333333333
4 0.06640625 0.7828125 0.00078125 0.0010416666666666667
4 0.042578125 0.77890625 0.00234375 0.0015625
4 0.033203125 0.7783854166666667 0.00234375 0.0015625
4 0.0234375 0.7778645833333333 0.00234375 0.0026041666666666665
4 0.183203125 0.7763020833333333 0.0015625 0.0015625
4 0.1662109375 0.7736979166666667 0.000390625 0.0005208333333333333
4 0.0587890625 0.7731770833333333 0.000390625 0.0005208333333333333
4 0.048828125 0.7731770833333333 0.003125 0.0026041666666666665
4 0.0390625 0.7729166666666667 0.00234375 0.0020833333333333333
4 0.037109375 0.7723958333333333 0.0015625 0.0010416666666666667
4 0.0193359375 0.7729166666666667 0.001953125 0.0020833333333333333
4 0.00859375 0.77265625 0.0046875 0.0026041666666666665
4 0.0404296875 0.7708333333333334 0.001171875 0.0010416666666666667
4 0.020703125 0.7705729166666667 0.0015625 0.0015625
4 0.0927734375 0.7684895833333333 0.000390625 0.0005208333333333333
4 0.08515625 0.76875 0.00078125 0.0010416666666666667
4 0.0658203125 0.7684895833333333 0.001171875 0.0015625
4 0.0734375 0.7677083333333333 0.00078125 0.0010416666666666667
4 0.5 0.44140625 1.0 0.8828125