4 0.9661458333333334 0.28515625 0.015625 0.0078125
4 0.8541666666666666 0.203125 0.03125 0.0078125
4 0.8072916666666666 0.15625 0.0625 0.046875
4 0.9505208333333334 0.119140625 0.036458333333333336 0.02734375
4 0.8177083333333334 0.08984375 0.010416666666666666 0.0078125
4 0.75 0.09375 0.08333333333333333 0.0625
4 0.6875 0.0546875 0.03125 0.0078125
4 0.9973958333333334 0.04296875 0.005208333333333333 0.0078125
4 0.8463541666666666 0.04296875 0.015625 0.0078125
4 0.9088541666666666 0.0234375 0.005208333333333333 0.0078125
4 0.9427083333333334 0.017578125 0.020833333333333332 0.01171875
4 0.953125 0.00390625 0.010416666666666666 0.0078125
4 0.921875 0.00390625 0.020833333333333332 0.0078125
4 0.8984375 0.0078125 0.015625 0.015625
4 0.6979166666666666 0.021484375 0.14583333333333334 0.04296875
4 0.5755208333333334 0.001953125 0.005208333333333333 0.00390625
4 0.5260416666666666 0.005859375 0.03125 0.01171875
4 0.5 0.5 1.0 1.0