4 0.5205382436260623 0.8873626373626373 0.007082152974504249 0.005494505494505495
4 0.4688385269121813 0.891941391941392 0.0113314447592068 0.014652014652014652
4 0.2507082152974504 0.8708791208791209 0.0056657223796034 0.005494505494505495
4 0.43059490084985835 0.8653846153846154 0.0028328611898017 0.0018315018315018315
4 0.40226628895184136 0.8681318681318682 0.0056657223796034 0.007326007326007326
4 0.37039660056657225 0.8663003663003663 0.00424929178470255 0.007326007326007326
4 0.25920679886685555 0.8598901098901099 0.0056657223796034 0.005494505494505495
4 0.2443342776203966 0.8598901098901099 0.007082152974504249 0.009157509157509158
4 0.1990084985835694 0.858058608058608 0.00141643059490085 0.005494505494505495
4 0.26345609065155806 0.8525641025641025 0.0028328611898017 0.005494505494505495
4 0.23796033994334279 0.8534798534798534 0.0113314447592068 0.01098901098901099
4 0.22875354107648727 0.8470695970695971 0.00424929178470255 0.005494505494505495
4 0.3803116147308782 0.8406593406593407 0.00424929178470255 0.003663003663003663
4 0.37464589235127477 0.8397435897435898 0.00141643059490085 0.0018315018315018315
4 0.25424929178470257 0.8406593406593407 0.00424929178470255 0.003663003663003663
4 0.5361189801699717 0.8397435897435898 0.015580736543909348 0.005494505494505495
4 0.523371104815864 0.8360805860805861 0.00141643059490085 0.0018315018315018315
4 0.3434844192634561 0.8424908424908425 0.00424929178470255 0.014652014652014652
4 0.24079320113314448 0.8360805860805861 0.0028328611898017 0.0018315018315018315
4 0.221671388101983 0.8379120879120879 0.00424929178470255 0.005494505494505495
4 0.221671388101983 0.8324175824175825 0.00141643059490085 0.0018315018315018315
4 0.3271954674220963 0.8351648351648352 0.0226628895184136 0.01098901098901099
4 0.29461756373937675 0.8315018315018315 0.0028328611898017 0.003663003663003663
4 0.5573654390934845 0.8342490842490843 0.018413597733711047 0.01282051282051282
4 0.2386685552407932 0.825091575091575 0.00141643059490085 0.005494505494505495
4 0.23371104815864022 0.8186813186813187 0.0056657223796034 0.003663003663003663
4 0.3045325779036827 0.8324175824175825 0.0169971671388102 0.0347985347985348
4 0.22308781869688385 0.8095238095238095 0.00141643059490085 0.003663003663003663
4 0.18980169971671387 0.804945054945055 0.0056657223796034 0.005494505494505495
4 0.29036827195467424 0.8021978021978022 0.0028328611898017 0.003663003663003663
4 0.21388101983002833 0.7976190476190477 0.0113314447592068 0.01282051282051282
4 0.18413597733711048 0.7902930402930403 0.0028328611898017 0.005494505494505495
4 0.20609065155807366 0.7847985347985348 0.00141643059490085 0.0018315018315018315
4 0.19830028328611898 0.7811355311355311 0.0028328611898017 0.0018315018315018315
4 0.1678470254957507 0.7774725274725275 0.00141643059490085 0.0018315018315018315
4 0.2669971671388102 0.771978021978022 0.00141643059490085 0.0018315018315018315
4 0.5007082152974505 0.7728937728937729 0.032577903682719546 0.007326007326007326
4 0.17988668555240794 0.7692307692307693 0.0028328611898017 0.003663003663003663
4 0.18413597733711048 0.7646520146520146 0.0028328611898017 0.005494505494505495
4 0.1990084985835694 0.8269230769230769 0.09490084985835694 0.13003663003663005
4 0.13101983002832862 0.739010989010989 0.00141643059490085 0.0018315018315018315
4 0.22521246458923513 0.782967032967033 0.11614730878186968 0.1446886446886447
4 0.14022662889518414 0.7115384615384616 0.0028328611898017 0.005494505494505495
4 0.306657223796034 0.7197802197802198 0.026912181303116147 0.029304029304029304
4 0.17280453257790368 0.7051282051282052 0.0056657223796034 0.007326007326007326
4 0.28895184135977336 0.7005494505494505 0.0056657223796034 0.005494505494505495
4 0.28257790368271957 0.6932234432234432 0.00424929178470255 0.005494505494505495
4 0.2762039660056657 0.6877289377289377 0.0056657223796034 0.005494505494505495
4 0.16643059490084985 0.6877289377289377 0.007082152974504249 0.005494505494505495
4 0.26841359773371104 0.6785714285714286 0.009915014164305949 0.009157509157509158
4 0.25991501416430596 0.6694139194139194 0.00141643059490085 0.0018315018315018315
4 0.09490084985835694 0.6639194139194139 0.0028328611898017 0.0018315018315018315
4 0.12960339943342777 0.6620879120879121 0.00141643059490085 0.0018315018315018315
4 0.14801699716713881 0.6529304029304029 0.00141643059490085 0.0018315018315018315
4 0.24504249291784702 0.7261904761904762 0.1274787535410765 0.152014652014652
4 0.15934844192634562 0.6556776556776557 0.015580736543909348 0.014652014652014652
4 0.13739376770538245 0.6364468864468864 0.0113314447592068 0.005494505494505495
4 0.18696883852691218 0.6327838827838828 0.0056657223796034 0.009157509157509158
4 0.13101983002832862 0.6254578754578755 0.00424929178470255 0.005494505494505495
4 0.1536827195467422 0.6327838827838828 0.046742209631728045 0.04945054945054945
4 0.11260623229461757 0.6098901098901099 0.00424929178470255 0.007326007326007326
4 0.12464589235127478 0.6034798534798534 0.0084985835694051 0.009157509157509158
4 0.22662889518413598 0.6263736263736264 0.06232294617563739 0.08058608058608059
4 0.08781869688385269 0.5851648351648352 0.014164305949008499 0.01282051282051282
4 0.05240793201133145 0.5769230769230769 0.0028328611898017 0.003663003663003663
4 0.0679886685552408 0.5732600732600732 0.0028328611898017 0.003663003663003663
4 0.07577903682719547 0.5714285714285714 0.00424929178470255 0.003663003663003663
4 0.3123229461756374 0.5668498168498168 0.00141643059490085 0.0018315018315018315
4 0.306657223796034 0.5604395604395604 0.00424929178470255 0.003663003663003663
4 0.05240793201133145 0.5631868131868132 0.0028328611898017 0.01282051282051282
4 0.06019830028328612 0.5567765567765568 0.009915014164305949 0.018315018315018316
4 0.29107648725212465 0.5448717948717948 0.024079320113314446 0.023809523809523808
4 0.2754957507082153 0.5283882783882784 0.00141643059490085 0.0018315018315018315
4 0.2698300283286119 0.5915750915750916 0.11756373937677053 0.1391941391941392
4 0.2698300283286119 0.5228937728937729 0.00424929178470255 0.005494505494505495
4 0.26487252124645894 0.5173992673992674 0.0028328611898017 0.0018315018315018315
4 0.18767705382436262 0.4935897435897436 0.00141643059490085 0.0018315018315018315
4 0.06515580736543909 0.49725274725274726 0.0056657223796034 0.009157509157509158
4 0.012747875354107648 0.4734432234432234 0.0028328611898017 0.009157509157509158
4 0.014872521246458924 0.4624542124542125 0.00141643059490085 0.005494505494505495
4 0.22946175637393768 0.4697802197802198 0.0084985835694051 0.023809523809523808
4 0.19971671388101983 0.44871794871794873 0.0028328611898017 0.003663003663003663
4 0.19121813031161472 0.43956043956043955 0.0028328611898017 0.003663003663003663
4 0.025495750708215296 0.4157509157509158 0.0028328611898017 0.007326007326007326
4 0.17280453257790368 0.42124542124542125 0.028328611898016998 0.029304029304029304
4 0.06515580736543909 0.413003663003663 0.0113314447592068 0.020146520146520148
4 0.1536827195467422 0.40201465201465203 0.00141643059490085 0.0018315018315018315
4 0.2415014164305949 0.4056776556776557 0.009915014164305949 0.020146520146520148
4 0.032577903682719546 0.3965201465201465 0.0028328611898017 0.005494505494505495
4 0.03541076487252125 0.3873626373626374 0.0028328611898017 0.005494505494505495
4 0.08286118980169972 0.3836996336996337 0.00424929178470255 0.005494505494505495
4 0.09277620396600567 0.3708791208791209 0.009915014164305949 0.01282051282051282
4 0.10198300283286119 0.3598901098901099 0.0056657223796034 0.005494505494505495
4 0.049575070821529746 0.3525641025641026 0.0028328611898017 0.0018315018315018315
4 0.40793201133144474 0.326007326007326 0.0169971671388102 0.007326007326007326
4 0.4745042492917847 0.23901098901098902 0.0056657223796034 0.005494505494505495
4 0.16359773371104816 0.23809523809523808 0.012747875354107648 0.018315018315018316
4 0.14447592067988668 0.2261904761904762 0.0056657223796034 0.005494505494505495
4 0.15155807365439095 0.1987179487179487 0.0169971671388102 0.0347985347985348
4 0.5014164305949008 0.4990842490842491 0.9971671388101983 0.9981684981684982