4 0.826320939334638 0.7433333333333333 0.0009784735812133072 0.0013333333333333333
4 0.08317025440313111 0.571 0.0019569471624266144 0.0006666666666666666
4 0.9574363992172211 0.4806666666666667 0.07338551859099804 0.030666666666666665
4 0.8331702544031311 0.348 0.0029354207436399216 0.0013333333333333333
4 0.059197651663405085 0.339 0.0009784735812133072 0.0006666666666666666
4 0.5024461839530333 0.08366666666666667 0.0029354207436399216 0.0006666666666666666
4 0.5181017612524462 0.083 0.004892367906066536 0.0006666666666666666
4 0.541095890410959 0.08 0.03522504892367906 0.006666666666666667
4 0.43737769080234834 0.08033333333333334 0.10763209393346379 0.01
4 0.4163405088062622 0.069 0.04598825831702544 0.006
4 0.5053816046966731 0.06833333333333333 0.09882583170254403 0.008666666666666666
4 0.5009784735812133 0.498 0.9921722113502935 0.8986666666666666
4 0.4740704500978474 0.035666666666666666 0.8326810176125244 0.06466666666666666