4 0.9945 0.999 0.011 0.002
4 0.9955 0.995 0.009 0.002
4 0.092 0.9905 0.002 0.001
4 0.9875 0.9855 0.005 0.011
4 0.996 0.9595 0.008 0.007
4 0.0495 0.935 0.099 0.13
4 0.002 0.8665 0.004 0.003
4 0.167 0.8475 0.012 0.015
4 0.149 0.8465 0.008 0.019
4 0.1035 0.845 0.007 0.02
4 0.1885 0.845 0.015 0.022
4 0.1395 0.845 0.007 0.022
4 0.1185 0.8455 0.019 0.023
4 0.198 0.662 0.014 0.004
4 0.6935 0.6505 0.003 0.003
4 0.4225 0.6075 0.003 0.003
4 0.9505 0.5705 0.039 0.013
4 0.951 0.553 0.04 0.012
4 0.874 0.5525 0.038 0.011
4 0.8515 0.549 0.005 0.01
4 0.7905 0.5485 0.055 0.011
4 0.951 0.5085 0.054 0.055
4 0.8705 0.5085 0.053 0.055
4 0.791 0.5085 0.054 0.055
4 0.546 0.4575 0.018 0.003
4 0.6375 0.45 0.005 0.002
4 0.673 0.4455 0.016 0.003
4 0.7035 0.434 0.031 0.018
4 0.714 0.4185 0.004 0.003
4 0.8735 0.4005 0.221 0.119
4 0.872 0.3205 0.056 0.029
4 0.7845 0.3205 0.021 0.029
4 0.8145 0.3185 0.041 0.033
4 0.853 0.2795 0.034 0.023
4 0.95 0.2775 0.014 0.027
4 0.9085 0.278 0.029 0.032
4 0.8855 0.276 0.015 0.028
4 0.938 0.276 0.012 0.03
4 0.8055 0.28 0.063 0.038
4 0.948 0.207 0.002 0.002
4 0.577 0.198 0.022 0.002
4 0.6505 0.192 0.121 0.012
4 0.716 0.179 0.004 0.012
4 0.451 0.552 0.566 0.772
4 0.472 0.1545 0.474 0.023
4 0.9655 0.184 0.069 0.264