4 0.17708333333333334 0.2058080808080808 0.001893939393939394 0.0025252525252525255
4 0.23295454545454544 0.2032828282828283 0.003787878787878788 0.0025252525252525255
4 0.20170454545454544 0.2058080808080808 0.00946969696969697 0.007575757575757576
4 0.3191287878787879 0.2638888888888889 0.3162878787878788 0.14393939393939395
4 0.4431818181818182 0.1893939393939394 0.007575757575757576 0.005050505050505051
4 0.4318181818181818 0.18434343434343434 0.007575757575757576 0.005050505050505051
4 0.42140151515151514 0.1830808080808081 0.005681818181818182 0.0025252525252525255
4 0.39867424242424243 0.1830808080808081 0.005681818181818182 0.0025252525252525255
4 0.4393939393939394 0.18181818181818182 0.003787878787878788 0.005050505050505051
4 0.1893939393939394 0.1717171717171717 0.003787878787878788 0.015151515151515152
4 0.4791666666666667 0.1388888888888889 0.003787878787878788 0.005050505050505051
4 0.4602272727272727 0.10479797979797979 0.003787878787878788 0.0025252525252525255
4 0.6714015151515151 0.11994949494949494 0.00946969696969697 0.03787878787878788
4 0.4971590909090909 0.1111111111111111 0.005681818181818182 0.020202020202020204
4 0.17140151515151514 0.09090909090909091 0.00946969696969697 0.020202020202020204
4 0.553030303030303 0.07323232323232323 0.015151515151515152 0.005050505050505051
4 0.5833333333333334 0.0707070707070707 0.003787878787878788 0.015151515151515152
4 0.4640151515151515 0.06313131313131314 0.003787878787878788 0.005050505050505051
4 0.14962121212121213 0.056818181818181816 0.003787878787878788 0.0025252525252525255
4 0.6799242424242424 0.05555555555555555 0.003787878787878788 0.005050505050505051
4 0.14867424242424243 0.04924242424242424 0.001893939393939394 0.0025252525252525255
4 0.10227272727272728 0.045454545454545456 0.003787878787878788 0.005050505050505051
4 0.6695075757575758 0.04419191919191919 0.005681818181818182 0.007575757575757576
4 0.6401515151515151 0.04292929292929293 0.003787878787878788 0.005050505050505051
4 0.6287878787878788 0.05303030303030303 0.015151515151515152 0.025252525252525252
4 0.5378787878787878 0.039141414141414144 0.003787878787878788 0.0025252525252525255
4 0.05965909090909091 0.041666666666666664 0.005681818181818182 0.007575757575757576
4 0.4971590909090909 0.04419191919191919 0.00946969696969697 0.017676767676767676
4 0.5539772727272727 0.036616161616161616 0.013257575757575758 0.007575757575757576
4 0.09185606060606061 0.03409090909090909 0.001893939393939394 0.0025252525252525255
4 0.07007575757575757 0.039141414141414144 0.003787878787878788 0.012626262626262626
4 0.035037878787878785 0.03409090909090909 0.001893939393939394 0.0025252525252525255
4 0.023674242424242424 0.039141414141414144 0.005681818181818182 0.012626262626262626
4 0.7301136363636364 0.023989898989898988 0.005681818181818182 0.007575757575757576
4 0.6183712121212122 0.016414141414141416 0.001893939393939394 0.0025252525252525255
4 0.5861742424242424 0.016414141414141416 0.00946969696969697 0.012626262626262626
4 0.5009469696969697 0.5 0.7821969696969697 1.0