5 0.7548828125 0.8367466354593329 0.001953125 0.003510825043885313
5 0.6955078125 0.8013458162668227 0.000390625 0.0005851375073142189
5 0.2990234375 0.7873025160912814 0.000390625 0.0005851375073142189
5 0.8986328125 0.641895845523698 0.012890625 0.012873025160912814
5 0.2404296875 0.6275599765944997 0.001171875 0.0005851375073142189
5 0.26484375 0.6117612638970158 0.0015625 0.0017554125219426564
5 0.282421875 0.6003510825043885 0.0015625 0.0011702750146284377
5 0.2857421875 0.5983031012287887 0.000390625 0.0005851375073142189
5 0.60390625 0.5629022820362786 0.0015625 0.0023405500292568754
5 0.6220703125 0.5386190754827385 0.000390625 0.0005851375073142189
5 0.6490234375 0.36775892334698657 0.000390625 0.0005851375073142189
5 0.6564453125 0.3671737858396723 0.000390625 0.0005851375073142189
5 0.6419921875 0.36307782328847277 0.000390625 0.0005851375073142189
5 0.48671875 0.5386190754827385 0.89609375 0.7179637214745466