5 0.6 0.6815068493150684 0.2465753424657534 0.19041095890410958
5 0.27808219178082194 0.5726027397260274 0.0136986301369863 0.00821917808219178
5 0.33287671232876714 0.5547945205479452 0.0136986301369863 0.010958904109589041
5 0.3082191780821918 0.5589041095890411 0.030136986301369864 0.019178082191780823
5 0.38835616438356163 0.55 0.015068493150684932 0.00410958904109589
5 0.3561643835616438 0.5513698630136986 0.0273972602739726 0.01780821917808219
5 0.6349315068493151 0.5424657534246575 0.03424657534246575 0.010958904109589041
5 0.6041095890410959 0.5335616438356164 0.0027397260273972603 0.00410958904109589
5 0.6349315068493151 0.5280821917808219 0.009589041095890411 0.00410958904109589
5 0.5897260273972603 0.5273972602739726 0.00410958904109589 0.010958904109589041
5 0.6842465753424658 0.5219178082191781 0.015068493150684932 0.005479452054794521
5 0.6191780821917808 0.523972602739726 0.019178082191780823 0.009589041095890411
5 0.6486301369863013 0.510958904109589 0.00684931506849315 0.0027397260273972603
5 0.3938356164383562 0.5075342465753425 0.0013698630136986301 0.0013698630136986301
5 0.4267123287671233 0.5102739726027398 0.00410958904109589 0.009589041095890411
5 0.6253424657534247 0.5047945205479452 0.03424657534246575 0.015068493150684932
5 0.39246575342465756 0.4931506849315068 0.00410958904109589 0.0027397260273972603
5 0.6006849315068493 0.4931506849315068 0.00684931506849315 0.00821917808219178
5 0.5349315068493151 0.4986301369863014 0.023287671232876714 0.03561643835616438
5 0.40616438356164386 0.4815068493150685 0.0013698630136986301 0.0013698630136986301
5 0.39246575342465756 0.4815068493150685 0.0013698630136986301 0.0013698630136986301
5 0.3253424657534247 0.5219178082191781 0.14657534246575343 0.08767123287671233
5 0.560958904109589 0.5102739726027398 0.036986301369863014 0.06986301369863014
5 0.6506849315068494 0.47328767123287674 0.0273972602739726 0.00410958904109589
5 0.5917808219178082 0.4794520547945205 0.0136986301369863 0.01643835616438356
5 0.5773972602739726 0.48424657534246573 0.012328767123287671 0.026027397260273973
5 0.46164383561643835 0.4726027397260274 0.030136986301369864 0.005479452054794521
5 0.5075342465753425 0.4671232876712329 0.012328767123287671 0.0027397260273972603
5 0.55 0.4643835616438356 0.009589041095890411 0.0027397260273972603
5 0.4506849315068493 0.4636986301369863 0.00821917808219178 0.00410958904109589
5 0.41027397260273973 0.4623287671232877 0.00684931506849315 0.0013698630136986301
5 0.6301369863013698 0.4773972602739726 0.06027397260273973 0.03424657534246575
5 0.4315068493150685 0.4636986301369863 0.0273972602739726 0.00684931506849315
5 0.5952054794520548 0.4636986301369863 0.00684931506849315 0.012328767123287671
5 0.5863013698630137 0.436986301369863 0.0027397260273972603 0.0027397260273972603
5 0.6821917808219178 0.44315068493150683 0.07123287671232877 0.023287671232876714
5 0.5691780821917808 0.4404109589041096 0.00684931506849315 0.03424657534246575
5 0.4643835616438356 0.42534246575342466 0.005479452054794521 0.00410958904109589
5 0.46643835616438356 0.4280821917808219 0.026027397260273973 0.028767123287671233
5 0.5664383561643835 0.39657534246575343 0.0013698630136986301 0.0013698630136986301
5 0.363013698630137 0.4232876712328767 0.03287671232876712 0.10136986301369863
5 0.33835616438356164 0.35753424657534244 0.00821917808219178 0.010958904109589041
5 0.33424657534246577 0.34383561643835614 0.005479452054794521 0.0136986301369863
5 0.3321917808219178 0.32602739726027397 0.00410958904109589 0.00821917808219178
5 0.33287671232876714 0.3116438356164384 0.00821917808219178 0.012328767123287671
5 0.5068493150684932 0.2910958904109589 0.0136986301369863 0.026027397260273973
5 0.6527397260273973 0.2993150684931507 0.20410958904109588 0.1547945205479452