5 0.9396875 0.6721875 0.003125 0.001875
5 0.924375 0.6653125 0.0025 0.001875
5 0.9146875 0.6609375 0.003125 0.001875
5 0.909375 0.6565625 0.00125 0.000625
5 0.900625 0.6553125 0.0025 0.001875
5 0.8790625 0.645 0.000625 0.00125
5 0.84125 0.6353125 0.00125 0.000625
5 0.816875 0.631875 0.00375 0.00125
5 0.7184375 0.6078125 0.004375 0.004375
5 0.6696875 0.6034375 0.000625 0.000625
5 0.6959375 0.5734375 0.001875 0.004375
5 0.7834375 0.5446875 0.000625 0.000625
5 0.6803125 0.5390625 0.000625 0.000625
5 0.663125 0.5240625 0.005 0.009375
5 0.751875 0.5178125 0.00125 0.000625
5 0.641875 0.4396875 0.00125 0.001875
5 0.9553125 0.3409375 0.000625 0.000625
5 0.9528125 0.3440625 0.001875 0.011875
5 0.895 0.27625 0.00125 0.00125
5 0.964375 0.2390625 0.00125 0.003125
5 0.9671875 0.2340625 0.000625 0.001875
5 0.9690625 0.2021875 0.000625 0.000625
5 0.9703125 0.1871875 0.000625 0.000625
5 0.97 0.179375 0.0025 0.00125
5 0.9740625 0.1428125 0.004375 0.005625
5 0.9884375 0.0125 0.001875 0.00375
5 0.9896875 0.000625 0.000625 0.00125
5 0.5 0.5 1.0 1.0