5 0.5055 0.9355 0.005 0.001
5 0.1175 0.9345 0.001 0.002
5 0.168 0.9125 0.002 0.002
5 0.49425 0.9085 0.0005 0.001
5 0.34175 0.90275 0.0005 0.0015
5 0.58325 0.909 0.0185 0.016
5 0.49175 0.9015 0.0005 0.001
5 0.34175 0.8995 0.0005 0.003
5 0.48425 0.87425 0.0005 0.0005
5 0.34375 0.8835 0.0035 0.023
5 0.48325 0.87025 0.0005 0.0005
5 0.9345 0.85525 0.054 0.0915
5 0.86725 0.856 0.0555 0.095
5 0.348 0.78725 0.003 0.0165
5 0.10725 0.77575 0.0165 0.0165
5 0.34725 0.76275 0.0015 0.0125
5 0.34875 0.738 0.0015 0.015
5 0.10925 0.72725 0.0165 0.0165
5 0.348 0.71875 0.001 0.0125
5 0.932 0.7135 0.054 0.091
5 0.86475 0.7145 0.0555 0.095
5 0.769 0.7515 0.056 0.354
5 0.5355 0.37 0.001 0.003
5 0.837 0.451 0.238 0.179
5 0.05825 0.32675 0.0005 0.0005
5 0.05925 0.318 0.0005 0.003
5 0.3435 0.31625 0.005 0.1355
5 0.074 0.24225 0.028 0.1295
5 0.8305 0.237 0.238 0.179
5 0.39025 0.54275 0.0855 0.8105
5 0.4955 0.13425 0.001 0.0025
5 0.11875 0.122 0.0005 0.001
5 0.11975 0.11925 0.0015 0.0035
5 0.348 0.11975 0.005 0.0185
5 0.34525 0.1095 0.0005 0.001
5 0.34175 0.10775 0.0065 0.0065
5 0.332 0.182 0.017 0.174
5 0.59175 0.5105 0.2125 0.854
5 0.2125 0.511 0.188 0.855