5 0.71775 0.9988333333333334 0.0025 0.0023333333333333335
5 0.27675 0.9983333333333333 0.0015 0.0033333333333333335
5 0.71925 0.996 0.0015 0.0006666666666666666
5 0.29375 0.996 0.0005 0.0006666666666666666
5 0.71675 0.9948333333333333 0.0005 0.0003333333333333333
5 0.273 0.9961666666666666 0.002 0.007666666666666666
5 0.72325 0.9933333333333333 0.0015 0.0026666666666666666
5 0.27375 0.9911666666666666 0.0015 0.0003333333333333333
5 0.72225 0.99 0.0015 0.0006666666666666666
5 0.717 0.9855 0.001 0.0003333333333333333
5 0.27175 0.9835 0.0045 0.0016666666666666668
5 0.273 0.9815 0.001 0.001
5 0.72775 0.9811666666666666 0.0025 0.0016666666666666668
5 0.7245 0.9806666666666667 0.002 0.0013333333333333333
5 0.26875 0.98 0.0015 0.0026666666666666666
5 0.71675 0.9785 0.0005 0.0003333333333333333
5 0.723 0.9773333333333334 0.001 0.002
5 0.2705 0.9738333333333333 0.001 0.001
5 0.72725 0.9735 0.0025 0.005
5 0.27125 0.9623333333333334 0.0015 0.0006666666666666666
5 0.27275 0.9613333333333334 0.0005 0.0006666666666666666
5 0.7145 0.9611666666666666 0.001 0.001
5 0.72425 0.9615 0.0035 0.0036666666666666666
5 0.71725 0.9598333333333333 0.0005 0.0003333333333333333
5 0.72075 0.9586666666666667 0.0015 0.0006666666666666666
5 0.27075 0.9575 0.0015 0.001
5 0.7245 0.9566666666666667 0.004 0.0033333333333333335
5 0.27975 0.9515 0.0005 0.0003333333333333333
5 0.27425 0.9471666666666667 0.0005 0.0003333333333333333
5 0.27325 0.9456666666666667 0.0015 0.0006666666666666666
5 0.274 0.9423333333333334 0.003 0.0013333333333333333
5 0.27275 0.9371666666666667 0.0005 0.0003333333333333333
5 0.7285 0.9378333333333333 0.007 0.004333333333333333
5 0.27275 0.9336666666666666 0.0015 0.0006666666666666666
5 0.73225 0.9321666666666667 0.0025 0.0023333333333333335
5 0.731 0.9261666666666667 0.002 0.0016666666666666668
5 0.26825 0.9263333333333333 0.0025 0.004
5 0.27225 0.924 0.0015 0.0006666666666666666
5 0.72725 0.9225 0.0015 0.001
5 0.2745 0.9213333333333333 0.001 0.0006666666666666666
5 0.26925 0.9218333333333333 0.0025 0.0036666666666666666
5 0.7315 0.9145 0.002 0.001
5 0.273 0.9133333333333333 0.001 0.0013333333333333333
5 0.73375 0.9108333333333334 0.0005 0.0016666666666666668
5 0.7315 0.9053333333333333 0.001 0.0006666666666666666
5 0.27075 0.8946666666666667 0.0015 0.0013333333333333333
5 0.26825 0.8946666666666667 0.0015 0.0013333333333333333
5 0.26725 0.8931666666666667 0.0005 0.0003333333333333333
5 0.27 0.8913333333333333 0.002 0.0033333333333333335
5 0.27125 0.8885 0.0005 0.0003333333333333333
5 0.2675 0.8866666666666667 0.001 0.0006666666666666666
5 0.26825 0.8846666666666667 0.0015 0.0006666666666666666
5 0.26925 0.8765 0.0045 0.0016666666666666668
5 0.26875 0.8743333333333333 0.0005 0.0006666666666666666
5 0.269 0.8728333333333333 0.002 0.001
5 0.27275 0.8708333333333333 0.0005 0.0003333333333333333
5 0.26875 0.8705 0.0015 0.001
5 0.27 0.8463333333333334 0.004 0.0006666666666666666
5 0.2725 0.8163333333333334 0.001 0.0006666666666666666
5 0.7295 0.7988333333333333 0.001 0.001
5 0.49525 0.6425 0.5125 0.715