5 0.20632911392405062 0.8903125 0.0008438818565400844 0.000625
5 0.23291139240506328 0.8725 0.005063291139240506 0.00375
5 0.4772151898734177 0.8659375 0.0008438818565400844 0.000625
5 0.4742616033755274 0.8559375 0.0033755274261603376 0.001875
5 0.2936708860759494 0.8525 0.005063291139240506 0.00375
5 0.34177215189873417 0.905625 0.2649789029535865 0.13
5 0.21265822784810126 0.814375 0.035443037974683546 0.02875
5 0.45907172995780593 0.8125 0.04050632911392405 0.02625
5 0.47215189873417723 0.764375 0.0008438818565400844 0.00125
5 0.21308016877637131 0.75875 0.03459915611814346 0.025
5 0.45527426160337553 0.7571875 0.03459915611814346 0.024375
5 0.4637130801687764 0.7446875 0.0008438818565400844 0.000625
5 0.43037974683544306 0.7328125 0.01350210970464135 0.011875
5 0.41012658227848103 0.7315625 0.02531645569620253 0.013125
5 0.44936708860759494 0.73125 0.02278481012658228 0.01375
5 0.46540084388185654 0.7278125 0.014345991561181435 0.010625
5 0.3911392405063291 0.7278125 0.014345991561181435 0.011875
5 0.5835443037974684 0.7059375 0.0008438818565400844 0.000625
5 0.4320675105485232 0.710625 0.06751054852320675 0.02375
5 0.6135021097046414 0.6690625 0.0016877637130801688 0.000625
5 0.580590717299578 0.6675 0.0016877637130801688 0.00125
5 0.7632911392405063 0.5634375 0.0008438818565400844 0.000625
5 0.5974683544303797 0.553125 0.15864978902953586 0.04
5 0.23670886075949368 0.476875 0.039662447257383965 0.045
5 0.27637130801687765 0.4684375 0.04135021097046414 0.053125
5 0.6371308016877637 0.4428125 0.26329113924050634 0.041875
5 0.36666666666666664 0.4603125 0.16455696202531644 0.113125
5 0.5 0.3821875 0.002531645569620253 0.004375
5 0.7962025316455696 0.37875 0.0008438818565400844 0.00125
5 0.5016877637130802 0.3746875 0.0008438818565400844 0.001875
5 0.5143459915611814 0.379375 0.02109704641350211 0.015
5 0.5033755274261603 0.3696875 0.0008438818565400844 0.000625
5 0.739240506329114 0.3625 0.0016877637130801688 0.00125
5 0.7818565400843882 0.354375 0.002531645569620253 0.00125
5 0.5063291139240507 0.3575 0.0033755274261603376 0.0075
5 0.4270042194092827 0.25625 0.006751054852320675 0.00375
5 0.4219409282700422 0.2503125 0.006751054852320675 0.005625
5 0.2670886075949367 0.2203125 0.0008438818565400844 0.000625
5 0.6772151898734177 0.586875 0.35358649789029534 0.7675
5 0.34514767932489454 0.225625 0.150210970464135 0.04875