5 0.29833333333333334 0.92895263509006 0.0006666666666666666 0.00066711140760507
5 0.7173333333333334 0.9246164109406271 0.0026666666666666666 0.00133422281521014
5 0.7383333333333333 0.9242828552368245 0.007333333333333333 0.00333555703802535
5 0.7443333333333333 0.9216144096064043 0.0006666666666666666 0.00066711140760507
5 0.723 0.9199466310873916 0.004666666666666667 0.004002668445630421
5 0.732 0.9092728485657104 0.0013333333333333333 0.00133422281521014
5 0.7233333333333334 0.9069379586390928 0.008 0.01134089392928619
5 0.29 0.9039359573048699 0.04933333333333333 0.0466977985323549
5 0.516 0.8412274849899933 0.17866666666666667 0.10140093395597065
5 0.5173333333333333 0.7565043362241495 0.16133333333333333 0.02134756504336224
5 0.588 0.7311541027351568 0.004 0.004002668445630421
5 0.6026666666666667 0.715143428952635 0.0013333333333333333 0.00133422281521014
5 0.713 0.7508338892595063 0.066 0.10340226817878585
5 0.28933333333333333 0.442628418945964 0.0013333333333333333 0.01000667111407605
5 0.289 0.4292861907938626 0.002 0.004669779853235491
5 0.31366666666666665 0.3999332888592395 0.002 0.0020013342228152103
5 0.6976666666666667 0.27951967978652437 0.002 0.00133422281521014
5 0.7026666666666667 0.27184789859906605 0.0013333333333333333 0.0020013342228152103
5 0.6883333333333334 0.26617745163442297 0.0006666666666666666 0.00133422281521014
5 0.5086666666666667 0.43862575050033353 0.5653333333333334 0.7851901267511674