5 0.5015 0.762 0.015 0.414
5 0.42225 0.72175 0.0965 0.5115
5 0.57175 0.72025 0.1085 0.5205
5 0.37575 0.45925 0.0005 0.0015
5 0.5 0.4925 0.004 0.08
5 0.37625 0.4485 0.0005 0.001
5 0.5 0.40475 0.004 0.0625
5 0.61675 0.37075 0.0005 0.0015
5 0.61625 0.36725 0.0005 0.0035
5 0.61575 0.362 0.0005 0.001
5 0.51225 0.358 0.0015 0.002
5 0.5245 0.35675 0.002 0.0015
5 0.54225 0.35575 0.0005 0.0005
5 0.5305 0.35625 0.001 0.0015
5 0.5365 0.356 0.002 0.002
5 0.5675 0.35525 0.002 0.0015
5 0.56075 0.355 0.0005 0.001
5 0.55525 0.355 0.0015 0.001
5 0.54925 0.35525 0.0015 0.0015
5 0.61475 0.3545 0.0005 0.001
5 0.5295 0.3085 0.001 0.001
5 0.5 0.31825 0.004 0.1015
5 0.549 0.273 0.011 0.012
5 0.55825 0.30525 0.1005 0.1105
5 0.5 0.2145 0.004 0.065