5 0.5925925925925926 0.31995812979762733 0.001949317738791423 0.00209351011863224
5 0.3786549707602339 0.3192602930914166 0.0009746588693957114 0.0006978367062107466
5 0.37037037037037035 0.3189113747383112 0.001949317738791423 0.0013956734124214933
5 0.4015594541910331 0.31856245638520586 0.001949317738791423 0.00209351011863224
5 0.39035087719298245 0.31856245638520586 0.0029239766081871343 0.00209351011863224
5 0.3654970760233918 0.31856245638520586 0.001949317738791423 0.00209351011863224
5 0.34502923976608185 0.3182135380321005 0.001949317738791423 0.0013956734124214933
5 0.3255360623781676 0.3182135380321005 0.001949317738791423 0.0013956734124214933
5 0.33966861598440545 0.3178646196789951 0.0029239766081871343 0.00209351011863224
5 0.31189083820662766 0.31751570132588974 0.003898635477582846 0.0027913468248429866
5 0.29922027290448344 0.3164689462665736 0.001949317738791423 0.00209351011863224
5 0.3094541910331384 0.29692951849267274 0.0029239766081871343 0.00209351011863224
5 0.3304093567251462 0.296231681786462 0.003898635477582846 0.0034891835310537334
5 0.3235867446393762 0.296231681786462 0.003898635477582846 0.0034891835310537334
5 0.30896686159844056 0.29483600837404045 0.001949317738791423 0.0006978367062107466
5 0.297270955165692 0.296231681786462 0.003898635477582846 0.0034891835310537334
5 0.33674463937621835 0.2958827634333566 0.004873294346978557 0.00418702023726448
5 0.30409356725146197 0.2958827634333566 0.003898635477582846 0.00418702023726448
5 0.290448343079922 0.2955338450802512 0.003898635477582846 0.0034891835310537334
5 0.3157894736842105 0.2955338450802512 0.005847953216374269 0.004884856943475227
5 0.2826510721247563 0.29483600837404045 0.005847953216374269 0.004884856943475227
5 0.2743664717348928 0.29483600837404045 0.004873294346978557 0.004884856943475227
5 0.36988304093567254 0.27983251919050944 0.0009746588693957114 0.0013956734124214933
5 0.310916179337232 0.2784368457780879 0.003898635477582846 0.00418702023726448
5 0.30458089668615984 0.2784368457780879 0.004873294346978557 0.00418702023726448
5 0.2977582846003899 0.2784368457780879 0.004873294346978557 0.00418702023726448
5 0.290448343079922 0.2784368457780879 0.005847953216374269 0.00418702023726448
5 0.28411306042884993 0.2784368457780879 0.004873294346978557 0.00418702023726448
5 0.3611111111111111 0.27808792742498256 0.004873294346978557 0.004884856943475227
5 0.35526315789473684 0.27808792742498256 0.004873294346978557 0.004884856943475227
5 0.3250487329434698 0.27808792742498256 0.004873294346978557 0.004884856943475227
5 0.31773879142300193 0.27808792742498256 0.005847953216374269 0.004884856943475227
5 0.27631578947368424 0.2777390090718772 0.00682261208576998 0.005582693649685973
5 0.34307992202729043 0.2773900907187718 0.01364522417153996 0.00628053035589672
5 0.2680311890838207 0.2773900907187718 0.005847953216374269 0.00628053035589672
5 0.2772904483430799 0.25889741800418703 0.004873294346978557 0.0027913468248429866
5 0.3084795321637427 0.2575017445917655 0.010721247563352826 0.005582693649685973
5 0.2802144249512671 0.2575017445917655 0.010721247563352826 0.005582693649685973
5 0.3226120857699805 0.2568039078855548 0.011695906432748537 0.005582693649685973
5 0.2982456140350877 0.25715282623866015 0.003898635477582846 0.00628053035589672
5 0.290448343079922 0.2568039078855548 0.005847953216374269 0.006978367062107467
5 0.2655945419103314 0.2568039078855548 0.012670565302144249 0.006978367062107467
5 0.33235867446393763 0.25610607117934403 0.005847953216374269 0.006978367062107467
5 0.2899610136452242 0.2302861130495464 0.018518518518518517 0.01256106071179344
5 0.34307992202729043 0.2288904396371249 0.01949317738791423 0.01256106071179344
5 0.36500974658869395 0.22819260293091417 0.008771929824561403 0.01256106071179344
5 0.3864522417153996 0.2278436845778088 0.018518518518518517 0.013258897418004187
5 0.4269005847953216 0.22714584787159806 0.01949317738791423 0.013258897418004187
5 0.2646198830409357 0.2288904396371249 0.02046783625730994 0.01674808094905792
5 0.4712475633528265 0.22854152128401953 0.018518518518518517 0.017445917655268667
5 0.4498050682261209 0.2264480111653873 0.008771929824561403 0.013258897418004187
5 0.3153021442495127 0.2274947662247034 0.02046783625730994 0.01674808094905792
5 0.4064327485380117 0.22575017445917656 0.009746588693957114 0.016050244242847175
5 0.5423976608187134 0.22609909281228194 0.02046783625730994 0.018143754361479414
5 0.5682261208576999 0.22365666434054432 0.017543859649122806 0.01465457083042568
5 0.6120857699805068 0.22226099092812282 0.005847953216374269 0.013258897418004187
5 0.5921052631578947 0.22295882763433356 0.018518518518518517 0.01465457083042568
5 0.6393762183235867 0.2212142358688067 0.03313840155945419 0.013956734124214934
5 0.5141325536062378 0.22295882763433356 0.024366471734892786 0.01884159106769016
5 0.6710526315789473 0.22016748080949058 0.018518518518518517 0.01465457083042568
5 0.6968810916179338 0.21946964410327982 0.01949317738791423 0.01465457083042568
5 0.6091617933723197 0.2117934403349616 0.003898635477582846 0.00209351011863224
5 0.2909356725146199 0.20376831821353802 0.022417153996101363 0.013956734124214934
5 0.31871345029239767 0.2030704815073273 0.023391812865497075 0.013956734124214934
5 0.36403508771929827 0.2016748080949058 0.024366471734892786 0.013956734124214934
5 0.3854775828460039 0.20097697138869505 0.010721247563352826 0.013956734124214934
5 0.40692007797270957 0.2002791346824843 0.024366471734892786 0.013956734124214934
5 0.4342105263157895 0.19993021632937893 0.024366471734892786 0.01465457083042568
5 0.26169590643274854 0.20202372644801117 0.02631578947368421 0.01884159106769016
5 0.4571150097465887 0.19888346127006282 0.015594541910331383 0.013956734124214934
5 0.341130604288499 0.20062805303558967 0.017543859649122806 0.017445917655268667
5 0.5121832358674464 0.19713886950453594 0.010721247563352826 0.01465457083042568
5 0.3835282651072125 0.19155617585484996 0.008771929824561403 0.0034891835310537334
5 0.4926900584795322 0.19574319609211444 0.024366471734892786 0.01884159106769016
5 0.5097465886939572 0.1870202372644801 0.007797270955165692 0.00418702023726448
5 0.533625730994152 0.19399860432658758 0.024366471734892786 0.019539427773900907
5 0.2821637426900585 0.1779483600837404 0.024366471734892786 0.019539427773900907
5 0.30994152046783624 0.17480809490579205 0.023391812865497075 0.01465457083042568
5 0.33723196881091616 0.17411025819958129 0.023391812865497075 0.01465457083042568
5 0.3586744639376218 0.17341242149337055 0.011695906432748537 0.01465457083042568
5 0.38596491228070173 0.17236566643405443 0.037037037037037035 0.015352407536636426
5 0.2543859649122807 0.17411025819958129 0.025341130604288498 0.020237264480111653
5 0.4191033138401559 0.17096999302163293 0.023391812865497075 0.015352407536636426
5 0.4468810916179337 0.1702721563154222 0.024366471734892786 0.015352407536636426
5 0.3567251461988304 0.16329378925331473 0.009746588693957114 0.00418702023726448
5 0.31140350877192985 0.13572923935799022 0.0769980506822612 0.021632937892533146