5 0.08177044261065267 0.9895 0.0007501875468867217 0.001
5 0.08083270817704426 0.98625 0.00037509377344336085 0.0005
5 0.2861965491372843 0.77575 0.01350337584396099 0.0135
5 0.7698799699924981 0.7585 0.0018754688672168042 0.002
5 0.2891972993248312 0.755 0.00450112528132033 0.003
5 0.8077644411102776 0.65725 0.0018754688672168042 0.0025
5 0.6931732933233309 0.656 0.0007501875468867217 0.001
5 0.8115153788447111 0.6055 0.03488372093023256 0.097
5 0.6920480120030007 0.601 0.03075768942235559 0.093
5 0.8540885221305327 0.53675 0.002250562640660165 0.0035
5 0.6475993998499625 0.53525 0.0011252813203300824 0.0015
5 0.6466616654163541 0.47825 0.030007501875468866 0.0965
5 0.8557764441110277 0.47975 0.032633158289572396 0.1005
5 0.746436609152288 0.33 0.0007501875468867217 0.001
5 0.7344336084021005 0.282 0.0007501875468867217 0.001
5 0.7331207801950488 0.27825 0.0011252813203300824 0.0015
5 0.7363090772693174 0.27375 0.0007501875468867217 0.0015
5 0.7316204051012754 0.27375 0.0011252813203300824 0.0025
5 0.7406226556639159 0.2695 0.004876219054763691 0.003
5 0.7319954988747187 0.264 0.0011252813203300824 0.002
5 0.7394973743435859 0.27425 0.01387846961740435 0.0285
5 0.7460615153788447 0.255 0.0007501875468867217 0.001
5 0.7288072018004501 0.2565 0.015753938484621154 0.031
5 0.7353713428357089 0.235 0.0018754688672168042 0.004
5 0.7419354838709677 0.2315 0.0015003750937734434 0.003
5 0.7273068267066767 0.22375 0.006751687921980495 0.0155
5 0.2661290322580645 0.2125 0.0011252813203300824 0.001
5 0.7441860465116279 0.20775 0.0007501875468867217 0.0025
5 0.7426856714178545 0.2045 0.002250562640660165 0.007
5 0.17891972993248312 0.599 0.21530382595648911 0.802
5 0.568642160540135 0.109 0.0007501875468867217 0.001
5 0.568642160540135 0.1055 0.0007501875468867217 0.002
5 0.56807951987997 0.10275 0.00037509377344336085 0.0015
5 0.5677044261065266 0.096 0.0011252813203300824 0.009
5 0.5669542385596399 0.08875 0.00037509377344336085 0.0015
5 0.5667666916729183 0.08325 0.0007501875468867217 0.0045
5 0.5662040510127532 0.0785 0.0011252813203300824 0.003
5 0.5660165041260315 0.0745 0.0007501875468867217 0.001
5 0.5652663165791448 0.063 0.0007501875468867217 0.002
5 0.5635783945986497 0.04075 0.00037509377344336085 0.0005
5 0.5632033008252063 0.033 0.0011252813203300824 0.006
5 0.5624531132783196 0.027 0.00037509377344336085 0.002
5 0.5617029257314329 0.0165 0.00037509377344336085 0.001
5 0.7488747186796699 0.3835 0.03338334583645911 0.767