5 0.10916666666666666 0.9083333333333333 0.0016666666666666668 0.0033333333333333335
5 0.4425 0.7941666666666667 0.008333333333333333 0.005
5 0.4633333333333333 0.7925 0.0033333333333333335 0.005
5 0.4716666666666667 0.7908333333333334 0.0033333333333333335 0.005
5 0.4558333333333333 0.7916666666666666 0.008333333333333333 0.006666666666666667
5 0.46416666666666667 0.785 0.005 0.0033333333333333335
5 0.49666666666666665 0.7858333333333334 0.05 0.018333333333333333
5 0.3075 0.78 0.10166666666666667 0.02666666666666667
5 0.3925 0.7716666666666666 0.055 0.016666666666666666
5 0.4691666666666667 0.7733333333333333 0.095 0.023333333333333334
5 0.6075 0.76 0.06166666666666667 0.023333333333333334
5 0.9283333333333333 0.6575 0.006666666666666667 0.045
5 0.9283333333333333 0.6125 0.006666666666666667 0.03166666666666667
5 0.9283333333333333 0.5566666666666666 0.006666666666666667 0.06666666666666667
5 0.7675 0.3333333333333333 0.0016666666666666668 0.0033333333333333335
5 0.7658333333333334 0.3025 0.0016666666666666668 0.0016666666666666668
5 0.7783333333333333 0.2791666666666667 0.006666666666666667 0.008333333333333333
5 0.7833333333333333 0.26666666666666666 0.0033333333333333335 0.0033333333333333335
5 0.5008333333333334 0.5275 0.905 0.835