5 0.382051282051282 0.9446808510638298 0.005128205128205128 0.00851063829787234
5 0.38846153846153847 0.9351063829787234 0.002564102564102564 0.002127659574468085
5 0.37435897435897436 0.9329787234042554 0.005128205128205128 0.006382978723404255
5 0.3685897435897436 0.9202127659574468 0.00641025641025641 0.010638297872340425
5 0.258974358974359 0.7702127659574468 0.002564102564102564 0.00425531914893617
5 0.23461538461538461 0.7414893617021276 0.002564102564102564 0.002127659574468085
5 0.12884615384615383 0.6478723404255319 0.00641025641025641 0.010638297872340425
5 0.675 0.6148936170212767 0.008974358974358974 0.00851063829787234
5 0.6967948717948718 0.5893617021276596 0.03205128205128205 0.06382978723404255
5 0.7096153846153846 0.55 0.001282051282051282 0.002127659574468085
5 0.7057692307692308 0.5393617021276595 0.0038461538461538464 0.006382978723404255
5 0.5307692307692308 0.5372340425531915 0.017948717948717947 0.023404255319148935
5 0.6044871794871794 0.5393617021276595 0.13205128205128205 0.13829787234042554
5 0.49038461538461536 0.49361702127659574 0.03461538461538462 0.09787234042553192
5 0.6480769230769231 0.44042553191489364 0.0038461538461538464 0.00425531914893617
5 0.6551282051282051 0.42659574468085104 0.007692307692307693 0.019148936170212766
5 0.39294871794871794 0.41808510638297874 0.008974358974358974 0.014893617021276596
5 0.6217948717948718 0.46595744680851064 0.16153846153846155 0.13617021276595745
5 0.6006410256410256 0.39787234042553193 0.052564102564102565 0.05106382978723404
5 0.5288461538461539 0.3638297872340426 0.011538461538461539 0.05106382978723404
5 0.7589743589743589 0.3702127659574468 0.03076923076923077 0.07659574468085106
5 0.6089743589743589 0.33085106382978724 0.07692307692307693 0.07021276595744681
5 0.6647435897435897 0.32659574468085106 0.11153846153846154 0.10425531914893617
5 0.5564102564102564 0.26276595744680853 0.015384615384615385 0.036170212765957444
5 0.6846153846153846 0.25638297872340426 0.16923076923076924 0.13829787234042554
5 0.725 0.2276595744680851 0.11153846153846154 0.11063829787234042
5 0.6371794871794871 0.16063829787234044 0.020512820512820513 0.036170212765957444
5 0.5108974358974359 0.0797872340425532 0.0038461538461538464 0.002127659574468085
5 0.5147435897435897 0.07765957446808511 0.001282051282051282 0.002127659574468085
5 0.6775641025641026 0.3904255319148936 0.3141025641025641 0.6574468085106383
5 0.5032051282051282 0.04893617021276596 0.029487179487179487 0.05531914893617021
5 0.3814102564102564 0.5 0.5192307692307693 1.0