5 0.89 0.6946666666666667 0.006666666666666667 0.005333333333333333
5 0.8633333333333333 0.65 0.006666666666666667 0.02
5 0.7726666666666666 0.6426666666666667 0.08933333333333333 0.029333333333333333
5 0.7873333333333333 0.6346666666666667 0.05466666666666667 0.018666666666666668
5 0.744 0.6206666666666667 0.02666666666666667 0.009333333333333334
5 0.7446666666666667 0.6073333333333333 0.004 0.0013333333333333333
5 0.8893333333333333 0.6086666666666667 0.005333333333333333 0.006666666666666667
5 0.8813333333333333 0.6053333333333333 0.005333333333333333 0.010666666666666666
5 0.8866666666666667 0.5926666666666667 0.0026666666666666666 0.004
5 0.9086666666666666 0.6373333333333333 0.036 0.104
5 0.848 0.5626666666666666 0.005333333333333333 0.0026666666666666666
5 0.8426666666666667 0.5606666666666666 0.0026666666666666666 0.0013333333333333333
5 0.8393333333333334 0.5593333333333333 0.0013333333333333333 0.0013333333333333333
5 0.8153333333333334 0.56 0.004 0.0026666666666666666
5 0.826 0.554 0.004 0.0013333333333333333
5 0.8166666666666667 0.55 0.004 0.0013333333333333333
5 0.8313333333333334 0.5473333333333333 0.0013333333333333333 0.0013333333333333333
5 0.8473333333333334 0.5453333333333333 0.004 0.0026666666666666666
5 0.8266666666666667 0.5446666666666666 0.0026666666666666666 0.0013333333333333333
5 0.7846666666666666 0.548 0.02 0.008
5 0.22533333333333333 0.5493333333333333 0.005333333333333333 0.016
5 0.7686666666666667 0.542 0.009333333333333334 0.004
5 0.81 0.538 0.0013333333333333333 0.0013333333333333333
5 0.8053333333333333 0.536 0.005333333333333333 0.0026666666666666666
5 0.794 0.5406666666666666 0.036 0.014666666666666666
5 0.7953333333333333 0.532 0.012 0.005333333333333333
5 0.22066666666666668 0.53 0.0013333333333333333 0.0013333333333333333
5 0.6726666666666666 0.526 0.0013333333333333333 0.0013333333333333333
5 0.7806666666666666 0.526 0.009333333333333334 0.004
5 0.21666666666666667 0.49 0.025333333333333333 0.164
5 0.244 0.386 0.021333333333333333 0.028
5 0.5093333333333333 0.5386666666666666 0.8266666666666667 0.408