5 0.5858333333333333 0.9591666666666666 0.0016666666666666668 0.0016666666666666668
5 0.5325 0.8983333333333333 0.011666666666666667 0.0033333333333333335
5 0.49333333333333335 0.8983333333333333 0.006666666666666667 0.0033333333333333335
5 0.3675 0.895 0.005 0.006666666666666667
5 0.27416666666666667 0.8825 0.0016666666666666668 0.005
5 0.39166666666666666 0.9058333333333334 0.006666666666666667 0.10166666666666667
5 0.38166666666666665 0.905 0.006666666666666667 0.10333333333333333
5 0.3675 0.8541666666666666 0.008333333333333333 0.058333333333333334
5 0.26916666666666667 0.8108333333333333 0.0016666666666666668 0.0016666666666666668
5 0.3675 0.8066666666666666 0.008333333333333333 0.03333333333333333
5 0.7775 0.6383333333333333 0.0016666666666666668 0.0033333333333333335
5 0.7783333333333333 0.6233333333333333 0.0033333333333333335 0.0033333333333333335
5 0.24833333333333332 0.5966666666666667 0.0033333333333333335 0.01
5 0.24833333333333332 0.585 0.0033333333333333335 0.0033333333333333335
5 0.7825 0.5708333333333333 0.0016666666666666668 0.0016666666666666668
5 0.24 0.49166666666666664 0.0033333333333333335 0.006666666666666667
5 0.2175 0.25583333333333336 0.0016666666666666668 0.0016666666666666668
5 0.5 0.49583333333333335 0.73 0.9216666666666666