5 0.13194444444444445 0.9986111111111111 0.005555555555555556 0.002777777777777778
5 0.016666666666666666 0.9666666666666667 0.002777777777777778 0.002777777777777778
5 0.11666666666666667 0.9368055555555556 0.002777777777777778 0.004166666666666667
5 0.1 0.9291666666666667 0.002777777777777778 0.002777777777777778
5 0.08263888888888889 0.7694444444444445 0.16527777777777777 0.06944444444444445
5 0.06527777777777778 0.7319444444444444 0.13055555555555556 0.019444444444444445
5 0.2013888888888889 0.6451388888888889 0.002777777777777778 0.015277777777777777
5 0.8666666666666667 0.5708333333333333 0.005555555555555556 0.005555555555555556
5 0.12638888888888888 0.4909722222222222 0.011111111111111112 0.001388888888888889
5 0.02638888888888889 0.4965277777777778 0.05277777777777778 0.0125
5 0.17222222222222222 0.4618055555555556 0.008333333333333333 0.004166666666666667
5 0.09444444444444444 0.45 0.17222222222222222 0.041666666666666664
5 0.7777777777777778 0.42916666666666664 0.002777777777777778 0.002777777777777778
5 0.03194444444444444 0.42916666666666664 0.025 0.002777777777777778
5 0.06319444444444444 0.4270833333333333 0.015277777777777777 0.001388888888888889
5 0.125 0.4215277777777778 0.075 0.006944444444444444
5 0.8833333333333333 0.40208333333333335 0.13055555555555556 0.020833333333333332
5 0.024305555555555556 0.31875 0.04861111111111111 0.02638888888888889
5 0.8791666666666667 0.28680555555555554 0.025 0.0125
5 0.08194444444444444 0.28125 0.002777777777777778 0.004166666666666667
5 0.07152777777777777 0.2791666666666667 0.015277777777777777 0.011111111111111112
5 0.16805555555555557 0.27361111111111114 0.05277777777777778 0.019444444444444445
5 0.7159722222222222 0.25763888888888886 0.006944444444444444 0.004166666666666667
5 0.8944444444444445 0.2263888888888889 0.002777777777777778 0.002777777777777778
5 0.06597222222222222 0.19722222222222222 0.03194444444444444 0.013888888888888888
5 0.7736111111111111 0.18125 0.030555555555555555 0.015277777777777777
5 0.03194444444444444 0.15486111111111112 0.008333333333333333 0.009722222222222222
5 0.5 0.5 1.0 1.0