5 0.3232421875 0.898238747553816 0.024088541666666668 0.0009784735812133072
5 0.697265625 0.8975048923679061 0.005208333333333333 0.0004892367906066536
5 0.685546875 0.8972602739726028 0.016927083333333332 0.0009784735812133072
5 0.330078125 0.8387964774951077 0.00390625 0.0014677103718199608
5 0.7574869791666666 0.8334148727984344 0.0006510416666666666 0.0004892367906066536
5 0.6585286458333334 0.8343933463796478 0.004557291666666667 0.004403131115459882
5 0.6546223958333334 0.8321917808219178 0.001953125 0.0009784735812133072
5 0.705078125 0.8427103718199609 0.0625 0.028864970645792562
5 0.3626302083333333 0.837573385518591 0.006510416666666667 0.02446183953033268
5 0.328125 0.8385518590998043 0.059895833333333336 0.03228962818003914
5 0.2763671875 0.8304794520547946 0.026692708333333332 0.017123287671232876
5 0.3873697916666667 0.8292563600782779 0.024739583333333332 0.016634050880626222
5 0.3287760416666667 0.8123776908023483 0.0026041666666666665 0.0014677103718199608
5 0.3212890625 0.8123776908023483 0.004557291666666667 0.002446183953033268
5 0.3229166666666667 0.8060176125244618 0.0013020833333333333 0.0004892367906066536
5 0.3479817708333333 0.8055283757338552 0.001953125 0.0004892367906066536
5 0.328125 0.8057729941291585 0.00390625 0.0009784735812133072
5 0.314453125 0.7901174168297456 0.0026041666666666665 0.0019569471624266144
5 0.3404947916666667 0.7901174168297456 0.03125 0.005870841487279843
5 0.3102213541666667 0.787426614481409 0.001953125 0.0014677103718199608
5 0.3225911458333333 0.787426614481409 0.0032552083333333335 0.002446183953033268
5 0.7721354166666666 0.7981898238747553 0.11067708333333333 0.05136986301369863
5 0.4049479166666667 0.7700587084148728 0.0013020833333333333 0.0009784735812133072
5 0.6002604166666666 0.7695694716242661 0.0026041666666666665 0.0029354207436399216
5 0.4501953125 0.7632093933463796 0.011067708333333334 0.007827788649706457
5 0.21061197916666666 0.7519569471624267 0.0032552083333333335 0.007827788649706457
5 0.5924479166666666 0.7473091976516634 0.0013020833333333333 0.0004892367906066536
5 0.5960286458333334 0.7448630136986302 0.0032552083333333335 0.003424657534246575
5 0.6416015625 0.7830234833659491 0.11783854166666667 0.08072407045009784
5 0.2552083333333333 0.7414383561643836 0.0013020833333333333 0.0004892367906066536
5 0.7532552083333334 0.7590508806262231 0.059895833333333336 0.03669275929549902
5 0.2604166666666667 0.7404598825831703 0.0026041666666666665 0.002446183953033268
5 0.21028645833333334 0.7363013698630136 0.0013020833333333333 0.0009784735812133072
5 0.5963541666666666 0.737279843444227 0.00390625 0.00684931506849315
5 0.7233072916666666 0.7314090019569471 0.014322916666666666 0.010763209393346379
5 0.7096354166666666 0.7314090019569471 0.01171875 0.010763209393346379
5 0.6953125 0.7309197651663405 0.015625 0.010763209393346379
5 0.6803385416666666 0.7304305283757339 0.01171875 0.010763209393346379
5 0.7457682291666666 0.7306751467710372 0.022786458333333332 0.01223091976516634
5 0.7630208333333334 0.7294520547945206 0.009114583333333334 0.011741682974559686
5 0.6634114583333334 0.7289628180039139 0.01171875 0.011741682974559686
5 0.6552734375 0.7277397260273972 0.0032552083333333335 0.011252446183953033
5 0.7880859375 0.7262720156555773 0.027994791666666668 0.014187866927592954
5 0.59765625 0.7184442270058709 0.0026041666666666665 0.002446183953033268
5 0.830078125 0.7177103718199609 0.0013020833333333333 0.0019569471624266144
5 0.8056640625 0.7223581213307241 0.007161458333333333 0.011252446183953033
5 0.62109375 0.7184442270058709 0.04296875 0.01223091976516634
5 0.818359375 0.7199119373776908 0.0078125 0.018101761252446183
5 0.5953776041666666 0.708904109589041 0.0006510416666666666 0.0009784735812133072
5 0.7223307291666666 0.7137964774951077 0.012369791666666666 0.011741682974559686
5 0.8258463541666666 0.7162426614481409 0.005859375 0.01761252446183953
5 0.7405598958333334 0.713307240704501 0.022786458333333332 0.011741682974559686
5 0.759765625 0.7123287671232876 0.01171875 0.011741682974559686
5 0.7685546875 0.7113502935420744 0.0032552083333333335 0.010763209393346379
5 0.5973307291666666 0.7067025440313112 0.0032552083333333335 0.0053816046966731895
5 0.7802734375 0.7098825831702544 0.018880208333333332 0.0136986301369863
5 0.6158854166666666 0.7084148727984344 0.009114583333333334 0.012720156555772993
5 0.21549479166666666 0.701320939334638 0.00390625 0.003424657534246575
5 0.2900390625 0.6653620352250489 0.0006510416666666666 0.0019569471624266144
5 0.587890625 0.649706457925636 0.0013020833333333333 0.0019569471624266144
5 0.22102864583333334 0.651908023483366 0.004557291666666667 0.007338551859099804
5 0.275390625 0.6477495107632094 0.0013020833333333333 0.0009784735812133072
5 0.2770182291666667 0.637720156555773 0.0006510416666666666 0.0004892367906066536
5 0.22298177083333334 0.6318493150684932 0.001953125 0.0014677103718199608
5 0.2770182291666667 0.6259784735812133 0.0006510416666666666 0.0004892367906066536
5 0.23665364583333334 0.6181506849315068 0.001953125 0.007338551859099804
5 0.22330729166666666 0.6132583170254403 0.00390625 0.003424657534246575
5 0.6279296875 0.6157045009784736 0.009765625 0.013209393346379647
5 0.6171875 0.6139921722113503 0.006510416666666667 0.012720156555772993
5 0.2770182291666667 0.6029843444227005 0.0006510416666666666 0.0004892367906066536
5 0.296875 0.5944227005870841 0.0026041666666666665 0.0029354207436399216
5 0.2747395833333333 0.5944227005870841 0.0026041666666666665 0.003913894324853229
5 0.2770182291666667 0.5912426614481409 0.0006510416666666666 0.0004892367906066536
5 0.271484375 0.5912426614481409 0.0013020833333333333 0.0004892367906066536
5 0.23795572916666666 0.5843933463796478 0.0006510416666666666 0.0004892367906066536
5 0.23990885416666666 0.5821917808219178 0.0006510416666666666 0.0009784735812133072
5 0.2373046875 0.5812133072407045 0.0006510416666666666 0.0029354207436399216
5 0.2701822916666667 0.5817025440313112 0.0026041666666666665 0.005870841487279843
5 0.2737630208333333 0.576320939334638 0.004557291666666667 0.0009784735812133072
5 0.24055989583333334 0.571917808219178 0.001953125 0.0019569471624266144
5 0.234375 0.5643346379647749 0.0013020833333333333 0.0014677103718199608
5 0.3587239583333333 0.5538160469667319 0.0013020833333333333 0.0029354207436399216
5 0.267578125 0.5513698630136986 0.0026041666666666665 0.00684931506849315
5 0.2652994791666667 0.5349804305283757 0.001953125 0.002446183953033268
5 0.3011067708333333 0.5327788649706457 0.001953125 0.0009784735812133072
5 0.24251302083333334 0.5234833659491194 0.0006510416666666666 0.0019569471624266144
5 0.24283854166666666 0.5200587084148728 0.0013020833333333333 0.0019569471624266144
5 0.3844401041666667 0.5210371819960861 0.001953125 0.008806262230919765
5 0.267578125 0.5166340508806262 0.0013020833333333333 0.0019569471624266144
5 0.294921875 0.5166340508806262 0.0026041666666666665 0.007827788649706457
5 0.3597005208333333 0.5095401174168297 0.001953125 0.0014677103718199608
5 0.23763020833333334 0.5088062622309197 0.0013020833333333333 0.0019569471624266144
5 0.630859375 0.5088062622309197 0.009114583333333334 0.012720156555772993
5 0.2373046875 0.5039138943248532 0.001953125 0.003913894324853229
5 0.6194661458333334 0.5068493150684932 0.007161458333333333 0.012720156555772993
5 0.23697916666666666 0.5004892367906066 0.0013020833333333333 0.0019569471624266144
5 0.3841145833333333 0.49951076320939336 0.0013020833333333333 0.003913894324853229
5 0.3603515625 0.49779843444227007 0.001953125 0.0014677103718199608
5 0.3863932291666667 0.49681996086105673 0.0006510416666666666 0.0004892367906066536
5 0.3597005208333333 0.49070450097847357 0.001953125 0.0029354207436399216
5 0.23860677083333334 0.4919275929549902 0.0032552083333333335 0.006360078277886497
5 0.2679036458333333 0.475293542074364 0.0006510416666666666 0.0004892367906066536
5 0.3014322916666667 0.4740704500978474 0.0013020833333333333 0.0009784735812133072
5 0.3583984375 0.4659980430528376 0.0006510416666666666 0.0004892367906066536
5 0.2718098958333333 0.4659980430528376 0.0006510416666666666 0.0004892367906066536
5 0.2373046875 0.46477495107632094 0.0006510416666666666 0.0019569471624266144
5 0.6145833333333334 0.5731409001956947 0.06640625 0.23043052837573386
5 0.2373046875 0.45474559686888455 0.0006510416666666666 0.0004892367906066536
5 0.24251302083333334 0.436399217221135 0.001953125 0.0009784735812133072
5 0.3834635416666667 0.4315068493150685 0.0026041666666666665 0.003913894324853229
5 0.2639973958333333 0.4295499021526419 0.001953125 0.0009784735812133072
5 0.2470703125 0.425146771037182 0.001953125 0.0009784735812133072
5 0.6272786458333334 0.4246575342465753 0.044921875 0.009784735812133072
5 0.6324869791666666 0.4158512720156556 0.009765625 0.012720156555772993
5 0.6217447916666666 0.4141389432485323 0.009114583333333334 0.01223091976516634
5 0.2900390625 0.39628180039138944 0.001953125 0.0009784735812133072
5 0.6383463541666666 0.40166340508806264 0.009765625 0.012720156555772993
5 0.2760416666666667 0.39652641878669276 0.01953125 0.002446183953033268
5 0.4072265625 0.3953033268101761 0.001953125 0.0009784735812133072
5 0.39453125 0.3960371819960861 0.020833333333333332 0.002446183953033268
5 0.3310546875 0.3955479452054795 0.07747395833333333 0.004403131115459882
5 0.6246744791666666 0.398972602739726 0.012369791666666666 0.013209393346379647
5 0.3317057291666667 0.5775440313111546 0.255859375 0.4799412915851272
5 0.8134765625 0.3321917808219178 0.008463541666666666 0.0019569471624266144
5 0.6041666666666666 0.3321917808219178 0.009114583333333334 0.0019569471624266144
5 0.8297526041666666 0.3312133072407045 0.005859375 0.003913894324853229
5 0.8219401041666666 0.3199608610567515 0.004557291666666667 0.0019569471624266144
5 0.8330078125 0.31947162426614484 0.013671875 0.008806262230919765
5 0.6708984375 0.32607632093933464 0.18815104166666666 0.02201565557729941
5 0.21712239583333334 0.31727005870841485 0.024088541666666668 0.0053816046966731895