5 0.3055 0.865 0.001 0.002
5 0.3035 0.7775 0.001 0.001
5 0.373 0.734 0.142 0.424
5 0.295 0.5205 0.004 0.003
5 0.294 0.5085 0.002 0.001
5 0.288 0.5025 0.008 0.005
5 0.3135 0.2645 0.005 0.003
5 0.3105 0.244 0.001 0.002
5 0.309 0.236 0.002 0.002
5 0.3075 0.222 0.007 0.002
5 0.3175 0.3605 0.079 0.327
5 0.314 0.196 0.002 0.002
5 0.3225 0.1925 0.005 0.005
5 0.3065 0.1805 0.009 0.003
5 0.3135 0.172 0.003 0.004
5 0.7 0.1475 0.004 0.005
5 0.6965 0.1405 0.001 0.001
5 0.6955 0.13 0.003 0.006
5 0.6945 0.124 0.003 0.004
5 0.4095 0.233 0.071 0.31
5 0.645 0.06 0.002 0.002
5 0.341 0.123 0.078 0.13
5 0.6285 0.501 0.191 0.89