5 0.6713333333333333 0.5686666666666667 0.012 0.004
5 0.5526666666666666 0.5893333333333334 0.23333333333333334 0.09066666666666667
5 0.56 0.5586666666666666 0.224 0.09066666666666667
5 0.5566666666666666 0.522 0.196 0.08133333333333333
5 0.582 0.49866666666666665 0.10266666666666667 0.042666666666666665
5 0.5213333333333333 0.474 0.013333333333333334 0.006666666666666667
5 0.722 0.4613333333333333 0.012 0.005333333333333333
5 0.712 0.45866666666666667 0.0026666666666666666 0.0026666666666666666
5 0.702 0.4533333333333333 0.012 0.005333333333333333
5 0.48933333333333334 0.4593333333333333 0.034666666666666665 0.02
5 0.49 0.42133333333333334 0.009333333333333334 0.008
5 0.8873333333333333 0.4033333333333333 0.0013333333333333333 0.0013333333333333333
5 0.236 0.38666666666666666 0.0026666666666666666 0.0026666666666666666
5 0.8813333333333333 0.468 0.136 0.17066666666666666
5 0.24133333333333334 0.374 0.0026666666666666666 0.004
5 0.6006666666666667 0.4106666666666667 0.18533333333333332 0.08266666666666667
5 0.49666666666666665 0.3586666666666667 0.004 0.005333333333333333
5 0.634 0.38866666666666666 0.22 0.1
5 0.2833333333333333 0.324 0.0013333333333333333 0.0026666666666666666
5 0.6466666666666666 0.3626666666666667 0.22133333333333333 0.10133333333333333
5 0.5386666666666666 0.2986666666666667 0.0026666666666666666 0.0026666666666666666
5 0.664 0.34 0.22133333333333333 0.10666666666666667
5 0.5206666666666667 0.2826666666666667 0.004 0.005333333333333333
5 0.5286666666666666 0.2733333333333333 0.006666666666666667 0.005333333333333333
5 0.17933333333333334 0.238 0.0013333333333333333 0.0013333333333333333
5 0.37666666666666665 0.22066666666666668 0.0013333333333333333 0.0013333333333333333
5 0.232 0.20533333333333334 0.005333333333333333 0.005333333333333333
5 0.45466666666666666 0.402 0.9093333333333333 0.804