5 0.48733333333333334 0.81 0.0013333333333333333 0.0013333333333333333
5 0.41333333333333333 0.7926666666666666 0.0026666666666666666 0.004
5 0.324 0.768 0.17066666666666666 0.048
5 0.7346666666666667 0.756 0.23733333333333334 0.06133333333333333
5 0.542 0.2906666666666667 0.004 0.0026666666666666666
5 0.516 0.29133333333333333 0.04 0.006666666666666667
5 0.5273333333333333 0.27066666666666667 0.0013333333333333333 0.029333333333333333
5 0.5373333333333333 0.26266666666666666 0.005333333333333333 0.048
5 0.536 0.21666666666666667 0.0026666666666666666 0.004
5 0.5466666666666666 0.25066666666666665 0.008 0.07466666666666667
5 0.5266666666666666 0.21533333333333332 0.0026666666666666666 0.004
5 0.518 0.214 0.0013333333333333333 0.0013333333333333333
5 0.5073333333333333 0.21466666666666667 0.0013333333333333333 0.0026666666666666666
5 0.496 0.24933333333333332 0.008 0.072
5 0.518 0.196 0.025333333333333333 0.021333333333333333
5 0.5133333333333333 0.46266666666666667 0.21333333333333335 0.5946666666666667