5 0.8666666666666667 0.9577777777777777 0.09777777777777778 0.013333333333333334
5 0.20666666666666667 0.9511111111111111 0.08444444444444445 0.02666666666666667
5 0.1511111111111111 0.8555555555555555 0.008888888888888889 0.06666666666666667
5 0.15333333333333332 0.7911111111111111 0.0044444444444444444 0.02666666666666667
5 0.5533333333333333 0.8533333333333334 0.09333333333333334 0.2222222222222222
5 0.2288888888888889 0.7111111111111111 0.013333333333333334 0.02666666666666667
5 0.9066666666666666 0.6777777777777778 0.008888888888888889 0.04888888888888889
5 0.2288888888888889 0.6622222222222223 0.013333333333333334 0.02666666666666667
5 0.5377777777777778 0.5466666666666666 0.017777777777777778 0.017777777777777778
5 0.12222222222222222 0.5155555555555555 0.022222222222222223 0.017777777777777778
5 0.2733333333333333 0.5511111111111111 0.09333333333333334 0.16
5 0.8044444444444444 0.5022222222222222 0.017777777777777778 0.10666666666666667
5 0.48 0.4955555555555556 0.05333333333333334 0.10222222222222223
5 0.6111111111111112 0.5133333333333333 0.09333333333333334 0.14666666666666667
5 0.45555555555555555 0.3711111111111111 0.013333333333333334 0.04888888888888889
5 0.5355555555555556 0.3111111111111111 0.0044444444444444444 0.008888888888888889
5 0.4666666666666667 0.3022222222222222 0.008888888888888889 0.035555555555555556
5 0.31333333333333335 0.3377777777777778 0.03111111111111111 0.11555555555555555
5 0.5222222222222223 0.2777777777777778 0.013333333333333334 0.06666666666666667
5 0.5266666666666666 0.2088888888888889 0.013333333333333334 0.017777777777777778
5 0.5822222222222222 0.2577777777777778 0.02666666666666667 0.13333333333333333
5 0.6333333333333333 0.24 0.04 0.2577777777777778
5 0.9155555555555556 0.22 0.017777777777777778 0.27111111111111114
5 0.8888888888888888 0.057777777777777775 0.035555555555555556 0.017777777777777778