5 0.4403292181069959 0.8864734299516909 0.024691358024691357 0.014492753623188406
5 0.5411522633744856 0.8816425120772947 0.012345679012345678 0.014492753623188406
5 0.742798353909465 0.6159420289855072 0.00411522633744856 0.004830917874396135
5 0.7263374485596708 0.6521739130434783 0.16872427983539096 0.07729468599033816
5 0.23251028806584362 0.7415458937198067 0.4567901234567901 0.4492753623188406
5 0.7613168724279835 0.7342995169082126 0.4773662551440329 0.45410628019323673
5 0.12962962962962962 0.49516908212560384 0.012345679012345678 0.014492753623188406
5 0.9259259259259259 0.47101449275362317 0.00823045267489712 0.004830917874396135
5 0.6090534979423868 0.46618357487922707 0.00823045267489712 0.014492753623188406
5 0.28189300411522633 0.5555555555555556 0.3004115226337449 0.24154589371980675
5 0.43415637860082307 0.427536231884058 0.00411522633744856 0.004830917874396135
5 0.7160493827160493 0.4975845410628019 0.2716049382716049 0.2028985507246377
5 0.45267489711934156 0.391304347826087 0.03292181069958848 0.057971014492753624
5 0.0720164609053498 0.4106280193236715 0.037037037037037035 0.1642512077294686
5 0.977366255144033 0.40096618357487923 0.02880658436213992 0.1642512077294686
5 0.4835390946502058 0.30434782608695654 0.00411522633744856 0.00966183574879227
5 0.9711934156378601 0.2777777777777778 0.01646090534979424 0.014492753623188406
5 0.9403292181069959 0.21497584541062803 0.00411522633744856 0.004830917874396135
5 0.8559670781893004 0.1642512077294686 0.00823045267489712 0.00966183574879227
5 0.5864197530864198 0.11352657004830918 0.00411522633744856 0.004830917874396135
5 0.30246913580246915 0.07729468599033816 0.06995884773662552 0.028985507246376812
5 0.757201646090535 0.10386473429951691 0.2880658436213992 0.10144927536231885