5 0.8204633204633205 0.9974226804123711 0.003861003861003861 0.005154639175257732
5 0.7799227799227799 0.9896907216494846 0.03088803088803089 0.020618556701030927
5 0.22586872586872586 0.9896907216494846 0.02702702702702703 0.020618556701030927
5 0.8687258687258688 0.9432989690721649 0.007722007722007722 0.010309278350515464
5 0.45366795366795365 0.961340206185567 0.07335907335907337 0.05670103092783505
5 0.5540540540540541 0.9639175257731959 0.09652509652509653 0.07216494845360824
5 0.41312741312741313 0.9201030927835051 0.015444015444015444 0.015463917525773196
5 0.3590733590733591 0.9561855670103093 0.15444015444015444 0.08762886597938144
5 0.18532818532818532 0.9561855670103093 0.0694980694980695 0.08762886597938144
5 0.6833976833976834 0.9407216494845361 0.138996138996139 0.11855670103092783
5 0.277992277992278 0.865979381443299 0.05405405405405406 0.041237113402061855
5 0.16023166023166024 0.8582474226804123 0.02702702702702703 0.02577319587628866
5 0.4749034749034749 0.8891752577319587 0.04633204633204633 0.0979381443298969
5 0.05405405405405406 0.9149484536082474 0.10810810810810811 0.17010309278350516
5 0.07722007722007722 0.8092783505154639 0.015444015444015444 0.030927835051546393
5 0.0945945945945946 0.7860824742268041 0.003861003861003861 0.005154639175257732
5 0.9324324324324325 0.7731958762886598 0.011583011583011582 0.020618556701030927
5 0.9420849420849421 0.8788659793814433 0.11583011583011583 0.2422680412371134
5 0.5366795366795367 0.8170103092783505 0.138996138996139 0.11855670103092783
5 0.05019305019305019 0.7396907216494846 0.023166023166023165 0.02577319587628866
5 0.1583011583011583 0.7577319587628866 0.09266409266409266 0.1134020618556701
5 0.36293436293436293 0.7938144329896907 0.15444015444015444 0.20618556701030927
5 0.003861003861003861 0.6855670103092784 0.007722007722007722 0.010309278350515464
5 0.7915057915057915 0.8247422680412371 0.277992277992278 0.29896907216494845
5 0.5675675675675675 0.7061855670103093 0.04633204633204633 0.061855670103092786
5 0.23745173745173745 0.7474226804123711 0.05791505791505792 0.15463917525773196
5 0.07142857142857142 0.6675257731958762 0.019305019305019305 0.015463917525773196
5 0.8474903474903475 0.6520618556701031 0.003861003861003861 0.005154639175257732
5 0.5154440154440154 0.634020618556701 0.011583011583011582 0.030927835051546393
5 0.8301158301158301 0.6314432989690721 0.023166023166023165 0.03608247422680412
5 0.16023166023166024 0.6469072164948454 0.04247104247104247 0.07731958762886598
5 0.6583011583011583 0.6288659793814433 0.03474903474903475 0.05154639175257732
5 0.8938223938223938 0.5876288659793815 0.011583011583011582 0.020618556701030927
5 0.7915057915057915 0.5798969072164949 0.007722007722007722 0.005154639175257732
5 0.722007722007722 0.5798969072164949 0.007722007722007722 0.005154639175257732
5 0.9247104247104247 0.6469072164948454 0.1274131274131274 0.18041237113402062
5 0.7992277992277992 0.5618556701030928 0.007722007722007722 0.010309278350515464
5 0.6544401544401545 0.5747422680412371 0.02702702702702703 0.03608247422680412
5 0.4111969111969112 0.5592783505154639 0.003861003861003861 0.005154639175257732
5 0.361003861003861 0.5850515463917526 0.06563706563706563 0.07731958762886598
5 0.9787644787644788 0.5412371134020618 0.04247104247104247 0.020618556701030927
5 0.8166023166023166 0.5412371134020618 0.019305019305019305 0.020618556701030927
5 0.9247104247104247 0.5335051546391752 0.019305019305019305 0.02577319587628866
5 0.8841698841698842 0.5309278350515464 0.015444015444015444 0.020618556701030927
5 0.3281853281853282 0.5283505154639175 0.023166023166023165 0.015463917525773196
5 0.29343629343629346 0.5335051546391752 0.03861003861003861 0.02577319587628866
5 0.4942084942084942 0.5541237113402062 0.13127413127413126 0.0979381443298969
5 0.1776061776061776 0.5309278350515464 0.023166023166023165 0.061855670103092786
5 0.20656370656370657 0.47680412371134023 0.003861003861003861 0.005154639175257732
5 0.04826254826254826 0.5489690721649485 0.09652509652509653 0.14948453608247422
5 0.9980694980694981 0.46649484536082475 0.003861003861003861 0.005154639175257732
5 0.6003861003861004 0.46649484536082475 0.003861003861003861 0.005154639175257732
5 0.7181467181467182 0.45618556701030927 0.04633204633204633 0.015463917525773196
5 0.581081081081081 0.4742268041237113 0.02702702702702703 0.05154639175257732
5 0.38803088803088803 0.44329896907216493 0.003861003861003861 0.010309278350515464
5 0.2528957528957529 0.45618556701030927 0.03474903474903475 0.04639175257731959
5 0.47876447876447875 0.4252577319587629 0.007722007722007722 0.015463917525773196
5 0.29343629343629346 0.39948453608247425 0.007722007722007722 0.005154639175257732
5 0.25868725868725867 0.40463917525773196 0.05405405405405406 0.04639175257731959
5 0.3841698841698842 0.3943298969072165 0.019305019305019305 0.03608247422680412
5 0.361003861003861 0.3556701030927835 0.011583011583011582 0.010309278350515464
5 0.1274131274131274 0.3943298969072165 0.04633204633204633 0.08762886597938144
5 0.9247104247104247 0.422680412371134 0.08108108108108109 0.16494845360824742
5 0.7567567567567568 0.3711340206185567 0.03861003861003861 0.061855670103092786
5 0.023166023166023165 0.35309278350515466 0.04633204633204633 0.03608247422680412
5 0.8359073359073359 0.3402061855670103 0.06563706563706563 0.07216494845360824
5 0.19111969111969113 0.3015463917525773 0.003861003861003861 0.005154639175257732
5 0.7123552123552124 0.30670103092783507 0.019305019305019305 0.02577319587628866
5 0.46332046332046334 0.32989690721649484 0.03861003861003861 0.07216494845360824
5 0.6563706563706564 0.32989690721649484 0.04633204633204633 0.09278350515463918
5 0.25096525096525096 0.31958762886597936 0.10038610038610038 0.09278350515463918
5 0.17567567567567569 0.2809278350515464 0.08108108108108109 0.07731958762886598
5 0.6698841698841699 0.24484536082474226 0.05019305019305019 0.03608247422680412
5 0.5926640926640927 0.23195876288659795 0.04247104247104247 0.020618556701030927
5 0.555984555984556 0.23969072164948454 0.023166023166023165 0.04639175257731959
5 0.28185328185328185 0.22938144329896906 0.03088803088803089 0.02577319587628866
5 0.7007722007722008 0.21391752577319587 0.003861003861003861 0.005154639175257732
5 0.8397683397683398 0.19845360824742267 0.011583011583011582 0.02577319587628866
5 0.361003861003861 0.1958762886597938 0.07335907335907337 0.05154639175257732
5 0.34942084942084944 0.13917525773195877 0.011583011583011582 0.010309278350515464
5 0.5135135135135135 0.17010309278350516 0.05405405405405406 0.08247422680412371
5 0.4015444015444015 0.14175257731958762 0.03088803088803089 0.02577319587628866
5 0.6583011583011583 0.11597938144329897 0.011583011583011582 0.015463917525773196
5 0.3088803088803089 0.09278350515463918 0.05405405405405406 0.061855670103092786
5 0.6853281853281853 0.05412371134020619 0.04247104247104247 0.04639175257731959
5 0.45366795366795365 0.07474226804123711 0.05019305019305019 0.08762886597938144
5 0.8513513513513513 0.17010309278350516 0.2972972972972973 0.3402061855670103
5 0.6872586872586872 0.002577319587628866 0.015444015444015444 0.005154639175257732
5 0.6563706563706564 0.002577319587628866 0.007722007722007722 0.005154639175257732
5 0.6003861003861004 0.007731958762886598 0.019305019305019305 0.015463917525773196
5 0.5193050193050193 0.010309278350515464 0.019305019305019305 0.020618556701030927
5 0.4420849420849421 0.010309278350515464 0.011583011583011582 0.020618556701030927
5 0.35135135135135137 0.005154639175257732 0.007722007722007722 0.010309278350515464
5 0.28378378378378377 0.02577319587628866 0.03474903474903475 0.05154639175257732
5 0.20077220077220076 0.03608247422680412 0.08494208494208494 0.07216494845360824
5 0.1274131274131274 0.028350515463917526 0.04633204633204633 0.05670103092783505
5 0.10617760617760617 0.13917525773195877 0.21235521235521235 0.27835051546391754