5 0.17333333333333334 0.8488888888888889 0.008888888888888889 0.008888888888888889
5 0.21555555555555556 0.8044444444444444 0.03111111111111111 0.02666666666666667
5 0.09777777777777778 0.7466666666666667 0.035555555555555556 0.035555555555555556
5 0.3 0.6911111111111111 0.0044444444444444444 0.0044444444444444444
5 0.3111111111111111 0.7066666666666667 0.08888888888888889 0.09777777777777778
5 0.33555555555555555 0.6555555555555556 0.0044444444444444444 0.0044444444444444444
5 0.36444444444444446 0.6466666666666666 0.017777777777777778 0.013333333333333334
5 0.3977777777777778 0.6177777777777778 0.022222222222222223 0.02666666666666667
5 0.44666666666666666 0.5711111111111111 0.022222222222222223 0.022222222222222223
5 0.47555555555555556 0.5444444444444444 0.008888888888888889 0.013333333333333334
5 0.28444444444444444 0.6711111111111111 0.26666666666666666 0.27555555555555555
5 0.43555555555555553 0.5133333333333333 0.017777777777777778 0.013333333333333334
5 0.5555555555555556 0.4488888888888889 0.008888888888888889 0.008888888888888889
5 0.5911111111111111 0.41333333333333333 0.008888888888888889 0.008888888888888889
5 0.6177777777777778 0.40444444444444444 0.008888888888888889 0.008888888888888889
5 0.6266666666666667 0.38 0.008888888888888889 0.0044444444444444444
5 0.6688888888888889 0.35555555555555557 0.04888888888888889 0.05333333333333334
5 0.7711111111111111 0.21777777777777776 0.2088888888888889 0.2311111111111111