5 0.37555555555555553 0.8622222222222222 0.5822222222222222 0.1511111111111111
5 0.6555555555555556 0.8266666666666667 0.022222222222222223 0.18666666666666668
5 0.6311111111111111 0.6555555555555556 0.08 0.03111111111111111
5 0.5311111111111111 0.6244444444444445 0.07555555555555556 0.03111111111111111
5 0.6311111111111111 0.6155555555555555 0.044444444444444446 0.03111111111111111
5 0.5688888888888889 0.6044444444444445 0.008888888888888889 0.017777777777777778
5 0.49333333333333335 0.5955555555555555 0.008888888888888889 0.017777777777777778
5 0.7355555555555555 0.6 0.07555555555555556 0.035555555555555556
5 0.4288888888888889 0.6 0.07555555555555556 0.035555555555555556
5 0.5311111111111111 0.5844444444444444 0.04 0.03111111111111111
5 0.4666666666666667 0.5733333333333334 0.008888888888888889 0.017777777777777778
5 0.39111111111111113 0.5755555555555556 0.008888888888888889 0.022222222222222223
5 0.5688888888888889 0.5666666666666667 0.008888888888888889 0.013333333333333334
5 0.3288888888888889 0.5777777777777777 0.07111111111111111 0.035555555555555556
5 0.4955555555555556 0.5511111111111111 0.0044444444444444444 0.008888888888888889
5 0.96 0.64 0.017777777777777778 0.19555555555555557
5 0.7333333333333333 0.5577777777777778 0.044444444444444446 0.03111111111111111
5 0.4311111111111111 0.5577777777777778 0.044444444444444446 0.03111111111111111
5 0.36666666666666664 0.5466666666666666 0.0044444444444444444 0.017777777777777778
5 0.7622222222222222 0.5333333333333333 0.013333333333333334 0.008888888888888889
5 0.4022222222222222 0.5333333333333333 0.013333333333333334 0.008888888888888889
5 0.8355555555555556 0.54 0.08 0.04
5 0.7044444444444444 0.5266666666666666 0.0044444444444444444 0.013333333333333334
5 0.2688888888888889 0.5266666666666666 0.013333333333333334 0.022222222222222223
5 0.2311111111111111 0.54 0.07111111111111111 0.06666666666666667
5 0.8 0.5111111111111111 0.008888888888888889 0.017777777777777778
5 0.6022222222222222 0.4955555555555556 0.0044444444444444444 0.013333333333333334
5 0.7244444444444444 0.5066666666666667 0.05333333333333334 0.044444444444444446
5 0.2688888888888889 0.4955555555555556 0.022222222222222223 0.022222222222222223
5 0.26666666666666666 0.4711111111111111 0.017777777777777778 0.017777777777777778
5 0.6444444444444445 0.4488888888888889 0.08 0.28444444444444444
5 0.6822222222222222 0.28444444444444444 0.0044444444444444444 0.008888888888888889
5 0.5355555555555556 0.42 0.08444444444444445 0.28
5 0.43555555555555553 0.41333333333333333 0.08888888888888889 0.26666666666666666
5 0.4666666666666667 0.28 0.008888888888888889 0.017777777777777778
5 0.6844444444444444 0.2688888888888889 0.008888888888888889 0.013333333333333334
5 0.34 0.4066666666666667 0.09333333333333334 0.29777777777777775
5 0.7511111111111111 0.3111111111111111 0.08 0.1511111111111111
5 0.7888888888888889 0.22666666666666666 0.0044444444444444444 0.008888888888888889
5 0.8844444444444445 0.21777777777777776 0.008888888888888889 0.08