5 0.7066666666666667 0.9555555555555556 0.10666666666666667 0.017777777777777778
5 0.5088888888888888 0.9555555555555556 0.1111111111111111 0.017777777777777778
5 0.30666666666666664 0.9555555555555556 0.10666666666666667 0.017777777777777778
5 0.10666666666666667 0.9555555555555556 0.10666666666666667 0.017777777777777778
5 0.9044444444444445 0.9533333333333334 0.1111111111111111 0.022222222222222223
5 0.4222222222222222 0.8288888888888889 0.008888888888888889 0.022222222222222223
5 0.2222222222222222 0.8288888888888889 0.008888888888888889 0.022222222222222223
5 0.022222222222222223 0.8288888888888889 0.008888888888888889 0.022222222222222223
5 0.8177777777777778 0.8266666666666667 0.008888888888888889 0.02666666666666667
5 0.62 0.8266666666666667 0.013333333333333334 0.02666666666666667
5 0.9022222222222223 0.2111111111111111 0.05333333333333334 0.057777777777777775
5 0.30444444444444446 0.2111111111111111 0.04888888888888889 0.057777777777777775
5 0.7044444444444444 0.2111111111111111 0.04888888888888889 0.06666666666666667
5 0.5022222222222222 0.2111111111111111 0.05333333333333334 0.06666666666666667
5 0.10666666666666667 0.2111111111111111 0.05333333333333334 0.06666666666666667
5 0.10666666666666667 0.15333333333333332 0.008888888888888889 0.0044444444444444444