5 0.5253333333333333 0.719 0.005333333333333333 0.008666666666666666
5 0.578 0.7103333333333334 0.021333333333333333 0.018
5 0.5593333333333333 0.7103333333333334 0.010666666666666666 0.018
5 0.5376666666666666 0.707 0.014 0.024666666666666667
5 0.5146666666666667 0.707 0.013333333333333334 0.024666666666666667
5 0.49766666666666665 0.707 0.015333333333333332 0.024666666666666667
5 0.5426666666666666 0.6856666666666666 0.8573333333333333 0.019333333333333334
5 0.12833333333333333 0.617 0.0006666666666666666 0.0006666666666666666
5 0.5406666666666666 0.5843333333333334 0.8493333333333334 0.12866666666666668
5 0.07466666666666667 0.4563333333333333 0.021333333333333333 0.018
5 0.05633333333333333 0.4563333333333333 0.01 0.018
5 0.016 0.453 0.009333333333333334 0.024666666666666667
5 0.034 0.45266666666666666 0.013333333333333334 0.025333333333333333
5 0.5066666666666667 0.4226666666666667 0.08266666666666667 0.17333333333333334
5 0.543 0.3443333333333333 0.12066666666666667 0.066
5 0.097 0.473 0.019333333333333334 0.3566666666666667