5 0.68 0.634 0.024 0.009333333333333334
5 0.3 0.624 0.021333333333333333 0.008
5 0.6713333333333333 0.612 0.052 0.0026666666666666666
5 0.30533333333333335 0.604 0.018666666666666668 0.0026666666666666666
5 0.31866666666666665 0.5686666666666667 0.0026666666666666666 0.0013333333333333333
5 0.7826666666666666 0.556 0.005333333333333333 0.018666666666666668
5 0.45866666666666667 0.5113333333333333 0.005333333333333333 0.004
5 0.6973333333333334 0.5113333333333333 0.005333333333333333 0.006666666666666667
5 0.7326666666666667 0.5033333333333333 0.02 0.02266666666666667
5 0.712 0.5033333333333333 0.018666666666666668 0.02266666666666667
5 0.6826666666666666 0.5033333333333333 0.018666666666666668 0.02266666666666667
5 0.6626666666666666 0.5033333333333333 0.018666666666666668 0.02266666666666667
5 0.6486666666666666 0.5033333333333333 0.006666666666666667 0.02266666666666667
5 0.6093333333333333 0.5033333333333333 0.029333333333333333 0.02266666666666667
5 0.5846666666666667 0.5026666666666667 0.017333333333333333 0.021333333333333333
5 0.5046666666666667 0.5033333333333333 0.017333333333333333 0.02266666666666667
5 0.47933333333333333 0.5026666666666667 0.030666666666666665 0.021333333333333333
5 0.44333333333333336 0.5026666666666667 0.017333333333333333 0.021333333333333333
5 0.35733333333333334 0.5033333333333333 0.018666666666666668 0.02266666666666667
5 0.29533333333333334 0.5033333333333333 0.02 0.02266666666666667
5 0.27466666666666667 0.5066666666666667 0.018666666666666668 0.029333333333333333
5 0.25466666666666665 0.5033333333333333 0.018666666666666668 0.02266666666666667
5 0.23466666666666666 0.5033333333333333 0.018666666666666668 0.02266666666666667
5 0.7586666666666667 0.5026666666666667 0.029333333333333333 0.024
5 0.3953333333333333 0.5026666666666667 0.017333333333333333 0.024
5 0.37666666666666665 0.5026666666666667 0.017333333333333333 0.024
5 0.648 0.488 0.005333333333333333 0.005333333333333333
5 0.634 0.49933333333333335 0.017333333333333333 0.030666666666666665
5 0.57 0.48733333333333334 0.006666666666666667 0.006666666666666667
5 0.5253333333333333 0.49933333333333335 0.018666666666666668 0.030666666666666665
5 0.316 0.49933333333333335 0.018666666666666668 0.030666666666666665
5 0.788 0.514 0.008 0.06266666666666666
5 0.3373333333333333 0.49866666666666665 0.018666666666666668 0.032
5 0.7926666666666666 0.4726666666666667 0.0013333333333333333 0.004
5 0.6866666666666666 0.49866666666666665 0.3466666666666667 0.33866666666666667
5 0.30133333333333334 0.492 0.32 0.336