5 0.43014705882352944 0.8279569892473119 0.029411764705882353 0.021505376344086023
5 0.39705882352941174 0.8252688172043011 0.014705882352941176 0.016129032258064516
5 0.36764705882352944 0.8225806451612904 0.007352941176470588 0.010752688172043012
5 0.7647058823529411 0.47580645161290325 0.014705882352941176 0.03763440860215054
5 0.8216911764705882 0.43548387096774194 0.011029411764705883 0.021505376344086023
5 0.7371323529411765 0.4381720430107527 0.01838235294117647 0.04838709677419355
5 0.05698529411764706 0.3897849462365591 0.011029411764705883 0.016129032258064516
5 0.24080882352941177 0.12365591397849462 0.01838235294117647 0.010752688172043012
5 0.26838235294117646 0.10483870967741936 0.007352941176470588 0.005376344086021506
5 0.4889705882352941 0.04838709677419355 0.007352941176470588 0.010752688172043012
5 0.4430147058823529 0.04838709677419355 0.011029411764705883 0.010752688172043012
5 0.5 0.5 1.0 1.0