5 0.6639344262295082 0.8478260869565217 0.03278688524590164 0.014492753623188406
5 0.39139344262295084 0.8405797101449275 0.020491803278688523 0.00966183574879227
5 0.3524590163934426 0.8309178743961353 0.04918032786885246 0.01932367149758454
5 0.39959016393442626 0.7584541062801933 0.012295081967213115 0.00966183574879227
5 0.7479508196721312 0.7777777777777778 0.0942622950819672 0.057971014492753624
5 0.3237704918032787 0.748792270531401 0.00819672131147541 0.01932367149758454
5 0.28688524590163933 0.7463768115942029 0.01639344262295082 0.033816425120772944
5 0.7520491803278688 0.7318840579710145 0.036885245901639344 0.043478260869565216
5 0.8565573770491803 0.717391304347826 0.06557377049180328 0.05314009661835749
5 0.6659836065573771 0.7222222222222222 0.0778688524590164 0.0821256038647343
5 0.9139344262295082 0.6642512077294686 0.00819672131147541 0.004830917874396135
5 0.8545081967213115 0.6618357487922706 0.012295081967213115 0.00966183574879227
5 0.735655737704918 0.6666666666666666 0.020491803278688523 0.01932367149758454
5 0.6229508196721312 0.6352657004830918 0.01639344262295082 0.024154589371980676
5 0.8852459016393442 0.6328502415458938 0.02459016393442623 0.03864734299516908
5 0.5881147540983607 0.6159420289855072 0.004098360655737705 0.004830917874396135
5 0.8012295081967213 0.6014492753623188 0.06967213114754098 0.07246376811594203
5 0.7254098360655737 0.5821256038647343 0.040983606557377046 0.05314009661835749
5 0.7479508196721312 0.533816425120773 0.020491803278688523 0.014492753623188406
5 0.8504098360655737 0.5217391304347826 0.004098360655737705 0.00966183574879227
5 0.5901639344262295 0.5169082125603864 0.00819672131147541 0.00966183574879227
5 0.6434426229508197 0.5434782608695652 0.10655737704918032 0.0821256038647343
5 0.6024590163934426 0.4855072463768116 0.01639344262295082 0.014492753623188406
5 0.5102459016393442 0.4758454106280193 0.004098360655737705 0.004830917874396135
5 0.5614754098360656 0.4782608695652174 0.01639344262295082 0.028985507246376812
5 0.7131147540983607 0.4758454106280193 0.06557377049180328 0.0821256038647343
5 0.6987704918032787 0.4106280193236715 0.020491803278688523 0.01932367149758454
5 0.6967213114754098 0.35507246376811596 0.01639344262295082 0.024154589371980676
5 0.5389344262295082 0.1932367149758454 0.012295081967213115 0.00966183574879227
5 0.5286885245901639 0.23429951690821257 0.09016393442622951 0.09178743961352658
5 0.319672131147541 0.42028985507246375 0.639344262295082 0.8405797101449275
5 0.0471311475409836 0.026570048309178744 0.0778688524590164 0.05314009661835749