5 0.92 0.994535519125683 0.007272727272727273 0.01092896174863388
5 0.25272727272727274 0.994535519125683 0.01090909090909091 0.01092896174863388
5 0.1781818181818182 0.9918032786885246 0.014545454545454545 0.01639344262295082
5 0.5745454545454546 0.9808743169398907 0.03636363636363636 0.03825136612021858
5 0.40545454545454546 0.9617486338797814 0.01090909090909091 0.02185792349726776
5 0.30727272727272725 0.9234972677595629 0.01090909090909091 0.02185792349726776
5 0.8418181818181818 0.912568306010929 0.03272727272727273 0.02185792349726776
5 0.9181818181818182 0.9262295081967213 0.04727272727272727 0.08196721311475409
5 0.3490909090909091 0.8934426229508197 0.014545454545454545 0.01639344262295082
5 0.22363636363636363 0.8387978142076503 0.0036363636363636364 0.00546448087431694
5 0.6781818181818182 0.8633879781420765 0.04 0.1092896174863388
5 0.8527272727272728 0.7950819672131147 0.01090909090909091 0.00546448087431694
5 0.8927272727272727 0.8032786885245902 0.03272727272727273 0.0546448087431694
5 0.7890909090909091 0.7978142076502732 0.09454545454545454 0.06557377049180328
5 0.5036363636363637 0.7786885245901639 0.03272727272727273 0.04918032786885246
5 0.3181818181818182 0.7704918032786885 0.03272727272727273 0.0546448087431694
5 0.6563636363636364 0.7295081967213115 0.01090909090909091 0.01639344262295082
5 0.7290909090909091 0.6967213114754098 0.04727272727272727 0.03825136612021858
5 0.5072727272727273 0.6912568306010929 0.025454545454545455 0.04918032786885246
5 0.3781818181818182 0.6639344262295082 0.08727272727272728 0.09289617486338798
5 0.03636363636363636 0.4207650273224044 0.014545454545454545 0.02185792349726776
5 0.02 0.3907103825136612 0.01090909090909091 0.01639344262295082
5 0.04363636363636364 0.37158469945355194 0.007272727272727273 0.01092896174863388
5 0.007272727272727273 0.366120218579235 0.014545454545454545 0.02185792349726776
5 0.08727272727272728 0.2978142076502732 0.007272727272727273 0.01639344262295082
5 0.14545454545454545 0.27595628415300544 0.007272727272727273 0.00546448087431694
5 0.5 0.5 1.0 1.0