5 0.9044444444444445 0.8288888888888889 0.022222222222222223 0.03111111111111111
5 0.9755555555555555 0.8222222222222222 0.013333333333333334 0.02666666666666667
5 0.5866666666666667 0.8244444444444444 0.05333333333333334 0.04888888888888889
5 0.44666666666666666 0.8222222222222222 0.04 0.05333333333333334
5 0.3622222222222222 0.8177777777777778 0.04 0.06222222222222222
5 0.2777777777777778 0.78 0.022222222222222223 0.03111111111111111
5 0.8333333333333334 0.7666666666666667 0.013333333333333334 0.013333333333333334
5 0.35777777777777775 0.7333333333333333 0.0044444444444444444 0.008888888888888889
5 0.48444444444444446 0.7133333333333334 0.035555555555555556 0.03111111111111111
5 0.7866666666666666 0.6866666666666666 0.017777777777777778 0.013333333333333334
5 0.5 0.5 1.0 0.6977777777777778