5 0.62 0.9577777777777777 0.06666666666666667 0.013333333333333334
5 0.22444444444444445 0.86 0.0044444444444444444 0.0044444444444444444
5 0.2 0.8466666666666667 0.017777777777777778 0.013333333333333334
5 0.1711111111111111 0.8155555555555556 0.03111111111111111 0.04888888888888889
5 0.5155555555555555 0.8577777777777778 0.12444444444444444 0.18666666666666668
5 0.1622222222222222 0.7488888888888889 0.0044444444444444444 0.0044444444444444444
5 0.76 0.8155555555555556 0.06222222222222222 0.16444444444444445
5 0.4688888888888889 0.7377777777777778 0.0044444444444444444 0.008888888888888889
5 0.32666666666666666 0.7777777777777778 0.10222222222222223 0.10666666666666667
5 0.7488888888888889 0.7177777777777777 0.0044444444444444444 0.0044444444444444444
5 0.47555555555555556 0.6822222222222222 0.035555555555555556 0.06666666666666667
5 0.3711111111111111 0.6333333333333333 0.0044444444444444444 0.0044444444444444444
5 0.1688888888888889 0.6222222222222222 0.044444444444444446 0.035555555555555556
5 0.13555555555555557 0.5844444444444444 0.0044444444444444444 0.0044444444444444444
5 0.8466666666666667 0.6111111111111112 0.06666666666666667 0.2
5 0.31555555555555553 0.5466666666666666 0.1511111111111111 0.11555555555555555
5 0.48 0.4911111111111111 0.035555555555555556 0.09333333333333334
5 0.07777777777777778 0.38 0.022222222222222223 0.022222222222222223
5 0.6 0.3688888888888889 0.008888888888888889 0.008888888888888889
5 0.6711111111111111 0.3422222222222222 0.07111111111111111 0.017777777777777778
5 0.8533333333333334 0.4177777777777778 0.13333333333333333 0.19555555555555557
5 0.6 0.28444444444444444 0.02666666666666667 0.017777777777777778
5 0.7377777777777778 0.2688888888888889 0.008888888888888889 0.013333333333333334
5 0.7311111111111112 0.22444444444444445 0.04888888888888889 0.03111111111111111
5 0.3466666666666667 0.2511111111111111 0.27555555555555555 0.25333333333333335