5 0.49433962264150944 0.9710526315789474 0.03773584905660377 0.015789473684210527
5 0.4679245283018868 0.9710526315789474 0.007547169811320755 0.015789473684210527
5 0.44528301886792454 0.968421052631579 0.01509433962264151 0.021052631578947368
5 0.36792452830188677 0.9710526315789474 0.1320754716981132 0.02631578947368421
5 0.6943396226415094 0.9605263157894737 0.007547169811320755 0.015789473684210527
5 0.6622641509433962 0.968421052631579 0.04150943396226415 0.031578947368421054
5 0.620754716981132 0.9657894736842105 0.026415094339622643 0.02631578947368421
5 0.5981132075471698 0.9631578947368421 0.011320754716981131 0.021052631578947368
5 0.5716981132075472 0.9657894736842105 0.026415094339622643 0.02631578947368421
5 0.5452830188679245 0.968421052631579 0.011320754716981131 0.031578947368421054
5 0.8754716981132076 0.7684210526315789 0.2490566037735849 0.3157894736842105
5 0.5641509433962264 0.32894736842105265 0.0037735849056603774 0.005263157894736842
5 0.5792452830188679 0.32105263157894737 0.018867924528301886 0.010526315789473684
5 0.6 0.3078947368421053 0.007547169811320755 0.005263157894736842
5 0.6452830188679245 0.28421052631578947 0.052830188679245285 0.031578947368421054
5 0.7528301886792453 0.2236842105263158 0.018867924528301886 0.015789473684210527
5 0.7849056603773585 0.20526315789473684 0.01509433962264151 0.010526315789473684
5 0.8150943396226416 0.18947368421052632 0.022641509433962263 0.021052631578947368
5 0.6584905660377358 0.18947368421052632 0.04905660377358491 0.042105263157894736
5 0.7075471698113207 0.16578947368421051 0.026415094339622643 0.015789473684210527
5 0.6037735849056604 0.16842105263157894 0.06037735849056604 0.031578947368421054
5 0.7622641509433963 0.007894736842105263 0.022641509433962263 0.015789473684210527
5 0.5 0.46578947368421053 1.0 0.9315789473684211