5 0.43014705882352944 0.8306451612903226 0.029411764705882353 0.016129032258064516
5 0.39705882352941174 0.8252688172043011 0.014705882352941176 0.016129032258064516
5 0.36764705882352944 0.8225806451612904 0.007352941176470588 0.010752688172043012
5 0.7647058823529411 0.47580645161290325 0.014705882352941176 0.03763440860215054
5 0.04963235294117647 0.44086021505376344 0.003676470588235294 0.010752688172043012
5 0.8198529411764706 0.4381720430107527 0.007352941176470588 0.016129032258064516
5 0.7371323529411765 0.4381720430107527 0.01838235294117647 0.04838709677419355
5 0.05698529411764706 0.3897849462365591 0.011029411764705883 0.016129032258064516
5 0.18198529411764705 0.13172043010752688 0.003676470588235294 0.005376344086021506
5 0.24080882352941177 0.12365591397849462 0.01838235294117647 0.010752688172043012
5 0.26286764705882354 0.0913978494623656 0.003676470588235294 0.010752688172043012
5 0.30514705882352944 0.08602150537634409 0.007352941176470588 0.010752688172043012
5 0.49264705882352944 0.04838709677419355 0.014705882352941176 0.010752688172043012
5 0.4430147058823529 0.04838709677419355 0.011029411764705883 0.010752688172043012
5 0.3805147058823529 0.04838709677419355 0.011029411764705883 0.010752688172043012
5 0.5 0.5 1.0 1.0