5 0.49433962264150944 0.9710526315789474 0.03773584905660377 0.015789473684210527
5 0.4679245283018868 0.9710526315789474 0.007547169811320755 0.015789473684210527
5 0.37735849056603776 0.9710526315789474 0.1509433962264151 0.02631578947368421
5 0.6943396226415094 0.9605263157894737 0.007547169811320755 0.015789473684210527
5 0.6622641509433962 0.968421052631579 0.04150943396226415 0.031578947368421054
5 0.620754716981132 0.9657894736842105 0.026415094339622643 0.02631578947368421
5 0.5981132075471698 0.9631578947368421 0.011320754716981131 0.021052631578947368
5 0.5716981132075472 0.9657894736842105 0.026415094339622643 0.02631578947368421
5 0.5452830188679245 0.968421052631579 0.011320754716981131 0.031578947368421054
5 0.8754716981132076 0.7684210526315789 0.2490566037735849 0.3157894736842105
5 0.590566037735849 0.3131578947368421 0.026415094339622643 0.015789473684210527
5 0.630188679245283 0.29473684210526313 0.022641509433962263 0.021052631578947368
5 0.660377358490566 0.27631578947368424 0.03018867924528302 0.015789473684210527
5 0.9226415094339623 0.25526315789473686 0.011320754716981131 0.005263157894736842
5 0.7471698113207547 0.22631578947368422 0.03773584905660377 0.021052631578947368
5 0.779245283018868 0.20789473684210527 0.011320754716981131 0.005263157894736842
5 0.8188679245283019 0.1868421052631579 0.022641509433962263 0.015789473684210527
5 0.7056603773584905 0.16578947368421051 0.03018867924528302 0.015789473684210527
5 0.6037735849056604 0.16842105263157894 0.06037735849056604 0.031578947368421054
5 0.7113207547169811 0.042105263157894736 0.0037735849056603774 0.010526315789473684
5 0.7622641509433963 0.007894736842105263 0.022641509433962263 0.015789473684210527
5 0.5 0.46578947368421053 1.0 0.9315789473684211