5 0.565625 0.9990636704119851 0.00125 0.0018726591760299626
5 0.234375 0.9990636704119851 0.00125 0.0018726591760299626
5 0.025625 0.9990636704119851 0.00375 0.0018726591760299626
5 0.01125 0.99812734082397 0.0025 0.003745318352059925
5 0.1925 0.9971910112359551 0.0025 0.0056179775280898875
5 0.238125 0.9943820224719101 0.00375 0.003745318352059925
5 0.034375 0.9953183520599251 0.00375 0.0056179775280898875
5 0.95625 0.9925093632958801 0.005 0.003745318352059925
5 0.94375 0.9943820224719101 0.0075 0.00749063670411985
5 0.040625 0.9915730337078652 0.00125 0.0018726591760299626
5 0.1 0.9906367041198502 0.0025 0.003745318352059925
5 0.074375 0.9906367041198502 0.00625 0.003745318352059925
5 0.028125 0.9878277153558053 0.00125 0.0018726591760299626
5 0.014375 0.9868913857677902 0.00125 0.003745318352059925
5 0.948125 0.9840823970037453 0.00125 0.0018726591760299626
5 0.128125 0.9840823970037453 0.00375 0.0018726591760299626
5 0.05625 0.9850187265917603 0.0025 0.003745318352059925
5 0.935625 0.9831460674157303 0.00625 0.003745318352059925
5 0.220625 0.9822097378277154 0.00875 0.009363295880149813
5 0.105 0.9784644194756554 0.01 0.009363295880149813
5 0.1325 0.9737827715355806 0.0025 0.003745318352059925
5 0.996875 0.9728464419475655 0.00625 0.0056179775280898875
5 0.1475 0.9719101123595506 0.0025 0.003745318352059925
5 0.096875 0.9691011235955056 0.00125 0.0018726591760299626
5 0.935 0.9700374531835206 0.005 0.00749063670411985
5 0.1025 0.9681647940074907 0.005 0.003745318352059925
5 0.08375 0.9691011235955056 0.0075 0.0056179775280898875
5 0.94875 0.9662921348314607 0.005 0.003745318352059925
5 0.92625 0.9662921348314607 0.0025 0.003745318352059925
5 0.62 0.9681647940074907 0.0075 0.00749063670411985
5 0.9025 0.9634831460674157 0.0025 0.0018726591760299626
5 0.605 0.9644194756554307 0.01 0.003745318352059925
5 0.121875 0.9625468164794008 0.00375 0.003745318352059925
5 0.085625 0.9588014981273408 0.00625 0.003745318352059925
5 0.069375 0.9606741573033708 0.00375 0.00749063670411985
5 0.949375 0.954119850187266 0.00875 0.0056179775280898875
5 0.154375 0.952247191011236 0.00125 0.0018726591760299626
5 0.981875 0.9588014981273408 0.03125 0.018726591760299626
5 0.160625 0.951310861423221 0.00625 0.003745318352059925
5 0.9875 0.947565543071161 0.0025 0.003745318352059925
5 0.9275 0.950374531835206 0.03 0.009363295880149813
5 0.905625 0.947565543071161 0.00375 0.003745318352059925
5 0.429375 0.949438202247191 0.00625 0.00749063670411985
5 0.281875 0.9485018726591761 0.00375 0.0056179775280898875
5 0.10875 0.9550561797752809 0.03 0.018726591760299626
5 0.15 0.9428838951310862 0.0025 0.0018726591760299626
5 0.91125 0.9428838951310862 0.0025 0.0056179775280898875
5 0.47375 0.9428838951310862 0.015 0.0056179775280898875
5 0.139375 0.9428838951310862 0.00625 0.0056179775280898875
5 0.488125 0.9410112359550562 0.00625 0.0056179775280898875
5 0.664375 0.9372659176029963 0.00375 0.0056179775280898875
5 0.514375 0.9372659176029963 0.00375 0.0056179775280898875
5 0.571875 0.9316479400749064 0.00375 0.0018726591760299626
5 0.55 0.9325842696629213 0.0025 0.003745318352059925
5 0.136875 0.9344569288389513 0.00625 0.00749063670411985
5 0.15625 0.9279026217228464 0.0025 0.0018726591760299626
5 0.87625 0.9147940074906367 0.0025 0.0018726591760299626
5 0.65375 0.6404494382022472 0.02 0.033707865168539325
5 0.87375 0.5655430711610487 0.01 0.0299625468164794
5 0.629375 0.5383895131086143 0.00125 0.0018726591760299626
5 0.67 0.5374531835205992 0.005 0.0149812734082397
5 0.435625 0.3548689138576779 0.01125 0.009363295880149813
5 0.5275 0.34925093632958804 0.0025 0.0018726591760299626
5 0.260625 0.33801498127340823 0.00125 0.0018726591760299626
5 0.785 0.32865168539325845 0.01 0.0056179775280898875
5 0.101875 0.1797752808988764 0.00375 0.003745318352059925
5 0.856875 0.020599250936329586 0.28625 0.04119850187265917
5 0.5 0.49719101123595505 1.0 0.9943820224719101
5 0.10875 0.003745318352059925 0.005 0.00749063670411985