5 0.08482142857142858 0.9553571428571429 0.017857142857142856 0.017857142857142856
5 0.140625 0.9486607142857143 0.004464285714285714 0.022321428571428572
5 0.25223214285714285 0.9397321428571429 0.004464285714285714 0.013392857142857142
5 0.30357142857142855 0.9620535714285714 0.0625 0.07589285714285714
5 0.06919642857142858 0.9330357142857143 0.022321428571428572 0.0625
5 0.2611607142857143 0.8816964285714286 0.013392857142857142 0.013392857142857142
5 0.34598214285714285 0.8660714285714286 0.004464285714285714 0.008928571428571428
5 0.125 0.9084821428571429 0.026785714285714284 0.10267857142857142
5 0.23883928571428573 0.7388392857142857 0.004464285714285714 0.013392857142857142
5 0.25223214285714285 0.6517857142857143 0.03125 0.08035714285714286
5 0.29464285714285715 0.5647321428571429 0.017857142857142856 0.03125
5 0.2700892857142857 0.5647321428571429 0.013392857142857142 0.08482142857142858
5 0.22544642857142858 0.28125 0.004464285714285714 0.008928571428571428
5 0.7098214285714286 0.10491071428571429 0.008928571428571428 0.013392857142857142
5 0.8839285714285714 0.08705357142857142 0.23214285714285715 0.17410714285714285
5 0.6473214285714286 0.046875 0.09821428571428571 0.09375
5 0.5 0.5 1.0 1.0