5 0.8904109589041096 0.9780821917808219 0.005479452054794521 0.005479452054794521
5 0.8904109589041096 0.9506849315068493 0.005479452054794521 0.005479452054794521
5 0.9 0.936986301369863 0.00821917808219178 0.010958904109589041
5 0.8958904109589041 0.9232876712328767 0.005479452054794521 0.005479452054794521
5 0.9171232876712329 0.9123287671232877 0.00410958904109589 0.005479452054794521
5 0.8732876712328768 0.9178082191780822 0.01780821917808219 0.01643835616438356
5 0.8938356164383562 0.8904109589041096 0.009589041095890411 0.005479452054794521
5 0.8472602739726027 0.873972602739726 0.00410958904109589 0.005479452054794521
5 0.8034246575342465 0.8636986301369863 0.00410958904109589 0.00410958904109589
5 0.6602739726027397 0.8636986301369863 0.005479452054794521 0.00410958904109589
5 0.6493150684931507 0.863013698630137 0.005479452054794521 0.0027397260273972603
5 0.6383561643835617 0.8636986301369863 0.005479452054794521 0.00410958904109589
5 0.547945205479452 0.8171232876712329 0.0027397260273972603 0.0013698630136986301
5 0.43082191780821916 0.7849315068493151 0.00684931506849315 0.005479452054794521
5 0.5 0.8013698630136986 0.09041095890410959 0.049315068493150684
5 0.6513698630136986 0.7602739726027398 0.03424657534246575 0.09041095890410959
5 0.6486301369863013 0.713013698630137 0.0013698630136986301 0.0013698630136986301
5 0.647945205479452 0.7047945205479452 0.0027397260273972603 0.00410958904109589
5 0.3376712328767123 0.6472602739726028 0.06712328767123288 0.009589041095890411
5 0.2952054794520548 0.6431506849315068 0.0013698630136986301 0.0013698630136986301
5 0.39246575342465756 0.6335616438356164 0.0013698630136986301 0.0013698630136986301
5 0.5664383561643835 0.6308219178082192 0.0013698630136986301 0.0013698630136986301
5 0.5623287671232877 0.6294520547945206 0.00410958904109589 0.0013698630136986301
5 0.5678082191780822 0.6013698630136987 0.009589041095890411 0.0027397260273972603
5 0.41712328767123286 0.6102739726027397 0.045205479452054796 0.045205479452054796
5 0.6664383561643835 0.5801369863013699 0.0013698630136986301 0.0013698630136986301
5 0.6520547945205479 0.576027397260274 0.00821917808219178 0.00410958904109589
5 0.8712328767123287 0.571917808219178 0.024657534246575342 0.02054794520547945
5 0.2321917808219178 0.5349315068493151 0.0013698630136986301 0.0013698630136986301
5 0.22465753424657534 0.5363013698630137 0.00821917808219178 0.00684931506849315
5 0.1589041095890411 0.5246575342465754 0.0027397260273972603 0.0027397260273972603
5 0.6308219178082192 0.5582191780821918 0.17397260273972603 0.11643835616438356
5 0.49794520547945204 0.7458904109589041 0.9958904109589041 0.5082191780821917
5 0.4828767123287671 0.3595890410958904 0.02054794520547945 0.023287671232876714