5 0.46797608881298036 0.9604166666666667 0.0034158838599487617 0.0025
5 0.46071733561058925 0.9533333333333334 0.0025619128949615714 0.0016666666666666668
5 0.48676345004269855 0.9429166666666666 0.0017079419299743809 0.0008333333333333334
5 0.4927412467976089 0.935 0.005123825789923143 0.005
5 0.4812126387702818 0.9325 0.004269854824935952 0.0033333333333333335
5 0.4961571306575576 0.92375 0.0017079419299743809 0.0025
5 0.4654141759180188 0.91 0.0017079419299743809 0.0016666666666666668
5 0.502134927412468 0.91 0.0034158838599487617 0.0033333333333333335
5 0.5102476515798463 0.9083333333333333 0.004269854824935952 0.005
5 0.46968403074295473 0.9054166666666666 0.0034158838599487617 0.0008333333333333334
5 0.5012809564474808 0.9041666666666667 0.0017079419299743809 0.0016666666666666668
5 0.5008539709649872 0.9008333333333334 0.0025619128949615714 0.0016666666666666668
5 0.5123825789923142 0.9 0.008539709649871904 0.005
5 0.4923142613151153 0.8975 0.0008539709649871904 0.0016666666666666668
5 0.5076857386848848 0.89625 0.0008539709649871904 0.0008333333333333334
5 0.5277540563620837 0.8958333333333334 0.0017079419299743809 0.0016666666666666668
5 0.5098206660973527 0.8941666666666667 0.0017079419299743809 0.0016666666666666668
5 0.5025619128949615 0.8958333333333334 0.004269854824935952 0.005
5 0.4846285226302306 0.89625 0.011101622544833475 0.005833333333333334
5 0.513663535439795 0.8920833333333333 0.0008539709649871904 0.0008333333333333334
5 0.4743808710503843 0.89625 0.012809564474807857 0.010833333333333334
5 0.4854824935952178 0.89 0.004269854824935952 0.005
5 0.5196413321947054 0.8870833333333333 0.0025619128949615714 0.0025
5 0.5089666951323655 0.8833333333333333 0.0017079419299743809 0.0016666666666666668
5 0.5175064047822374 0.8833333333333333 0.0034158838599487617 0.0033333333333333335
5 0.4931682322801025 0.88 0.0008539709649871904 0.0016666666666666668
5 0.49743808710503845 0.87875 0.0008539709649871904 0.0025
5 0.502134927412468 0.8733333333333333 0.0017079419299743809 0.0016666666666666668
5 0.502134927412468 0.8691666666666666 0.0034158838599487617 0.0016666666666666668
5 0.4918872758326217 0.8666666666666667 0.0017079419299743809 0.0016666666666666668
5 0.5307429547395388 0.8645833333333334 0.0008539709649871904 0.0008333333333333334
5 0.5123825789923142 0.8629166666666667 0.0034158838599487617 0.0025
5 0.4910333048676345 0.8591666666666666 0.008539709649871904 0.0033333333333333335
5 0.5264730999146029 0.8554166666666667 0.0008539709649871904 0.0008333333333333334
5 0.5123825789923142 0.85625 0.0017079419299743809 0.0025
5 0.5226302305721605 0.855 0.0017079419299743809 0.0016666666666666668
5 0.5183603757472246 0.8533333333333334 0.0034158838599487617 0.0016666666666666668
5 0.5303159692570453 0.8516666666666667 0.0017079419299743809 0.0016666666666666668
5 0.5102476515798463 0.84875 0.009393680614859094 0.005833333333333334
5 0.5029888983774552 0.8554166666666667 0.013663535439795047 0.019166666666666665
5 0.5226302305721605 0.8470833333333333 0.006831767719897523 0.004166666666666667
5 0.5213492741246798 0.84125 0.012809564474807857 0.0075
5 0.5388556789069172 0.8366666666666667 0.0017079419299743809 0.0016666666666666668
5 0.522203245089667 0.8345833333333333 0.017933390264730998 0.010833333333333334
5 0.5439795046968403 0.8295833333333333 0.0017079419299743809 0.0025
5 0.515798462852263 0.8279166666666666 0.005123825789923143 0.0025
5 0.46754910333048677 0.8266666666666667 0.0025619128949615714 0.0016666666666666668
5 0.48334756618274977 0.8229166666666666 0.0034158838599487617 0.0025
5 0.5059777967549103 0.8216666666666667 0.0025619128949615714 0.0016666666666666668
5 0.4739538855678907 0.8233333333333334 0.006831767719897523 0.006666666666666667
5 0.5290350128095644 0.8204166666666667 0.0008539709649871904 0.0025
5 0.5042698548249359 0.8183333333333334 0.005977796754910333 0.0016666666666666668
5 0.522203245089667 0.8175 0.0008539709649871904 0.0016666666666666668
5 0.5162254483347566 0.8191666666666667 0.007685738684884714 0.005
5 0.5392826643894107 0.8158333333333333 0.004269854824935952 0.0016666666666666668
5 0.5341588385994877 0.81625 0.004269854824935952 0.0025
5 0.522203245089667 0.81375 0.0008539709649871904 0.0008333333333333334
5 0.5170794192997438 0.8141666666666667 0.0025619128949615714 0.0033333333333333335
5 0.5584970111016225 0.81125 0.0017079419299743809 0.0008333333333333334
5 0.5123825789923142 0.8120833333333334 0.005123825789923143 0.0025
5 0.5448334756618275 0.81125 0.0017079419299743809 0.0025
5 0.5328778821520068 0.81125 0.0034158838599487617 0.0025
5 0.5452604611443211 0.8083333333333333 0.0008539709649871904 0.0016666666666666668
5 0.5192143467122118 0.8095833333333333 0.005123825789923143 0.004166666666666667
5 0.57600341588386 0.8070833333333334 0.0008539709649871904 0.0008333333333333334
5 0.5499573014517506 0.8091666666666667 0.005123825789923143 0.005
5 0.5567890691716482 0.8070833333333334 0.0017079419299743809 0.0025
5 0.5269000853970965 0.8091666666666667 0.008539709649871904 0.006666666666666667
5 0.5375747224594364 0.80625 0.004269854824935952 0.004166666666666667
5 0.5170794192997438 0.8058333333333333 0.0025619128949615714 0.0033333333333333335
5 0.5089666951323655 0.8058333333333333 0.006831767719897523 0.0033333333333333335
5 0.5328778821520068 0.8029166666666666 0.0017079419299743809 0.0008333333333333334
5 0.5170794192997438 0.80125 0.009393680614859094 0.004166666666666667
5 0.5546541417591802 0.7995833333333333 0.007685738684884714 0.0075
5 0.5384286934244236 0.79625 0.0008539709649871904 0.0008333333333333334
5 0.5298889837745516 0.7983333333333333 0.011101622544833475 0.005
5 0.5533731853116994 0.7941666666666667 0.006831767719897523 0.0033333333333333335
5 0.5815542271562767 0.7920833333333334 0.0034158838599487617 0.0025
5 0.5730145175064048 0.7904166666666667 0.0017079419299743809 0.0008333333333333334
5 0.5661827497865073 0.7908333333333334 0.0017079419299743809 0.0016666666666666668
5 0.5307429547395388 0.7875 0.0008539709649871904 0.0016666666666666668
5 0.5409906063193851 0.78625 0.0008539709649871904 0.0008333333333333334
5 0.6016225448334757 0.78625 0.004269854824935952 0.0025
5 0.5982066609735269 0.7829166666666667 0.0008539709649871904 0.0008333333333333334
5 0.5687446626814688 0.7841666666666667 0.0034158838599487617 0.005
5 0.5853970964987191 0.7804166666666666 0.0008539709649871904 0.0008333333333333334
5 0.5649017933390265 0.7758333333333334 0.0008539709649871904 0.0016666666666666668
5 0.5606319385140905 0.7754166666666666 0.0008539709649871904 0.0008333333333333334
5 0.5555081127241673 0.7791666666666667 0.004269854824935952 0.01
5 0.5294619982920581 0.77875 0.008539709649871904 0.010833333333333334
5 0.5422715627668659 0.78125 0.02049530315969257 0.0175
5 0.535866780529462 0.7704166666666666 0.004269854824935952 0.004166666666666667
5 0.5772843723313408 0.76875 0.005123825789923143 0.004166666666666667
5 0.5661827497865073 0.76875 0.005123825789923143 0.0075
5 0.5747224594363791 0.7645833333333333 0.0017079419299743809 0.0008333333333333334
5 0.5435525192143467 0.7654166666666666 0.007685738684884714 0.004166666666666667
5 0.5721605465414176 0.7625 0.0017079419299743809 0.0033333333333333335
5 0.5657557643040136 0.7625 0.0025619128949615714 0.0033333333333333335
5 0.5533731853116994 0.7658333333333334 0.011955593509820665 0.01
5 0.5973526900085397 0.7604166666666666 0.0008539709649871904 0.0008333333333333334
5 0.5802732707087959 0.7620833333333333 0.007685738684884714 0.004166666666666667
5 0.5627668659265584 0.76 0.0017079419299743809 0.0016666666666666668
5 0.571733561058924 0.7533333333333333 0.004269854824935952 0.005
5 0.5687446626814688 0.7504166666666666 0.0017079419299743809 0.0008333333333333334
5 0.5593509820666097 0.7479166666666667 0.0017079419299743809 0.0025
5 0.60333048676345 0.74375 0.0008539709649871904 0.0008333333333333334
5 0.558070025619129 0.74375 0.0025619128949615714 0.0025
5 0.5858240819812126 0.7375 0.0017079419299743809 0.0016666666666666668
5 0.6016225448334757 0.73625 0.0025619128949615714 0.0025
5 0.581127241673783 0.735 0.0025619128949615714 0.0016666666666666668
5 0.5670367207514945 0.7416666666666667 0.02049530315969257 0.015
5 0.5871050384286934 0.7329166666666667 0.0025619128949615714 0.0008333333333333334
5 0.5913748932536294 0.7320833333333333 0.0008539709649871904 0.0008333333333333334
5 0.6093082835183604 0.73125 0.0008539709649871904 0.0008333333333333334
5 0.5913748932536294 0.7254166666666667 0.004269854824935952 0.004166666666666667
5 0.6221178479931683 0.7154166666666667 0.0025619128949615714 0.0025
5 0.6178479931682322 0.7125 0.0025619128949615714 0.0033333333333333335
5 0.6229718189581555 0.7104166666666667 0.0008539709649871904 0.0008333333333333334
5 0.6127241673783091 0.7058333333333333 0.004269854824935952 0.0016666666666666668
5 0.6976942783945346 0.70125 0.0017079419299743809 0.0008333333333333334
5 0.6169940222032451 0.7 0.0025619128949615714 0.0016666666666666668
5 0.6238257899231426 0.7 0.004269854824935952 0.0033333333333333335
5 0.6507258753202391 0.68375 0.0017079419299743809 0.0008333333333333334
5 0.6396242527754057 0.67875 0.0017079419299743809 0.0008333333333333334
5 0.6511528608027327 0.67125 0.0008539709649871904 0.0008333333333333334
5 0.6686592655849701 0.6666666666666666 0.006831767719897523 0.008333333333333333
5 0.7724167378309138 0.5854166666666667 0.0025619128949615714 0.0025
5 0.4987190435525192 0.5008333333333334 0.9974380871050385 0.9966666666666667