5 0.49799129561432876 0.5637276785714286 0.00033478406427854036 0.0002232142857142857
5 0.49707063943756274 0.5637276785714286 0.001171744224974891 0.0006696428571428571
5 0.4902075661198527 0.56328125 0.00016739203213927018 0.0002232142857142857
5 0.489454301975226 0.5636160714285714 0.013391362571141614 0.0017857142857142857
5 0.49137931034482757 0.5629464285714286 0.001171744224974891 0.0008928571428571428
5 0.4934717107465685 0.5623883928571428 0.00033478406427854036 0.0006696428571428571
5 0.4880314697020422 0.5623883928571428 0.00016739203213927018 0.0006696428571428571
5 0.4870271175092066 0.5621651785714286 0.00016739203213927018 0.0002232142857142857
5 0.615835286240375 0.5618303571428571 0.00033478406427854036 0.0004464285714285714
5 0.5005021760964178 0.5618303571428571 0.001004352192835621 0.0008928571428571428
5 0.4840977569467693 0.5616071428571429 0.00033478406427854036 0.0004464285714285714
5 0.4964010713090057 0.5613839285714286 0.0005021760964178105 0.0004464285714285714
5 0.48468362905925677 0.5606026785714285 0.0005021760964178105 0.0006696428571428571
5 0.49564780716437895 0.5602678571428571 0.00033478406427854036 0.0004464285714285714
5 0.4854368932038835 0.5600446428571428 0.00033478406427854036 0.0004464285714285714
5 0.5008369601606963 0.5597098214285714 0.00033478406427854036 0.0002232142857142857
5 0.616504854368932 0.56015625 0.001004352192835621 0.002455357142857143
5 0.4987445597589555 0.5588169642857143 0.00016739203213927018 0.0002232142857142857
5 0.49129561432875796 0.5599330357142858 0.011047874121191832 0.0046875
5 0.6175092065617677 0.5575892857142857 0.0006695681285570807 0.0017857142857142857
5 0.6179276866421158 0.55625 0.00016739203213927018 0.0004464285714285714
5 0.3644961499832608 0.5544642857142857 0.00016739203213927018 0.0004464285714285714
5 0.6180113826581854 0.5521205357142858 0.00033478406427854036 0.0006696428571428571
5 0.5982591228657516 0.5409598214285715 0.00033478406427854036 0.0002232142857142857
5 0.5975058587211248 0.5402901785714286 0.00016739203213927018 0.0002232142857142857
5 0.5955808503515233 0.5392857142857143 0.00033478406427854036 0.0004464285714285714
5 0.39404084365584197 0.5369419642857143 0.00033478406427854036 0.0002232142857142857
5 0.5835286240374958 0.5349330357142857 0.00033478406427854036 0.0006696428571428571
5 0.5783394710411784 0.53359375 0.00033478406427854036 0.0002232142857142857
5 0.4038332775359893 0.5337053571428572 0.0005021760964178105 0.0004464285714285714
5 0.40308001339136257 0.5333705357142857 0.00033478406427854036 0.0002232142857142857
5 0.5772514228322732 0.5329241071428571 0.00016739203213927018 0.0002232142857142857
5 0.4091898225644459 0.5324776785714286 0.00016739203213927018 0.0002232142857142857
5 0.41898225644459325 0.5310267857142857 0.00033478406427854036 0.0004464285714285714
5 0.5632741881486442 0.5296875 0.00033478406427854036 0.0004464285714285714
5 0.5569132909273519 0.5290178571428571 0.001004352192835621 0.0004464285714285714
5 0.5542350184131235 0.5284598214285714 0.00033478406427854036 0.0006696428571428571
5 0.5533143622363575 0.5282366071428571 0.0008369601606963508 0.0006696428571428571
5 0.43454971543354537 0.5280133928571429 0.00033478406427854036 0.0002232142857142857
5 0.552310010043522 0.5271205357142857 0.00016739203213927018 0.0002232142857142857
5 0.5510545698024774 0.5272321428571428 0.00033478406427854036 0.0004464285714285714
5 0.44543019752259794 0.5264508928571429 0.0006695681285570807 0.0002232142857142857
5 0.5446099765651155 0.5263392857142857 0.001171744224974891 0.0004464285714285714
5 0.5434382323401407 0.5262276785714286 0.0005021760964178105 0.0006696428571428571
5 0.5426849681955139 0.5261160714285714 0.00033478406427854036 0.0004464285714285714
5 0.5418480080348176 0.5261160714285714 0.0006695681285570807 0.0004464285714285714
5 0.44291931704050885 0.5260044642857142 0.001004352192835621 0.0002232142857142857
5 0.5405925677937731 0.5258928571428572 0.00016739203213927018 0.0004464285714285714
5 0.44785738198861735 0.5260044642857142 0.0031804486106461333 0.0006696428571428571
5 0.4510378305992635 0.5256696428571429 0.002845664546367593 0.0004464285714285714
5 0.5392534315366588 0.5255580357142857 0.0018413123535319718 0.0006696428571428571
5 0.5378305992634751 0.5254464285714285 0.00033478406427854036 0.0004464285714285714
5 0.5363240709742216 0.5253348214285715 0.0016739203213927017 0.0006696428571428571
5 0.45438567124204887 0.5252232142857143 0.001171744224974891 0.0004464285714285714
5 0.4589889521258788 0.525 0.0006695681285570807 0.0004464285714285714
5 0.4577335118848343 0.525 0.0005021760964178105 0.0004464285714285714
5 0.4563943756277201 0.5251116071428571 0.0015065282892534316 0.0006696428571428571
5 0.4617509206561768 0.5246651785714286 0.0005021760964178105 0.0002232142857142857
5 0.4609139604954804 0.5246651785714286 0.0005021760964178105 0.0002232142857142857
5 0.45982591228657516 0.5247767857142858 0.0006695681285570807 0.0004464285714285714
5 0.4530465349849347 0.5246651785714286 0.00016739203213927018 0.0002232142857142857
5 0.5146468028121861 0.5244419642857143 0.00016739203213927018 0.0002232142857142857
5 0.4707063943756277 0.5241071428571429 0.003013056578506863 0.0004464285714285714
5 0.51146635420154 0.5238839285714286 0.0048543689320388345 0.0004464285714285714
5 0.508034817542685 0.5237723214285714 0.0006695681285570807 0.0002232142857142857
5 0.4737194509541346 0.5238839285714286 0.002008704385671242 0.0004464285714285714
5 0.4659357214596585 0.52421875 0.006193505189152996 0.0011160714285714285
5 0.5184968195513894 0.5235491071428572 0.00016739203213927018 0.0002232142857142857
5 0.4999163039839304 0.5236607142857143 0.0018413123535319718 0.0004464285714285714
5 0.476146635420154 0.5237723214285714 0.0015065282892534316 0.0006696428571428571
5 0.49790759959825914 0.5234375 0.0015065282892534316 0.0004464285714285714
5 0.5177435554067626 0.5232142857142857 0.00033478406427854036 0.0004464285714285714
5 0.61926682289923 0.5224330357142857 0.00016739203213927018 0.0002232142857142857
5 0.3629059256779377 0.5207589285714286 0.00033478406427854036 0.0004464285714285714
5 0.363073317710077 0.5184151785714286 0.001004352192835621 0.0011160714285714285
5 0.3619015734851021 0.5170758928571428 0.00033478406427854036 0.0011160714285714285
5 0.608051556745899 0.4900669642857143 0.0005021760964178105 0.0011160714285714285
5 0.3750418480080348 0.48716517857142855 0.0005021760964178105 0.0015625
5 0.37562772012052226 0.48549107142857145 0.00033478406427854036 0.0004464285714285714
5 0.3752929360562437 0.48325892857142855 0.00033478406427854036 0.0008928571428571428
5 0.37537663207231337 0.48158482142857145 0.00016739203213927018 0.0002232142857142857
5 0.375460328088383 0.48013392857142856 0.00033478406427854036 0.0008928571428571428
5 0.37587880816873115 0.47232142857142856 0.00016739203213927018 0.0004464285714285714
5 0.37604620020087043 0.46986607142857145 0.00016739203213927018 0.0004464285714285714
5 0.3767157683294275 0.4582589285714286 0.00016739203213927018 0.0004464285714285714
5 0.37696685637763644 0.4543526785714286 0.0006695681285570807 0.003794642857142857
5 0.3775527284901239 0.4435267857142857 0.00016739203213927018 0.0004464285714285714
5 0.3777201205222631 0.4408482142857143 0.0005021760964178105 0.0035714285714285713
5 0.37838968865082023 0.42979910714285713 0.00016739203213927018 0.0006696428571428571
5 0.3785570806829595 0.42734375 0.0005021760964178105 0.0033482142857142855
5 0.37939404084365586 0.41372767857142856 0.0005021760964178105 0.0033482142857142855
5 0.3802310010043522 0.4 0.0005021760964178105 0.003125
5 0.38106796116504854 0.3864955357142857 0.0005021760964178105 0.0029017857142857144
5 0.3815701372614664 0.37533482142857144 0.00016739203213927018 0.0002232142857142857
5 0.3817375292936056 0.3734375 0.00016739203213927018 0.0008928571428571428
5 0.3819049213257449 0.371875 0.00016739203213927018 0.0008928571428571428
5 0.5993471710746568 0.35301339285714284 0.00016739203213927018 0.0002232142857142857
5 0.4912119183126883 0.43136160714285715 0.2592902577837295 0.24486607142857142