5 0.48 0.9066666666666666 0.21333333333333335 0.035555555555555556
5 0.4888888888888889 0.5911111111111111 0.02666666666666667 0.008888888888888889
5 0.4888888888888889 0.5644444444444444 0.08888888888888889 0.017777777777777778
5 0.48444444444444446 0.5355555555555556 0.13333333333333333 0.022222222222222223
5 0.48444444444444446 0.5044444444444445 0.1511111111111111 0.022222222222222223
5 0.48 0.46 0.18666666666666668 0.057777777777777775
5 0.3711111111111111 0.43777777777777777 0.013333333333333334 0.013333333333333334
5 0.4888888888888889 0.4177777777777778 0.06222222222222222 0.008888888888888889
5 0.4866666666666667 0.3888888888888889 0.09333333333333334 0.013333333333333334
5 0.4866666666666667 0.3622222222222222 0.10222222222222223 0.013333333333333334
5 0.5466666666666666 0.3333333333333333 0.008888888888888889 0.008888888888888889
5 0.42444444444444446 0.3333333333333333 0.022222222222222223 0.008888888888888889
5 0.6644444444444444 0.3 0.013333333333333334 0.013333333333333334
5 0.6644444444444444 0.2777777777777778 0.013333333333333334 0.013333333333333334
5 0.6977777777777778 0.26222222222222225 0.02666666666666667 0.05333333333333334
5 0.2822222222222222 0.18888888888888888 0.057777777777777775 0.07555555555555556
5 0.6533333333333333 0.14444444444444443 0.008888888888888889 0.0044444444444444444
5 0.6355555555555555 0.14 0.008888888888888889 0.0044444444444444444
5 0.52 0.2288888888888889 0.39111111111111113 0.22666666666666666