5 0.3473333333333333 0.8656666666666667 0.0013333333333333333 0.0006666666666666666
5 0.3456666666666667 0.8483333333333334 0.0033333333333333335 0.0006666666666666666
5 0.3416666666666667 0.8483333333333334 0.002 0.002
5 0.3373333333333333 0.8476666666666667 0.0026666666666666666 0.002
5 0.33166666666666667 0.8456666666666667 0.006 0.002
5 0.32466666666666666 0.843 0.006666666666666667 0.0033333333333333335
5 0.31133333333333335 0.8356666666666667 0.0013333333333333333 0.0006666666666666666
5 0.30833333333333335 0.833 0.002 0.002
5 0.305 0.8303333333333334 0.0006666666666666666 0.0006666666666666666
5 0.2996666666666667 0.8253333333333334 0.0033333333333333335 0.004
5 0.405 0.82 0.002 0.0013333333333333333
5 0.42733333333333334 0.8183333333333334 0.0013333333333333333 0.002
5 0.4106666666666667 0.814 0.0013333333333333333 0.0013333333333333333
5 0.28833333333333333 0.813 0.0006666666666666666 0.0006666666666666666
5 0.43033333333333335 0.8126666666666666 0.0006666666666666666 0.0013333333333333333
5 0.415 0.8053333333333333 0.006 0.012
5 0.29133333333333333 0.8106666666666666 0.012 0.024
5 0.2663333333333333 0.7976666666666666 0.0006666666666666666 0.0006666666666666666
5 0.2836666666666667 0.797 0.002 0.002
5 0.4186666666666667 0.797 0.0026666666666666666 0.0033333333333333335
5 0.4206666666666667 0.7873333333333333 0.004 0.013333333333333334
5 0.4216666666666667 0.7763333333333333 0.002 0.006
5 0.42133333333333334 0.7696666666666667 0.0013333333333333333 0.002
5 0.42033333333333334 0.7633333333333333 0.0006666666666666666 0.0013333333333333333
5 0.5506666666666666 0.7253333333333334 0.0013333333333333333 0.0013333333333333333
5 0.3903333333333333 0.7203333333333334 0.0006666666666666666 0.0006666666666666666
5 0.392 0.7003333333333334 0.0013333333333333333 0.0006666666666666666
5 0.38966666666666666 0.6996666666666667 0.002 0.0006666666666666666
5 0.29633333333333334 0.7073333333333334 0.020666666666666667 0.02266666666666667
5 0.376 0.6953333333333334 0.02266666666666667 0.006666666666666667
5 0.253 0.6633333333333333 0.002 0.0026666666666666666
5 0.24866666666666667 0.657 0.004 0.004666666666666667
5 0.24266666666666667 0.6483333333333333 0.008 0.011333333333333334
5 0.23466666666666666 0.637 0.004 0.006
5 0.23133333333333334 0.6326666666666667 0.0013333333333333333 0.0013333333333333333
5 0.21833333333333332 0.6093333333333333 0.0006666666666666666 0.0013333333333333333
5 0.207 0.5983333333333334 0.046 0.06333333333333334
5 0.18133333333333335 0.563 0.0013333333333333333 0.002
5 0.179 0.5593333333333333 0.002 0.0026666666666666666
5 0.17533333333333334 0.554 0.0013333333333333333 0.0013333333333333333
5 0.17266666666666666 0.5503333333333333 0.0013333333333333333 0.002
5 0.165 0.541 0.0006666666666666666 0.0006666666666666666
5 0.09033333333333333 0.5136666666666667 0.006 0.01
5 0.08633333333333333 0.508 0.0006666666666666666 0.0013333333333333333
5 0.41333333333333333 0.5513333333333333 0.35733333333333334 0.3933333333333333
5 0.565 0.438 0.36333333333333334 0.396
5 0.733 0.318 0.3433333333333333 0.404