5 0.4875 0.7166666666666667 0.016666666666666666 0.011111111111111112
5 0.7888888888888889 0.3770833333333333 0.011111111111111112 0.009722222222222222
5 0.7645833333333333 0.38263888888888886 0.04861111111111111 0.02638888888888889
5 0.7333333333333333 0.36944444444444446 0.013888888888888888 0.005555555555555556
5 0.7222222222222222 0.3659722222222222 0.005555555555555556 0.001388888888888889
5 0.7 0.36180555555555555 0.013888888888888888 0.004166666666666667
5 0.6881944444444444 0.36041666666666666 0.004166666666666667 0.001388888888888889
5 0.65625 0.3548611111111111 0.004166666666666667 0.001388888888888889
5 0.6354166666666666 0.3527777777777778 0.004166666666666667 0.002777777777777778
5 0.5965277777777778 0.3458333333333333 0.0125 0.002777777777777778
5 0.5805555555555556 0.34375 0.002777777777777778 0.001388888888888889
5 0.28194444444444444 0.3763888888888889 0.2638888888888889 0.2638888888888889