5 0.6006849315068493 0.6815068493150684 0.2452054794520548 0.19041095890410958
5 0.2787671232876712 0.571917808219178 0.015068493150684932 0.009589041095890411
5 0.33287671232876714 0.5554794520547945 0.0136986301369863 0.009589041095890411
5 0.3082191780821918 0.5582191780821918 0.030136986301369864 0.01780821917808219
5 0.38835616438356163 0.5506849315068493 0.015068493150684932 0.005479452054794521
5 0.3561643835616438 0.5513698630136986 0.0273972602739726 0.01780821917808219
5 0.6349315068493151 0.5417808219178082 0.03424657534246575 0.012328767123287671
5 0.6342465753424658 0.5280821917808219 0.00821917808219178 0.00410958904109589
5 0.5897260273972603 0.5301369863013699 0.00410958904109589 0.01643835616438356
5 0.6842465753424658 0.5219178082191781 0.015068493150684932 0.005479452054794521
5 0.6184931506849315 0.523972602739726 0.01780821917808219 0.009589041095890411
5 0.6486301369863013 0.510958904109589 0.00684931506849315 0.0027397260273972603
5 0.4267123287671233 0.5075342465753425 0.00410958904109589 0.00410958904109589
5 0.6253424657534247 0.5047945205479452 0.03424657534246575 0.015068493150684932
5 0.5924657534246576 0.4945205479452055 0.0013698630136986301 0.0027397260273972603
5 0.602054794520548 0.4917808219178082 0.00410958904109589 0.00821917808219178
5 0.5335616438356164 0.4986301369863014 0.023287671232876714 0.03561643835616438
5 0.32602739726027397 0.5219178082191781 0.14794520547945206 0.08767123287671233
5 0.560958904109589 0.5102739726027398 0.036986301369863014 0.06986301369863014
5 0.5780821917808219 0.48561643835616436 0.010958904109589041 0.023287671232876714
5 0.6506849315068494 0.47328767123287674 0.0273972602739726 0.00410958904109589
5 0.5917808219178082 0.4794520547945205 0.0136986301369863 0.01643835616438356
5 0.4636986301369863 0.47191780821917806 0.031506849315068496 0.00410958904109589
5 0.5075342465753425 0.4671232876712329 0.012328767123287671 0.0027397260273972603
5 0.6047945205479452 0.4657534246575342 0.0013698630136986301 0.0027397260273972603
5 0.55 0.4643835616438356 0.012328767123287671 0.0027397260273972603
5 0.6301369863013698 0.4773972602739726 0.06027397260273973 0.03424657534246575
5 0.45136986301369864 0.46301369863013697 0.009589041095890411 0.005479452054794521
5 0.43082191780821916 0.4643835616438356 0.028767123287671233 0.00821917808219178
5 0.5952054794520548 0.4636986301369863 0.00684931506849315 0.012328767123287671
5 0.5863013698630137 0.436986301369863 0.0027397260273972603 0.0027397260273972603
5 0.4547945205479452 0.436986301369863 0.010958904109589041 0.00821917808219178
5 0.6821917808219178 0.44315068493150683 0.07123287671232877 0.023287671232876714
5 0.46506849315068494 0.43561643835616437 0.009589041095890411 0.00821917808219178
5 0.5691780821917808 0.43904109589041096 0.00684931506849315 0.036986301369863014
5 0.47534246575342465 0.4273972602739726 0.00821917808219178 0.021917808219178082
5 0.36506849315068496 0.4232876712328767 0.036986301369863014 0.10136986301369863
5 0.336986301369863 0.34863013698630135 0.010958904109589041 0.028767123287671233
5 0.3321917808219178 0.3273972602739726 0.0013698630136986301 0.00821917808219178
5 0.33356164383561643 0.313013698630137 0.009589041095890411 0.01780821917808219
5 0.5068493150684932 0.2910958904109589 0.0136986301369863 0.023287671232876714
5 0.6527397260273973 0.3 0.20410958904109588 0.15342465753424658