5 0.46797608881298036 0.96 0.0034158838599487617 0.0033333333333333335
5 0.47694278394534584 0.94 0.004269854824935952 0.0033333333333333335
5 0.4927412467976089 0.9345833333333333 0.005123825789923143 0.004166666666666667
5 0.47950469684030744 0.9333333333333333 0.0008539709649871904 0.0016666666666666668
5 0.4927412467976089 0.9258333333333333 0.0017079419299743809 0.0016666666666666668
5 0.4961571306575576 0.9233333333333333 0.0017079419299743809 0.0016666666666666668
5 0.4961571306575576 0.91125 0.0017079419299743809 0.0025
5 0.5012809564474808 0.9091666666666667 0.0017079419299743809 0.0016666666666666668
5 0.4935952177625961 0.9083333333333333 0.0017079419299743809 0.0016666666666666668
5 0.5098206660973527 0.9070833333333334 0.0034158838599487617 0.0025
5 0.4637062339880444 0.9058333333333334 0.0034158838599487617 0.0033333333333333335
5 0.48719043552519214 0.9058333333333334 0.005977796754910333 0.005
5 0.5093936806148591 0.90125 0.0008539709649871904 0.0008333333333333334
5 0.5004269854824936 0.9004166666666666 0.0017079419299743809 0.0008333333333333334
5 0.4752348420153715 0.9008333333333334 0.011101622544833475 0.005
5 0.513663535439795 0.8995833333333333 0.004269854824935952 0.004166666666666667
5 0.5038428693424424 0.8975 0.0017079419299743809 0.0016666666666666668
5 0.5017079419299744 0.895 0.0025619128949615714 0.0016666666666666668
5 0.484201537147737 0.8941666666666667 0.011955593509820665 0.008333333333333333
5 0.4735269000853971 0.8941666666666667 0.011101622544833475 0.008333333333333333
5 0.4854824935952178 0.8879166666666667 0.0008539709649871904 0.0008333333333333334
5 0.4987190435525192 0.8875 0.0017079419299743809 0.0016666666666666668
5 0.5196413321947054 0.8870833333333333 0.0025619128949615714 0.0025
5 0.5175064047822374 0.8829166666666667 0.0034158838599487617 0.0025
5 0.49786507258753204 0.87875 0.0017079419299743809 0.0025
5 0.49402220324508966 0.87625 0.0008539709649871904 0.0008333333333333334
5 0.5004269854824936 0.8741666666666666 0.0034158838599487617 0.0033333333333333335
5 0.5132365499573015 0.8633333333333333 0.0017079419299743809 0.0016666666666666668
5 0.49487617421007685 0.8629166666666667 0.0008539709649871904 0.0008333333333333334
5 0.5042698548249359 0.8629166666666667 0.005977796754910333 0.004166666666666667
5 0.5273270708795901 0.8579166666666667 0.0008539709649871904 0.0008333333333333334
5 0.4914602903501281 0.85875 0.005977796754910333 0.0025
5 0.5132365499573015 0.8566666666666667 0.0017079419299743809 0.0016666666666666668
5 0.5243381725021349 0.8545833333333334 0.006831767719897523 0.0025
5 0.5303159692570453 0.85125 0.0017079419299743809 0.0025
5 0.5106746370623398 0.8479166666666667 0.005123825789923143 0.004166666666666667
5 0.522203245089667 0.8466666666666667 0.009393680614859094 0.005
5 0.5038428693424424 0.8508333333333333 0.015371477369769428 0.015
5 0.5217762596071733 0.8408333333333333 0.010247651579846286 0.006666666666666667
5 0.520068317677199 0.8366666666666667 0.025619128949615714 0.013333333333333334
5 0.4923142613151153 0.83 0.0025619128949615714 0.0016666666666666668
5 0.5439795046968403 0.8291666666666667 0.0017079419299743809 0.0016666666666666668
5 0.520068317677199 0.8270833333333333 0.0017079419299743809 0.0008333333333333334
5 0.5153714773697694 0.8275 0.0025619128949615714 0.0033333333333333335
5 0.5081127241673783 0.82875 0.008539709649871904 0.005833333333333334
5 0.46754910333048677 0.8266666666666667 0.0025619128949615714 0.0016666666666666668
5 0.4991460290350128 0.825 0.007685738684884714 0.005
5 0.5226302305721605 0.8220833333333334 0.0017079419299743809 0.0008333333333333334
5 0.48334756618274977 0.8225 0.0017079419299743809 0.0016666666666666668
5 0.5345858240819812 0.82125 0.0034158838599487617 0.0025
5 0.5251921434671221 0.8204166666666667 0.0017079419299743809 0.0008333333333333334
5 0.5051238257899231 0.8179166666666666 0.0008539709649871904 0.0008333333333333334
5 0.5375747224594364 0.8154166666666667 0.009393680614859094 0.0025
5 0.522203245089667 0.8145833333333333 0.0008539709649871904 0.0025
5 0.5162254483347566 0.8170833333333334 0.007685738684884714 0.009166666666666667
5 0.5456874466268147 0.8125 0.0017079419299743809 0.0016666666666666668
5 0.5333048676345005 0.81125 0.0008539709649871904 0.0008333333333333334
5 0.5132365499573015 0.8120833333333334 0.0034158838599487617 0.0025
5 0.5264730999146029 0.8108333333333333 0.0025619128949615714 0.0016666666666666668
5 0.5196413321947054 0.81 0.004269854824935952 0.0016666666666666668
5 0.57600341588386 0.8070833333333334 0.0008539709649871904 0.0008333333333333334
5 0.5503842869342442 0.80875 0.005977796754910333 0.004166666666666667
5 0.5298889837745516 0.8075 0.0025619128949615714 0.0033333333333333335
5 0.5256191289496157 0.8066666666666666 0.0008539709649871904 0.0016666666666666668
5 0.5384286934244236 0.8054166666666667 0.0008539709649871904 0.0008333333333333334
5 0.5170794192997438 0.8054166666666667 0.004269854824935952 0.0025
5 0.5102476515798463 0.8058333333333333 0.004269854824935952 0.0033333333333333335
5 0.5725875320239112 0.8041666666666667 0.0008539709649871904 0.0016666666666666668
5 0.5324508966695133 0.8033333333333333 0.004269854824935952 0.0016666666666666668
5 0.513663535439795 0.8025 0.0025619128949615714 0.0016666666666666668
5 0.4829205807002562 0.8020833333333334 0.0025619128949615714 0.0025
5 0.5555081127241673 0.8016666666666666 0.004269854824935952 0.0033333333333333335
5 0.5183603757472246 0.8008333333333333 0.0017079419299743809 0.0016666666666666668
5 0.5362937660119556 0.7970833333333334 0.0017079419299743809 0.0008333333333333334
5 0.5217762596071733 0.7979166666666667 0.0017079419299743809 0.0025
5 0.49444918872758326 0.8020833333333334 0.011955593509820665 0.010833333333333334
5 0.5298889837745516 0.7995833333333333 0.009393680614859094 0.0075
5 0.5529461998292058 0.7945833333333333 0.007685738684884714 0.004166666666666667
5 0.5807002561912895 0.7925 0.0034158838599487617 0.0033333333333333335
5 0.5362937660119556 0.7920833333333334 0.005123825789923143 0.0025
5 0.5657557643040136 0.7904166666666667 0.0008539709649871904 0.0008333333333333334
5 0.5409906063193851 0.78625 0.0008539709649871904 0.0008333333333333334
5 0.6020495303159693 0.7866666666666666 0.0034158838599487617 0.0033333333333333335
5 0.5687446626814688 0.7841666666666667 0.0034158838599487617 0.0033333333333333335
5 0.5448334756618275 0.7829166666666667 0.0034158838599487617 0.0025
5 0.5277540563620837 0.7804166666666666 0.0017079419299743809 0.0008333333333333334
5 0.5738684884713919 0.7795833333333333 0.0017079419299743809 0.0008333333333333334
5 0.5499573014517506 0.7841666666666667 0.005123825789923143 0.01
5 0.5572160546541418 0.77875 0.0008539709649871904 0.0008333333333333334
5 0.5606319385140905 0.7758333333333334 0.0008539709649871904 0.0016666666666666668
5 0.5290350128095644 0.7770833333333333 0.011101622544833475 0.0075
5 0.5409906063193851 0.7795833333333333 0.01964133219470538 0.014166666666666666
5 0.5354397950469684 0.7704166666666666 0.0034158838599487617 0.004166666666666667
5 0.5768573868488471 0.7683333333333333 0.004269854824935952 0.0033333333333333335
5 0.5666097352690008 0.7679166666666667 0.005977796754910333 0.005833333333333334
5 0.5431255337318531 0.7658333333333334 0.006831767719897523 0.0033333333333333335
5 0.57600341588386 0.7641666666666667 0.0025619128949615714 0.0016666666666666668
5 0.5725875320239112 0.76375 0.0008539709649871904 0.0008333333333333334
5 0.5520922288642186 0.76625 0.009393680614859094 0.0075
5 0.5828351836037575 0.7608333333333334 0.0025619128949615714 0.0016666666666666668
5 0.5661827497865073 0.76125 0.0034158838599487617 0.0025
5 0.5627668659265584 0.7595833333333334 0.0017079419299743809 0.0025
5 0.5623398804440649 0.7570833333333333 0.0008539709649871904 0.0008333333333333334
5 0.5649017933390265 0.7554166666666666 0.0025619128949615714 0.0025
5 0.5499573014517506 0.7529166666666667 0.0034158838599487617 0.0025
5 0.5725875320239112 0.7520833333333333 0.0025619128949615714 0.0025
5 0.5572160546541418 0.7425 0.0025619128949615714 0.005
5 0.5841161400512382 0.7383333333333333 0.0017079419299743809 0.0016666666666666668
5 0.5751494449188728 0.7383333333333333 0.005977796754910333 0.0033333333333333335
5 0.6016225448334757 0.73625 0.0025619128949615714 0.0025
5 0.5670367207514945 0.7416666666666667 0.015371477369769428 0.015
5 0.5815542271562767 0.7345833333333334 0.0034158838599487617 0.0025
5 0.5905209222886422 0.7329166666666667 0.0025619128949615714 0.0025
5 0.6490179333902647 0.7258333333333333 0.0017079419299743809 0.0016666666666666668
5 0.6221178479931683 0.7154166666666667 0.0025619128949615714 0.0025
5 0.6110162254483348 0.7145833333333333 0.0008539709649871904 0.0008333333333333334
5 0.6174210076857387 0.7125 0.0017079419299743809 0.0016666666666666668
5 0.6229718189581555 0.7108333333333333 0.0008539709649871904 0.0016666666666666668
5 0.6041844577284372 0.7079166666666666 0.0008539709649871904 0.0008333333333333334
5 0.6976942783945346 0.7016666666666667 0.0017079419299743809 0.0016666666666666668
5 0.6161400512382579 0.7 0.0025619128949615714 0.0016666666666666668
5 0.6246797608881298 0.7008333333333333 0.0025619128949615714 0.005
5 0.6238257899231426 0.6933333333333334 0.004269854824935952 0.0033333333333333335
5 0.6298035866780529 0.6904166666666667 0.0008539709649871904 0.0008333333333333334
5 0.6511528608027327 0.68375 0.0008539709649871904 0.0008333333333333334
5 0.639197267292912 0.67875 0.0008539709649871904 0.0008333333333333334
5 0.6443210930828351 0.6754166666666667 0.0008539709649871904 0.0008333333333333334
5 0.6673783091374893 0.6691666666666667 0.0025619128949615714 0.0033333333333333335
5 0.6699402220324508 0.6645833333333333 0.004269854824935952 0.004166666666666667
5 0.4987190435525192 0.5008333333333334 0.9974380871050385 0.9966666666666667