5 0.7390625 0.97421875 0.028125 0.0328125
5 0.755078125 0.941796875 0.00234375 0.00390625
5 0.753125 0.93671875 0.0015625 0.003125
5 0.747265625 0.921875 0.00078125 0.0015625
5 0.744140625 0.913671875 0.00078125 0.00078125
5 0.233984375 0.948828125 0.05703125 0.08515625
5 0.17109375 0.948828125 0.0640625 0.08515625
5 0.1015625 0.948828125 0.0625 0.08515625
5 0.036328125 0.9484375 0.06171875 0.0859375
5 0.73046875 0.873046875 0.0015625 0.00390625
5 0.72890625 0.864453125 0.0015625 0.00390625
5 0.727734375 0.859765625 0.00234375 0.00234375
5 0.72578125 0.855078125 0.003125 0.00546875
5 0.7234375 0.846875 0.003125 0.0046875
5 0.894921875 0.815625 0.00234375 0.0015625
5 0.486328125 0.810546875 0.00234375 0.00703125
5 0.884375 0.803125 0.0015625 0.0046875
5 0.81640625 0.78359375 0.015625 0.025
5 0.863671875 0.740625 0.00234375 0.00625
5 0.836328125 0.74140625 0.01484375 0.021875
5 0.855859375 0.730078125 0.00078125 0.00078125
5 0.850390625 0.73046875 0.00078125 0.0015625
5 0.853125 0.726171875 0.0015625 0.00234375
5 0.84296875 0.71484375 0.028125 0.015625
5 0.8390625 0.673828125 0.0109375 0.02265625
5 0.840625 0.65 0.00625 0.0125
5 0.861328125 0.6125 0.00234375 0.0125
5 0.807421875 0.578125 0.00234375 0.0046875
5 0.85546875 0.5671875 0.0015625 0.0015625
5 0.8203125 0.5625 0.0015625 0.0015625
5 0.866796875 0.562890625 0.00390625 0.01171875
5 0.859375 0.559375 0.0015625 0.0046875
5 0.871875 0.553125 0.0015625 0.0046875
5 0.8640625 0.546875 0.0046875 0.0078125
5 0.876171875 0.540234375 0.00234375 0.00546875
5 0.17734375 0.566796875 0.0140625 0.05859375
5 0.819921875 0.519140625 0.00078125 0.00078125
5 0.853515625 0.498828125 0.00546875 0.00234375
5 0.848828125 0.490234375 0.00234375 0.00234375
5 0.819921875 0.4625 0.01484375 0.025
5 0.876171875 0.434375 0.00234375 0.00625
5 0.85625 0.45625 0.0421875 0.05
5 0.853125 0.428125 0.0015625 0.0046875
5 0.840234375 0.415625 0.00703125 0.00625
5 0.81796875 0.41875 0.00625 0.0140625
5 0.8828125 0.3765625 0.0046875 0.0046875
5 0.824609375 0.377734375 0.01328125 0.00703125
5 0.875 0.378125 0.0046875 0.01875
5 0.837890625 0.3359375 0.00703125 0.003125
5 0.82265625 0.334375 0.003125 0.0015625
5 0.813671875 0.334765625 0.00234375 0.00546875
5 0.875 0.3390625 0.0046875 0.034375
5 0.880859375 0.3203125 0.00234375 0.003125
5 0.892578125 0.288671875 0.00078125 0.00078125
5 0.8953125 0.259375 0.0046875 0.003125
5 0.17734375 0.297265625 0.0828125 0.08359375
5 0.9125 0.25546875 0.0046875 0.0140625
5 0.901171875 0.241796875 0.01484375 0.00859375
5 0.485546875 0.196875 0.00078125 0.0015625
5 0.484765625 0.191796875 0.00234375 0.00234375
5 0.9078125 0.1703125 0.0046875 0.0046875
5 0.7203125 0.155859375 0.0015625 0.00546875
5 0.71875 0.149609375 0.0015625 0.00390625
5 0.715234375 0.14296875 0.00390625 0.003125
5 0.563671875 0.500390625 0.69921875 0.98203125