5 0.6541095890410958 0.6561643835616439 0.012328767123287671 0.005479452054794521
5 0.17123287671232876 0.6349315068493151 0.0027397260273972603 0.0013698630136986301
5 0.16712328767123288 0.6335616438356164 0.0027397260273972603 0.0013698630136986301
5 0.16301369863013698 0.6321917808219178 0.0027397260273972603 0.0013698630136986301
5 0.5301369863013699 0.678082191780822 0.2328767123287671 0.10684931506849316
5 0.12465753424657534 0.6205479452054794 0.0684931506849315 0.021917808219178082
5 0.06438356164383562 0.602054794520548 0.021917808219178082 0.009589041095890411
5 0.20753424657534247 0.586986301369863 0.0013698630136986301 0.0013698630136986301
5 0.15547945205479452 0.5876712328767123 0.00410958904109589 0.0027397260273972603
5 0.19726027397260273 0.584931506849315 0.00821917808219178 0.0027397260273972603
5 0.08767123287671233 0.5883561643835616 0.021917808219178082 0.009589041095890411
5 0.05342465753424658 0.5732876712328767 0.0027397260273972603 0.00684931506849315
5 0.16027397260273973 0.576027397260274 0.0547945205479452 0.015068493150684932
5 0.18424657534246575 0.5684931506849316 0.015068493150684932 0.005479452054794521
5 0.04657534246575343 0.5671232876712329 0.0027397260273972603 0.0027397260273972603
5 0.11917808219178082 0.565068493150685 0.024657534246575342 0.00684931506849315
5 0.7719178082191781 0.6349315068493151 0.2095890410958904 0.15753424657534246
5 0.07328767123287672 0.5554794520547945 0.015068493150684932 0.00410958904109589
5 0.15 0.5554794520547945 0.00410958904109589 0.009589041095890411
5 0.34383561643835614 0.552054794520548 0.005479452054794521 0.00821917808219178
5 0.34178082191780823 0.5404109589041096 0.0013698630136986301 0.0013698630136986301
5 0.33356164383561643 0.5376712328767124 0.00410958904109589 0.0013698630136986301
5 0.29178082191780824 0.5273972602739726 0.01643835616438356 0.005479452054794521
5 0.3972602739726027 0.49794520547945204 0.0027397260273972603 0.0013698630136986301
5 0.27945205479452057 0.49931506849315066 0.0027397260273972603 0.00410958904109589
5 0.3 0.48013698630136986 0.019178082191780823 0.00684931506849315
5 0.6061643835616438 0.5123287671232877 0.17397260273972603 0.1178082191780822
5 0.1910958904109589 0.4486301369863014 0.0013698630136986301 0.0013698630136986301
5 0.236986301369863 0.43767123287671234 0.00821917808219178 0.00410958904109589
5 0.1636986301369863 0.43767123287671234 0.00410958904109589 0.009589041095890411
5 0.7520547945205479 0.4671232876712329 0.10410958904109589 0.07397260273972603
5 0.8794520547945206 0.4438356164383562 0.10136986301369863 0.07123287671232877
5 0.23082191780821917 0.41027397260273973 0.00410958904109589 0.00684931506849315
5 0.7787671232876713 0.4041095890410959 0.0863013698630137 0.0136986301369863
5 0.7547945205479452 0.3952054794520548 0.0027397260273972603 0.0013698630136986301
5 0.4321917808219178 0.3773972602739726 0.00410958904109589 0.009589041095890411
5 0.7760273972602739 0.3595890410958904 0.09178082191780822 0.06164383561643835
5 0.3664383561643836 0.2863013698630137 0.0013698630136986301 0.005479452054794521
5 0.791095890410959 0.29726027397260274 0.08904109589041095 0.06027397260273973
5 0.45821917808219176 0.2582191780821918 0.0013698630136986301 0.00410958904109589
5 0.8821917808219178 0.2691780821917808 0.08767123287671233 0.0589041095890411