5 0.5712328767123288 0.7465753424657534 0.005479452054794521 0.0027397260273972603
5 0.6945205479452055 0.7493150684931507 0.010958904109589041 0.010958904109589041
5 0.3726027397260274 0.736986301369863 0.18082191780821918 0.12602739726027398
5 0.6958904109589041 0.6732876712328767 0.005479452054794521 0.00410958904109589
5 0.6965753424657535 0.665068493150685 0.00410958904109589 0.00410958904109589
5 0.6787671232876712 0.6705479452054794 0.009589041095890411 0.01780821917808219
5 0.6541095890410958 0.6705479452054794 0.015068493150684932 0.01780821917808219
5 0.6547945205479452 0.6575342465753424 0.010958904109589041 0.005479452054794521
5 0.697945205479452 0.6541095890410958 0.00410958904109589 0.00410958904109589
5 0.6808219178082192 0.6554794520547945 0.00821917808219178 0.009589041095890411
5 0.6541095890410958 0.6513698630136986 0.012328767123287671 0.00410958904109589
5 0.6965753424657535 0.6486301369863013 0.00410958904109589 0.00410958904109589
5 0.6801369863013699 0.6472602739726028 0.00684931506849315 0.00410958904109589
5 0.697945205479452 0.6417808219178082 0.00410958904109589 0.00410958904109589
5 0.697945205479452 0.636986301369863 0.0013698630136986301 0.0027397260273972603
5 0.6541095890410958 0.6410958904109589 0.015068493150684932 0.0136986301369863
5 0.6801369863013699 0.6376712328767123 0.009589041095890411 0.009589041095890411
5 0.6273972602739726 0.6547945205479452 0.01643835616438356 0.052054794520547946
5 0.6794520547945205 0.6294520547945206 0.00821917808219178 0.00410958904109589
5 0.6328767123287671 0.6232876712328768 0.0027397260273972603 0.0027397260273972603
5 0.6328767123287671 0.6178082191780822 0.0027397260273972603 0.0027397260273972603
5 0.6794520547945205 0.6191780821917808 0.010958904109589041 0.0136986301369863
5 0.6328767123287671 0.613013698630137 0.0027397260273972603 0.0013698630136986301
5 0.6328767123287671 0.6082191780821918 0.0027397260273972603 0.0027397260273972603
5 0.6808219178082192 0.6082191780821918 0.00821917808219178 0.005479452054794521
5 0.6328767123287671 0.6027397260273972 0.0027397260273972603 0.0027397260273972603
5 0.6328767123287671 0.5972602739726027 0.0027397260273972603 0.0027397260273972603
5 0.6328767123287671 0.5924657534246576 0.0027397260273972603 0.00410958904109589
5 0.6328767123287671 0.5876712328767123 0.0027397260273972603 0.0027397260273972603
5 0.6328767123287671 0.5821917808219178 0.0027397260273972603 0.0027397260273972603
5 0.6328767123287671 0.5767123287671233 0.0027397260273972603 0.0027397260273972603
5 0.6328767123287671 0.5726027397260274 0.0027397260273972603 0.0027397260273972603
5 0.5917808219178082 0.6212328767123287 0.019178082191780823 0.10547945205479452
5 0.6328767123287671 0.5671232876712329 0.0027397260273972603 0.0027397260273972603
5 0.6972602739726027 0.5671232876712329 0.005479452054794521 0.005479452054794521
5 0.6328767123287671 0.5616438356164384 0.0027397260273972603 0.0027397260273972603
5 0.6993150684931507 0.5589041095890411 0.00410958904109589 0.0027397260273972603
5 0.6328767123287671 0.5561643835616439 0.0027397260273972603 0.0027397260273972603
5 0.6328767123287671 0.5513698630136986 0.0027397260273972603 0.00410958904109589
5 0.6993150684931507 0.5513698630136986 0.00410958904109589 0.009589041095890411
5 0.6328767123287671 0.5465753424657535 0.0027397260273972603 0.0027397260273972603
5 0.6993150684931507 0.5431506849315069 0.00410958904109589 0.00410958904109589
5 0.6328767123287671 0.541095890410959 0.0027397260273972603 0.0027397260273972603
5 0.6328767123287671 0.5363013698630137 0.0027397260273972603 0.00410958904109589
5 0.6993150684931507 0.5356164383561643 0.00410958904109589 0.00821917808219178
5 0.6328767123287671 0.5308219178082192 0.0027397260273972603 0.00410958904109589
5 0.6328767123287671 0.5260273972602739 0.0027397260273972603 0.0027397260273972603
5 0.6328767123287671 0.5205479452054794 0.0027397260273972603 0.0027397260273972603
5 0.6328767123287671 0.5150684931506849 0.0027397260273972603 0.0027397260273972603
5 0.6328767123287671 0.5102739726027398 0.0027397260273972603 0.00410958904109589
5 0.6328767123287671 0.5047945205479452 0.0027397260273972603 0.00410958904109589
5 0.6328767123287671 0.5 0.0027397260273972603 0.0027397260273972603
5 0.6328767123287671 0.4952054794520548 0.0027397260273972603 0.00410958904109589
5 0.6328767123287671 0.4897260273972603 0.0027397260273972603 0.00410958904109589
5 0.6328767123287671 0.48424657534246573 0.0027397260273972603 0.00410958904109589
5 0.6328767123287671 0.4794520547945205 0.0027397260273972603 0.0027397260273972603
5 0.6328767123287671 0.473972602739726 0.0027397260273972603 0.0027397260273972603
5 0.6328767123287671 0.4691780821917808 0.0027397260273972603 0.00410958904109589
5 0.6335616438356164 0.4636986301369863 0.00410958904109589 0.00410958904109589
5 0.6335616438356164 0.4589041095890411 0.00410958904109589 0.0027397260273972603
5 0.6328767123287671 0.4534246575342466 0.0027397260273972603 0.0027397260273972603
5 0.6328767123287671 0.44794520547945205 0.0027397260273972603 0.0027397260273972603
5 0.6335616438356164 0.44315068493150683 0.00410958904109589 0.00410958904109589
5 0.6328767123287671 0.43767123287671234 0.0027397260273972603 0.00410958904109589
5 0.6328767123287671 0.4328767123287671 0.0027397260273972603 0.0027397260273972603
5 0.6335616438356164 0.4280821917808219 0.00410958904109589 0.00410958904109589
5 0.5917808219178082 0.48904109589041095 0.019178082191780823 0.14794520547945206
5 0.6335616438356164 0.4178082191780822 0.00410958904109589 0.0136986301369863
5 0.5678082191780822 0.4458904109589041 0.023287671232876714 0.2808219178082192
5 0.6986301369863014 0.34726027397260273 0.0273972602739726 0.0863013698630137
5 0.6321917808219178 0.3445205479452055 0.0589041095890411 0.09452054794520548
5 0.5691780821917808 0.27534246575342464 0.01780821917808219 0.038356164383561646
5 0.6308219178082192 0.2726027397260274 0.08904109589041095 0.043835616438356165
5 0.5678082191780822 0.23767123287671232 0.0013698630136986301 0.0013698630136986301
5 0.6301369863013698 0.23904109589041095 0.0958904109589041 0.01780821917808219
5 0.7068493150684931 0.25616438356164384 0.019178082191780823 0.09315068493150686
5 0.5753424657534246 0.2219178082191781 0.0273972602739726 0.0273972602739726
5 0.6294520547945206 0.2184931506849315 0.06438356164383562 0.026027397260273973