5 0.6541095890410958 0.6554794520547945 0.012328767123287671 0.00410958904109589
5 0.18082191780821918 0.6376712328767123 0.0027397260273972603 0.0013698630136986301
5 0.16917808219178082 0.6342465753424658 0.00684931506849315 0.0027397260273972603
5 0.7383561643835617 0.6328767123287671 0.010958904109589041 0.0027397260273972603
5 0.16232876712328767 0.6321917808219178 0.00410958904109589 0.0013698630136986301
5 0.5301369863013699 0.678082191780822 0.2328767123287671 0.10684931506849316
5 0.12465753424657534 0.6205479452054794 0.0684931506849315 0.021917808219178082
5 0.06438356164383562 0.602054794520548 0.021917808219178082 0.009589041095890411
5 0.15547945205479452 0.5876712328767123 0.00410958904109589 0.0027397260273972603
5 0.19726027397260273 0.584931506849315 0.00821917808219178 0.0027397260273972603
5 0.08767123287671233 0.5883561643835616 0.021917808219178082 0.009589041095890411
5 0.05273972602739726 0.5732876712328767 0.00410958904109589 0.00684931506849315
5 0.15684931506849314 0.5753424657534246 0.06164383561643835 0.01643835616438356
5 0.04589041095890411 0.5678082191780822 0.0013698630136986301 0.0013698630136986301
5 0.18287671232876712 0.5684931506849316 0.015068493150684932 0.005479452054794521
5 0.11575342465753424 0.5643835616438356 0.01780821917808219 0.005479452054794521
5 0.7726027397260274 0.6349315068493151 0.20821917808219179 0.15753424657534246
5 0.15 0.5568493150684931 0.00410958904109589 0.00684931506849315
5 0.07328767123287672 0.5554794520547945 0.015068493150684932 0.00410958904109589
5 0.34383561643835614 0.5513698630136986 0.005479452054794521 0.009589041095890411
5 0.34178082191780823 0.5404109589041096 0.0013698630136986301 0.0013698630136986301
5 0.33356164383561643 0.5376712328767124 0.0013698630136986301 0.0013698630136986301
5 0.29178082191780824 0.5273972602739726 0.01643835616438356 0.005479452054794521
5 0.39794520547945206 0.49794520547945204 0.0013698630136986301 0.0013698630136986301
5 0.27945205479452057 0.49931506849315066 0.0027397260273972603 0.00410958904109589
5 0.3 0.48013698630136986 0.019178082191780823 0.00684931506849315
5 0.6061643835616438 0.5123287671232877 0.17397260273972603 0.1178082191780822
5 0.1910958904109589 0.4486301369863014 0.0013698630136986301 0.0013698630136986301
5 0.2363013698630137 0.43767123287671234 0.00684931506849315 0.00410958904109589
5 0.1636986301369863 0.436986301369863 0.00410958904109589 0.00821917808219178
5 0.7520547945205479 0.4671232876712329 0.10410958904109589 0.07397260273972603
5 0.8794520547945206 0.4438356164383562 0.10136986301369863 0.07123287671232877
5 0.23082191780821917 0.410958904109589 0.00410958904109589 0.005479452054794521
5 0.7787671232876713 0.4041095890410959 0.0863013698630137 0.0136986301369863
5 0.7547945205479452 0.3958904109589041 0.0027397260273972603 0.0027397260273972603
5 0.32123287671232875 0.386986301369863 0.0013698630136986301 0.0013698630136986301
5 0.4321917808219178 0.3780821917808219 0.00410958904109589 0.00821917808219178
5 0.7760273972602739 0.3595890410958904 0.09178082191780822 0.06164383561643835
5 0.3664383561643836 0.2863013698630137 0.0013698630136986301 0.005479452054794521
5 0.791095890410959 0.29726027397260274 0.08904109589041095 0.06027397260273973
5 0.45821917808219176 0.2582191780821918 0.0013698630136986301 0.00410958904109589
5 0.8821917808219178 0.2691780821917808 0.08767123287671233 0.0589041095890411