5 0.5745454545454546 0.6790909090909091 0.007272727272727273 0.012727272727272728
5 0.5963636363636363 0.6736363636363636 0.01090909090909091 0.012727272727272728
5 0.6181818181818182 0.6681818181818182 0.01090909090909091 0.012727272727272728
5 0.7554545454545455 0.6609090909090909 0.0018181818181818182 0.0018181818181818182
5 0.64 0.6636363636363637 0.01090909090909091 0.01090909090909091
5 0.6609090909090909 0.6572727272727272 0.00909090909090909 0.00909090909090909
5 0.5936363636363636 0.6554545454545454 0.005454545454545455 0.005454545454545455
5 0.6827272727272727 0.6509090909090909 0.00909090909090909 0.007272727272727273
5 0.7036363636363636 0.6481818181818182 0.007272727272727273 0.005454545454545455
5 0.6163636363636363 0.65 0.014545454545454545 0.00909090909090909
5 0.6418181818181818 0.6427272727272727 0.01090909090909091 0.005454545454545455
5 0.30272727272727273 0.6409090909090909 0.00909090909090909 0.012727272727272728
5 0.5027272727272727 0.6863636363636364 0.0890909090909091 0.10727272727272727
5 0.3245454545454545 0.6336363636363637 0.00909090909090909 0.00909090909090909
5 0.42727272727272725 0.6272727272727273 0.0036363636363636364 0.0036363636363636364
5 0.3463636363636364 0.6245454545454545 0.00909090909090909 0.00909090909090909
5 0.4254545454545455 0.62 0.0036363636363636364 0.0036363636363636364
5 0.3109090909090909 0.6227272727272727 0.02909090909090909 0.016363636363636365
5 0.36727272727272725 0.6172727272727273 0.007272727272727273 0.00909090909090909
5 0.29545454545454547 0.6118181818181818 0.012727272727272728 0.00909090909090909
5 0.3427272727272727 0.61 0.016363636363636365 0.00909090909090909
5 0.30636363636363634 0.6072727272727273 0.0018181818181818182 0.0036363636363636364
5 0.3890909090909091 0.6081818181818182 0.007272727272727273 0.00909090909090909
5 0.41 0.600909090909091 0.00909090909090909 0.00909090909090909
5 0.3718181818181818 0.5981818181818181 0.02 0.01090909090909091
5 0.4318181818181818 0.5945454545454546 0.00909090909090909 0.007272727272727273
5 0.23 0.639090909090909 0.0890909090909091 0.10363636363636364
5 0.3990909090909091 0.5881818181818181 0.012727272727272728 0.00909090909090909
5 0.4109090909090909 0.5836363636363636 0.007272727272727273 0.0036363636363636364
5 0.3709090909090909 0.5818181818181818 0.01090909090909091 0.007272727272727273
5 0.4218181818181818 0.5790909090909091 0.01090909090909091 0.005454545454545455
5 0.3481818181818182 0.4081818181818182 0.10727272727272727 0.04181818181818182
5 0.8054545454545454 0.43363636363636365 0.11272727272727273 0.11090909090909092
5 0.5118181818181818 0.3509090909090909 0.1290909090909091 0.11272727272727273
5 0.34 0.33545454545454545 0.14909090909090908 0.1290909090909091