5 0.4007743362831858 0.7855079441502166 0.0015486725663716814 0.00048146364949446316
5 0.39214601769911506 0.7843042850264805 0.000663716814159292 0.0009629272989889263
5 0.38915929203539823 0.783822821376986 0.0004424778761061947 0.0009629272989889263
5 0.3745575221238938 0.780693307655272 0.0004424778761061947 0.00048146364949446316
5 0.37256637168141593 0.7804525758305247 0.0004424778761061947 0.0009629272989889263
5 0.3674778761061947 0.7792489167067886 0.0008849557522123894 0.00048146364949446316
5 0.36128318584070795 0.7778045257583053 0.0004424778761061947 0.00048146364949446316
5 0.3567477876106195 0.7768415984593163 0.000663716814159292 0.00048146364949446316
5 0.3548672566371681 0.7763601348098219 0.0008849557522123894 0.00048146364949446316
5 0.33550884955752214 0.7715454983148772 0.000663716814159292 0.00048146364949446316
5 0.3236725663716814 0.7679345209436688 0.0004424778761061947 0.0009629272989889263
5 0.3220132743362832 0.7676937891189215 0.00022123893805309734 0.00048146364949446316
5 0.2956858407079646 0.7590274434280212 0.00022123893805309734 0.00048146364949446316
5 0.2900442477876106 0.7571015888300433 0.0004424778761061947 0.00048146364949446316
5 0.2863938053097345 0.7556571978815599 0.00022123893805309734 0.00048146364949446316
5 0.24325221238938052 0.7378430428502648 0.000663716814159292 0.00048146364949446316
5 0.2379424778761062 0.7354357246027925 0.00022123893805309734 0.00048146364949446316
5 0.23628318584070795 0.7347135291285508 0.0004424778761061947 0.0009629272989889263
5 0.23517699115044247 0.7325469427058258 0.0004424778761061947 0.00048146364949446316
5 0.23185840707964603 0.7325469427058258 0.0004424778761061947 0.00048146364949446316
5 0.2297566371681416 0.7315840154068368 0.00022123893805309734 0.00048146364949446316
5 0.2261061946902655 0.7294174289841117 0.0004424778761061947 0.0009629272989889263
5 0.22378318584070797 0.72869523350987 0.000663716814159292 0.00048146364949446316
5 0.22201327433628318 0.727732306210881 0.000663716814159292 0.00048146364949446316
5 0.5828539823008849 0.7438613384689456 0.0657079646017699 0.03466538276360135
5 0.21393805309734512 0.7236398651901781 0.0008849557522123894 0.0009629272989889263
5 0.19922566371681416 0.7159364467982667 0.00022123893805309734 0.0009629272989889263
5 0.19690265486725664 0.7144920558497834 0.0008849557522123894 0.0009629272989889263
5 0.1872787610619469 0.7089552238805971 0.00022123893805309734 0.00048146364949446316
5 0.6766592920353982 0.7315840154068368 0.1165929203539823 0.04766490129995185
5 0.18219026548672565 0.7055849783341358 0.00022123893805309734 0.00048146364949446316
5 0.17986725663716815 0.7036591237361579 0.0004424778761061947 0.00048146364949446316
5 0.17798672566371682 0.702696196437169 0.0015486725663716814 0.0014443909484833895
5 0.17599557522123893 0.70173326913818 0.00022123893805309734 0.00048146364949446316
5 0.17533185840707965 0.7012518054886856 0.000663716814159292 0.00048146364949446316
5 0.17300884955752213 0.7000481463649495 0.001327433628318584 0.0009629272989889263
5 0.16991150442477876 0.6978815599422243 0.001327433628318584 0.0014443909484833895
5 0.1674778761061947 0.695474241694752 0.0008849557522123894 0.0014443909484833895
5 0.16581858407079647 0.6949927780452576 0.00022123893805309734 0.00048146364949446316
5 0.1638274336283186 0.6937891189215214 0.0011061946902654867 0.0009629272989889263
5 0.7797566371681416 0.6882522869523351 0.0015486725663716814 0.00048146364949446316
5 0.8117256637168142 0.6899374097255657 0.020353982300884955 0.0077034183919114105
5 0.8106194690265487 0.6858449687048628 0.003097345132743363 0.002407318247472316
5 0.7949115044247788 0.6853635050553684 0.001327433628318584 0.003370245546461242
5 0.7890486725663717 0.6863264323543572 0.0028761061946902654 0.007221954742416947
5 0.8133849557522124 0.6774193548387096 0.0024336283185840708 0.0038517091959557053
5 0.7814159292035399 0.6738083774675012 0.0022123893805309734 0.003370245546461242
5 0.1088495575221239 0.6104959075589793 0.0017699115044247787 0.002888781896966779
5 0.7115044247787611 0.5637939335580163 0.003097345132743363 0.0019258545979778526
5 0.7112831858407079 0.5606644198363023 0.001327433628318584 0.002407318247472316
5 0.7143805309734513 0.5604236880115552 0.0017699115044247787 0.0038517091959557053
5 0.7127212389380531 0.5532017332691381 0.0011061946902654867 0.002888781896966779
5 0.7139380530973451 0.548868560423688 0.0004424778761061947 0.0009629272989889263
5 0.7079646017699115 0.5486278285989408 0.0008849557522123894 0.002407318247472316
5 0.7085176991150443 0.545739046701974 0.00022123893805309734 0.00048146364949446316
5 0.9644911504424779 0.5346653827636013 0.00022123893805309734 0.00048146364949446316
5 0.9763274336283185 0.5226287915262398 0.0004424778761061947 0.004333172845450169
5 0.9178097345132743 0.5180548868560424 0.0024336283185840708 0.0038517091959557053
5 0.9142699115044248 0.5091478093403948 0.00331858407079646 0.002407318247472316
5 0.42920353982300885 0.5069812229176697 0.0017699115044247787 0.0009629272989889263
5 0.42566371681415927 0.5057775637939336 0.0008849557522123894 0.00048146364949446316
5 0.37776548672566373 0.5057775637939336 0.0011061946902654867 0.00048146364949446316
5 0.4225663716814159 0.5057775637939336 0.0022123893805309734 0.0014443909484833895
5 0.9371681415929204 0.5057775637939336 0.001327433628318584 0.002407318247472316
5 0.9584070796460177 0.5043331728454502 0.0008849557522123894 0.00048146364949446316
5 0.9002212389380531 0.5055368319691863 0.0017699115044247787 0.004814636494944632
5 0.8948008849557522 0.5060182956186808 0.0028761061946902654 0.0077034183919114105
5 0.9151548672566372 0.5060182956186808 0.021460176991150444 0.008666345690900338
5 0.8844026548672567 0.5026480500722196 0.0042035398230088495 0.0019258545979778526
5 0.45696902654867255 0.5014443909484834 0.0042035398230088495 0.0014443909484833895
5 0.452212389380531 0.5014443909484834 0.0017699115044247787 0.0014443909484833895
5 0.4495575221238938 0.5012036591237362 0.0022123893805309734 0.0019258545979778526
5 0.7258849557522123 0.502166586422725 0.005752212389380531 0.01059220028887819
5 0.8881637168141593 0.49350024073182475 0.0024336283185840708 0.004814636494944632
5 0.9698008849557522 0.5069812229176697 0.02588495575221239 0.065479056331247
5 0.7232300884955752 0.4845931632161772 0.007079646017699115 0.02455464612421762
5 0.7313053097345132 0.4838709677419355 0.010398230088495575 0.03755416466056813
5 0.6983407079646018 0.4662975445353876 0.000663716814159292 0.005296100144439095
5 0.7210176991150442 0.5105922002888782 0.04292035398230089 0.0967741935483871
5 0.7196902654867257 0.4672604718343765 0.007964601769911504 0.011073663938372653
5 0.6996681415929203 0.4619643716899374 0.0015486725663716814 0.002407318247472316
5 0.7174778761061947 0.45642753972075106 0.005309734513274336 0.014443909484833895
5 0.7261061946902655 0.4545016851227732 0.005752212389380531 0.0182956186807896
5 0.7230088495575221 0.43716899374097257 0.00663716814159292 0.008666345690900338
5 0.7821902654867257 0.3329321136254213 0.001991150442477876 0.002407318247472316
5 0.22820796460176992 0.5115551275878671 0.43827433628318585 0.3635050553683197
5 0.14015486725663717 0.32956186807896004 0.00022123893805309734 0.00048146364949446316
5 0.8141592920353983 0.330524795377949 0.002654867256637168 0.004333172845450169
5 0.14148230088495575 0.3285989407799711 0.000663716814159292 0.0014443909484833895
5 0.14446902654867258 0.32643235435724605 0.0017699115044247787 0.0019258545979778526
5 0.14668141592920353 0.3247472315840154 0.0004424778761061947 0.00048146364949446316
5 0.14789823008849556 0.32378430428502647 0.00022123893805309734 0.00048146364949446316
5 0.7959070796460177 0.3216177178623014 0.0011061946902654867 0.0038517091959557053
5 0.7962389380530973 0.31656234954260953 0.0035398230088495575 0.0014443909484833895
5 0.7838495575221239 0.3199325950890708 0.02079646017699115 0.008184882041405874
5 0.8109513274336283 0.317043813192104 0.024115044247787612 0.008184882041405874
5 0.18871681415929203 0.2956186807896004 0.0008849557522123894 0.0009629272989889263
5 0.1948008849557522 0.29248916706788636 0.00022123893805309734 0.00048146364949446316
5 0.19668141592920355 0.2912855079441502 0.0004424778761061947 0.0009629272989889263
5 0.2032079646017699 0.28719306692344726 0.00022123893805309734 0.00048146364949446316
5 0.31128318584070797 0.36181993259508904 0.10442477876106195 0.19017814155031296
5 0.9973451327433628 0.22821376986037553 0.0004424778761061947 0.0009629272989889263
5 0.9997787610619469 0.1249398170438132 0.0004424778761061947 0.0014443909484833895
5 0.9783185840707964 0.04260953298025999 0.0004424778761061947 0.00048146364949446316